3 0.077675 4
2 0.956859 2.5e-05
3 0.911771 21
4 0.851984 0.852068
2 0.951491 0.000223
2 0.061519 0.000401
0 0.665172 uzlgw
1 0.630923
2 0.816776 0.000673
2 0.017944 0.000348
3 0.771103 9
3 0.226403 31
1 0.909638
2 0.453485 0.000907
4 0.22006 0.22007
0 0.450461 yjcmd
4 0.259514 0.259597
0 0.708868 hlxmv
0 0.26741 lxowc
4 0.166517 0.166558
1 0.258028
1 0.884021
3 0.015215 48
1 0.874433
4 0.453713 0.453807
3 0.018412 9
3 0.430436 16
2 0.580008 0.000676
0 0.485211 iikpy
0 0.884358 yynlg
0 0.718185 sjmsp
3 0.407231 34
2 0.253521 0.00087
0 0.04377 cuncv
1 0.639804
3 0.561992 12
3 0.639858 19
4 0.128783 0.128824
1 0.846968
0 0.463732 wtstp
3 0.703279 5
3 0.125054 27
4 0.387858 0.387875
1 0.985505
3 0.475833 0
1 0.804045
3 0.913526 16
2 0.042309 0.000759
4 0.889278 0.889287
3 0.457201 10
2 0.061689 0.000601
2 0.104525 8e-06
2 0.128112 0.000218
4 0.96414 0.964215
2 0.439973 0.000225
0 0.76037 gkqhe
2 0.015872 0.000606
1 0.32621
2 0.071067 0.000599
0 0.731314 xrynp
0 0.975111 ybbds
2 0.497963 0.000516
2 0.038693 0.000535
1 0.724311
4 0.117283 0.117366
2 0.046092 0.000746
2 0.117159 0.000697
4 0.848473 0.848492
2 0.495191 0.000818
1 0.872594
4 0.148005 0.148098
0 0.228742 bqnzl
1 0.865573
2 0.006062 0.000789
2 0.262598 0.000612
4 0.665555 0.665648
0 0.452208 swqla
1 0.828311
0 0.737491 hxzuw
1 0.021714
0 0.715976 bysvt
0 0.206568 kgyej
4 0.738579 0.738626
3 0.117961 48
4 0.462625 0.46263
3 0.711821 7
3 0.761126 17
4 0.782841 0.782868
2 0.611404 0.000802
0 0.847748 wmlqb
0 0.397363 geczg
0 0.598716 fehum
3 0.791505 28
0 0.037431 kzmjx
3 0.980526 9
1 0.551195
1 0.465643
0 0.450271 fmzzg
0 0.3483 kyrfs
1 0.343236
4 0.018251 0.018339
0 0.926733 dvbcg
1 0.911539
2 0.939678 0.00081
1 0.580739
0 0.806068 jpeev
4 0.848085 0.84814
2 0.191321 0.00029
1 0.604693
4 0.406901 0.406951
2 0.776973 0.000866
3 0.635604 43
1 0.547144
1 0.439129
4 0.606604 0.606625
0 0.412673 xlnou
2 0.370324 0.000482
0 0.561646 eopnq
1 0.335108
2 0.441308 0.000402
3 0.837803 5
2 0.871571 0.000335
4 0.478176 0.478232
1 0.407201
3 0.011844 44
2 0.912422 0.000805
4 0.014649 0.014679
2 0.69734 0.000356
3 0.913782 14
2 0.871442 0.000218
0 0.709245 vxhni
0 0.472667 eptkl
4 0.402192 0.402266
0 0.344997 hvbdi
0 0.959612 wnksv
2 0.291601 9.4e-05
2 0.38877 0.000557
1 0.964115
4 0.134881 0.134894
1 0.339102
0 0.334117 kxjck
2 0.466571 0.000112
1 0.632558
1 0.928983
0 0.658653 brnve
4 0.675357 0.675442
2 0.155824 0.000261
0 0.618837 hwvvb
2 0.597969 0.000656
4 0.051611 0.05169
3 0.817378 16
3 0.560255 4
1 0.823634
4 0.525309 0.525319
3 0.966346 42
3 0.592607 7
2 0.953552 0.000826
2 0.164967 0.000191
4 0.762936 0.762983
1 0.3309
2 0.750774 0.000933
2 0.652376 0.000301
0 0.728983 idjxx
4 0.857657 0.857663
1 0.234485
3 0.07108 4
3 0.270258 17
0 0.007449 hjtvk
1 0.883834
1 0.676993
2 0.089859 0.00041
1 0.697219
4 0.850515 0.850587
4 0.090647 0.090676
2 0.27562 0.000366
3 0.95777 11
0 0.190996 mylcd
0 0.945486 xuxdo
1 0.639304
4 0.170603 0.170675
1 0.880224
4 0.163386 0.16339
4 0.105752 0.105849
2 0.827325 0.000508
4 0.911465 0.911521
2 0.183416 0.000577
4 0.588426 0.588498
0 0.87727 ntumu
3 0.127875 46
0 0.616083 lvtib
4 0.163874 0.163886
1 0.593382
1 0.173069
0 0.545385 ijirx
1 0.338533
0 0.861929 mgyzh
4 0.344751 0.344774
0 0.854779 vnxnl
4 0.406474 0.406499
2 0.579543 6.7e-05
4 0.666 0.666043
3 0.275761 26
0 0.654042 pambu
3 0.634736 33
0 0.489515 fhmis
3 0.922275 12
0 0.501819 aqjwd
0 0.791748 ttnxf
1 0.503064
4 0.998624 0.998723
2 0.626257 0.000775
2 0.997187 0.000619
0 0.512988 mbplt
4 0.101755 0.101809
3 0.396473 1
3 0.188221 8
1 0.657922
0 0.455718 dvsup
1 0.133974
2 0.520043 0.000161
4 0.155855 0.155856
3 0.906341 16
1 0.178879
3 0.480511 33
1 0.393336
4 0.07772 0.07775
2 0.126305 0.0001
3 0.336981 14
0 0.081808 lspuk
0 0.339861 srcau
3 0.392298 40
2 0.430891 0.000426
3 0.777665 36
0 0.618047 qyanl
2 0.176737 0.000447
0 0.567001 eztxm
2 0.363313 0.000445
4 0.774891 0.774969
2 0.666981 0.000897
0 0.46876 wteun
2 0.150511 0.00091
4 0.213149 0.213171
1 0.873948
2 0.688154 0.000806
3 0.292933 3
1 0.612343
1 0.134118
2 0.44491 0.000348
2 0.111891 0.000246
2 0.580651 9.9e-05
0 0.952211 zzsxh
4 0.038638 0.038703
4 0.726793 0.726817
4 0.536078 0.536155
2 0.148421 0.000796
0 0.906921 afhsq
0 0.748953 cjjgv
1 0.558445
2 0.621312 0.000114
4 0.176302 0.176381
3 0.903095 5
2 0.955526 0.000285
0 0.620299 grkob
0 0.446792 kdrcg
2 0.813711 0.000551
4 0.888508 0.888593
3 0.780622 24
0 0.880353 rblth
1 0.009734
0 0.996579 czyjq
4 0.677795 0.677849
2 0.537229 0.000205
1 0.867292
3 0.023495 0
3 0.30784 22
0 0.062258 qwukd
2 0.423772 6.5e-05
1 0.923265
2 0.108556 0.000854
4 0.302703 0.302763
3 0.839932 15
4 0.223576 0.223649
2 0.979376 0.000519
2 0.03215 0.000889
0 0.965278 vlczq
1 0.013191
0 0.638466 joozy
0 0.730376 upwse
2 0.399395 4.6e-05
3 0.265266 19
1 0.915155
1 0.803394
0 0.387675 itkya
2 0.79088 0.000514
0 0.056186 rjknx
3 0.266223 49
2 0.57646 9.6e-05
4 0.382426 0.382488
0 0.220542 aiknt
3 0.615211 41
0 0.061761 fywrb
3 0.484225 18
3 0.266801 17
0 0.843261 rzhrd
1 0.032594
4 0.502869 0.502968
2 0.359818 0.000162
0 0.36918 diumh
2 0.600613 0.000254
2 0.60119 0.000173
0 0.867991 qwlwq
4 0.848881 0.848922
3 0.881476 40
2 0.356427 0.00071
2 0.962941 0.000822
2 0.887064 0.00067
1 0.183014
1 0.424773
2 0.37224 0.000357
3 0.088413 49
1 0.961206
4 0.996766 0.996828
0 0.966411 clflt
3 0.920202 24
3 0.883143 48
0 0.018071 xboxq
2 0.154371 0.000113
1 0.923533
4 0.935855 0.935954
3 0.175137 12
3 0.009161 3
4 0.247727 0.247819
1 0.896003
2 0.82375 0.000101
2 0.110309 0.00087
1 0.579883
2 0.969941 8.5e-05
0 0.808903 dxouc
4 0.347641 0.347683
1 0.267055
2 0.316374 0.000459
1 0.564101
3 0.532133 4
0 0.872235 fcgyk
3 0.555758 46
3 0.295435 1
1 0.563873
2 0.843015 0.000334
1 0.707008
1 0.816205
3 0.018466 27
1 0.426877
2 0.673137 0.000182
2 0.214695 4.9e-05
1 0.987476
2 0.614169 0.000586
3 0.526034 21
4 0.941708 0.941754
1 0.784723
0 0.40511 ugzwp
4 0.074021 0.074108
2 0.500898 0.000149
2 0.739433 0.000698
4 0.173482 0.173522
2 0.525734 0.000961
3 0.282482 48
1 0.285333
1 0.873849
1 0.764131
4 0.586561 0.586575
4 0.324228 0.32424
0 0.194475 jqihd
1 0.585065
4 0.521636 0.521735
4 0.02928 0.029313
3 0.631016 12
0 0.270501 nvinw
3 0.594935 45
2 0.949835 0.00022
1 0.335274
0 0.81698 wfjad
1 0.115934
0 0.510281 moqit
0 0.447273 kizvk
2 0.808333 0.000118
0 0.758168 ufgmw
3 0.540164 47
3 0.61065 43
4 0.194065 0.194141
4 0.890343 0.890367
3 0.105384 26
4 0.713036 0.713067
3 0.926434 4
1 0.251119
4 0.891068 0.891155
4 0.810486 0.810568
2 0.063236 9.2e-05
1 0.234383
0 0.455296 xyume
4 0.52343 0.523473
3 0.911953 39
2 0.349968 0.000445
0 0.601088 syhib
1 0.495166
2 0.439253 0.000164
2 0.03221 0.000812
2 0.156967 0.000878
3 0.731906 38
0 0.417449 ffxfr
4 0.533584 0.533584
4 0.651024 0.651044
0 0.777751 wmvxi
3 0.98049 35
1 0.808302
3 0.701048 33
1 0.949306
3 0.552132 6
1 0.170097
2 0.409574 0.000852
3 0.943158 3
0 0.110534 ctjfj
2 0.599607 0.000476
1 0.580097
2 0.500502 0.000751
0 0.717902 phihw
1 0.061813
0 0.716429 gzyuz
4 0.749408 0.749431
2 0.408039 0.000926
1 0.763515
4 0.272348 0.272375
3 0.693452 44
2 0.949088 0.000938
2 0.121546 0.000417
4 0.036314 0.036408
0 0.844304 dqcbs
0 0.88727 xqcbh
1 0.693678
0 0.460866 ciunr
2 0.09229 0.000918
0 0.750059 hkuxi
3 0.835125 29
3 0.091488 21
0 0.613612 twsjw
2 0.489868 0.000657
0 0.053612 gdmys
4 0.045392 0.045403
3 0.823011 17
4 0.961286 0.961333
0 0.727717 qcaqw
4 0.018146 0.018212
1 0.260071
1 0.581393
0 0.884704 gbbnt
3 0.417323 26
1 0.51294
1 0.051184
3 0.644651 1
3 0.695343 41
1 0.843296
2 0.493802 0.000727
0 0.164168 aoazq
0 0.315259 svjzp
2 0.202844 0.000824
4 0.920995 0.921003
4 0.081998 0.082059
2 0.777341 0.000204
4 0.136989 0.137061
1 0.704716
4 0.239551 0.239578
2 0.120448 0.000331
2 0.4024 0.000942
1 0.873144
1 0.628364
2 0.612655 0.000208
4 0.062478 0.062494
0 0.909221 ewpir
4 0.705983 0.706039
0 0.461886 fwysj
2 0.307961 0.000198
1 0.752274
2 0.985005 0.000282
2 0.906956 0.000924
2 0.674916 0.000292
2 0.100489 0.000663
0 0.979266 jskwb
3 0.480837 14
3 0.579523 35
2 0.08061 0.000796
0 0.971193 dclng
2 0.90698 1e-05
3 0.991273 44
2 0.640936 0.000477
1 0.437552
2 0.400951 0.000502
3 0.442514 39
3 0.313712 13
0 0.819812 gpjar
4 0.55757 0.557627
0 0.937077 firzp
2 0.951491 0.000155
2 0.746951 0.000657
0 0.189466 rogzp
2 0.959389 0.000265
2 0.56076 0.000566
1 0.634682
0 0.584723 lxecg
4 0.291434 0.291464
3 0.637435 35
2 0.384386 0.000694
0 0.090204 evpmf
4 0.740701 0.740786
1 0.301461
3 0.208654 44
3 0.793378 8
0 0.208414 sfyaf
2 0.581794 0.000789
4 0.482533 0.482616
1 0.572737
4 0.209409 0.209433
3 0.106577 4
4 0.724714 0.724801
3 0.708418 42
4 0.466748 0.46682
2 0.283043 0.000286
2 0.06226 0.000721
4 0.732888 0.73295
0 0.731773 nvaoi
2 0.727767 0.0005
3 0.954307 16
2 0.515012 0.000984
1 0.011861
3 0.455498 20
1 0.680785
2 0.472394 0.000132
0 0.948467 gdyry
1 0.079319
1 0.365605
2 0.74506 0.000372
2 0.461705 3.1e-05
4 0.676837 0.67688
0 0.115464 jmqci
4 0.94533 0.945383
3 0.352476 20
3 0.525213 0
4 0.913372 0.91345
3 0.638745 33
3 0.900157 6
0 0.361862 ipdkr
2 0.100739 0.000354
2 0.957492 0.000996
4 0.170569 0.170593
0 0.985072 iypte
4 0.197859 0.197958
2 0.098016 0.000407
2 0.97623 0.000847
1 0.531281
0 0.555857 nfxbv
3 0.067316 36
4 0.237885 0.237945
4 0.222958 0.223008
2 0.625691 0.000764
3 0.525405 23
4 0.203342 0.203433
2 0.765597 0.000221
4 0.86783 0.867885
4 0.423687 0.423743
0 0.587898 pnvbj
3 0.934241 21
4 0.673551 0.673623
1 0.299242
1 0.826481
0 0.020812 dspmb
2 0.125982 0.000473
2 0.405198 0.000512
0 0.852963 zpyya
2 0.069439 0.000891
3 0.792863 44
3 0.049699 26
3 0.070511 37
4 0.469667 0.469754
3 0.707044 19
3 0.346628 19
3 0.106568 2
1 0.011899
1 0.744654
0 0.82308 jzrde
1 0.589643
1 0.767786
4 0.782841 0.78289
3 0.725961 18
0 0.528076 nksaq
2 0.01726 0.000438
0 0.545511 kpvel
0 0.665157 smbjl
1 0.527764
1 0.538383
2 0.109524 5.1e-05
3 0.6376 14
4 0.694617 0.694673
0 0.018054 hurmo
3 0.449464 39
0 0.897663 mldvr
4 0.068878 0.068943
2 0.694755 0.000817
2 0.332355 0.000933
1 0.026972
1 0.402518
4 0.261162 0.26119
1 0.694095
1 0.109647
4 0.271192 0.271203
1 0.863597
4 0.304061 0.304159
4 0.505728 0.505761
1 0.090958
3 0.285543 13
0 0.048005 ixhob
2 0.635804 0.000104
0 0.711987 wsyif
2 0.16044 0.000435
1 0.980853
1 0.746151
1 0.600719
2 0.093891 0.000817
2 0.061823 0.000378
0 0.627507 aybzp
2 0.072267 0.000883
3 0.410254 9
1 0.307351
1 0.002203
3 0.006204 39
1 0.009137
3 0.55813 31
3 0.994429 38
0 0.478733 ebeem
4 0.614119 0.614135
1 0.202739
1 0.175036
0 0.883963 jnaou
1 0.053597
4 0.95736 0.957365
1 0.576741
0 0.12326 pljix
0 0.407987 ozoyt
4 0.748906 0.748964
4 0.632869 0.632931
3 0.058536 19
1 0.490407
1 0.041268
4 0.018805 0.018864
2 0.649292 0.000362
4 0.80344 0.803457
4 0.727779 0.727835
3 0.782589 11
0 0.040139 vfnff
3 0.897475 27
2 0.387882 0.000293
0 0.352001 yfiad
4 0.580343 0.580431
4 0.705612 0.705651
0 0.43292 amptb
0 0.861136 genbq
2 0.458471 0.000448
1 0.769986
2 0.306135 0.000953
3 0.439116 31
2 0.535811 7.1e-05
1 0.757775
1 0.589956
0 0.071866 xucas
2 0.34503 0.000318
3 0.533255 35
0 0.991726 gdrol
3 0.268208 34
1 0.665245
4 0.172073 0.172157
2 0.362769 0.000502
0 0.959899 dfwri
4 0.659591 0.659617
1 0.070903
0 0.293071 yoveg
1 0.940234
1 0.188906
2 0.795014 0.000572
1 0.60765
0 0.405727 gzcno
2 0.326816 0.000106
1 0.502759
2 0.362992 0.000662
4 0.172415 0.172511
1 0.235678
1 0.159251
4 0.779783 0.779876
3 0.134315 9
0 0.177273 dkenu
1 0.199679
2 0.483788 0.000495
3 0.202394 6
3 0.081738 21
2 0.018243 0.000184
3 0.881902 33
1 0.354095
1 0.167068
0 0.681074 nmzbi
4 0.941377 0.94144
4 0.941517 0.941527
4 0.660263 0.66028
4 0.258353 0.258391
4 0.512507 0.512514
0 0.518691 uwgyj
0 0.218547 dcleb
4 0.612449 0.612521
4 0.773412 0.773418
1 0.977223
2 0.131502 0.000992
2 0.389855 3e-05
3 0.418714 39
3 0.453757 17
0 0.062134 lgekb
0 0.343537 vhtnp
1 0.830797
0 0.383784 iuwfg
4 0.195394 0.195486
3 0.138236 30
1 0.912223
0 0.311383 qgmxw
3 0.484553 11
1 0.835323
4 0.921918 0.921968
1 0.246291
0 0.496884 haydn
4 0.17999 0.179993
0 0.796145 ztjdu
4 0.048305 0.048378
4 0.598393 0.598471
0 0.205866 mmlmx
0 0.760939 vlltk
1 0.478054
4 0.842302 0.842313
4 0.95772 0.95774
2 0.900873 0.000137
1 0.949178
2 0.603797 0.000924
0 0.32859 etqqi
2 0.320707 0.000989
3 0.057495 10
3 0.836036 7
2 0.278216 0.000309
0 0.032892 xeiup
0 0.852616 uvaek
1 0.000778
0 0.218058 oppns
2 0.247721 0.000981
2 0.042289 0.000642
2 0.075182 2.3e-05
2 0.804448 0.000277
3 0.581635 9
2 0.446268 0.000418
3 0.63949 19
0 0.483909 trfgx
3 0.355922 31
1 0.119996
2 0.590025 0.000285
4 0.701169 0.701236
2 0.785246 0.000268
1 0.258745
3 0.707816 29
3 0.726586 37
1 0.315855
2 0.742275 0.000254
4 0.960594 0.960638
3 0.088053 18
2 0.018846 0.000114
1 0.125223
0 0.91199 slzhy
3 0.195685 15
1 0.438623
4 0.366632 0.366662
3 0.108907 36
2 0.585854 0.00028
2 0.190259 0.000399
1 0.209105
0 0.748413 hgypq
0 0.805063 ejhhg
1 0.563686
4 0.089622 0.089692
1 0.933895
0 0.838608 jmaif
1 0.7837
0 0.049857 gzwab
1 0.989976
3 0.875988 5
4 0.331407 0.331479
3 0.411445 13
0 0.374468 djgwh
2 0.874385 0.000963
2 0.685377 1.6e-05
2 0.735234 0.000833
4 0.577708 0.577757
3 0.0624 10
2 0.670053 0.000767
4 0.951291 0.951356
0 0.838503 cvztp
3 0.096965 37
3 0.565542 14
1 0.123971
0 0.70803 lttpc
3 0.246027 43
0 0.91608 bztry
4 0.40356 0.403634
0 0.396343 tjwzw
0 0.606932 deibu
3 0.113841 49
3 0.653249 26
1 0.300991
1 0.412734
3 0.058377 11
2 0.280603 0.000174
3 0.678793 17
1 0.844848
1 0.035627
2 0.171028 0.000559
2 0.870202 0.000893
2 0.192307 0.000339
0 0.631639 dijzw
3 0.778219 36
0 0.058823 sckny
4 0.440608 0.440687
1 0.611636
3 0.455713 40
4 0.765987 0.766037
3 0.190102 6
0 0.783818 indfd
0 0.438603 snqdp
1 0.615939
2 0.399267 0.000547
4 0.546168 0.546204
2 0.001881 7.8e-05
3 0.28422 28
1 0.474322
2 0.872844 0.000492
0 0.197577 ahozk
1 0.086978
4 0.57219 0.57224
3 0.18813 25
0 0.244677 uvprn
4 0.297752 0.297835
2 0.166605 0.000657
4 0.039449 0.039499
4 0.078428 0.078443
2 0.581969 0.000848
1 0.001964
3 0.405896 9
0 0.764571 pcqal
4 0.659413 0.65942
3 0.127748 32
3 0.070405 41
0 0.787555 hytwd
0 0.871807 ldjzv
2 0.11894 0.000713
2 0.45049 0.000863
2 0.727605 0.000339
2 0.649365 0.000567
0 0.621697 cykvx
0 0.340754 lndpw
4 0.925798 0.925894
0 0.248939 xtqzp
3 0.723339 25
2 0.329057 0.00084
2 0.578874 0.000889
0 0.899097 cbygl
3 0.62912 9
0 0.432493 ykazf
3 0.66774 37
3 0.061616 32
4 0.794154 0.794178
3 0.889381 15
0 0.788478 pgslf
3 0.435076 32
0 0.86757 doecb
0 0.401712 sljfu
4 0.837087 0.837136
3 0.669483 30
4 0.203758 0.203818
3 0.434006 21
4 0.184627 0.184646
0 0.18491 pbfjx
1 0.387036
4 0.465853 0.465855
4 0.064823 0.0649
4 0.667229 0.667246
3 0.179559 0
0 0.679055 yamvk
2 0.642744 0.00082
3 0.827654 37
0 0.157823 qxjeq
3 0.570937 18
3 0.368367 2
4 0.002884 0.002921
4 0.91196 0.912054
4 0.08179 0.081801
3 0.717187 5
3 0.685162 9
2 0.853285 0.000684
3 0.231467 49
3 0.310695 20
3 0.323715 13
0 0.968369 lgkjs
0 0.057415 asrob
0 0.334309 sxepe
0 0.288144 cfrod
0 0.809774 vuema
2 0.048456 0.00051
3 0.105871 1
2 0.245077 0.000956
4 0.134174 0.134239
1 0.708433
3 0.60361 28
3 0.891754 43
4 0.680471 0.680523
1 0.024346
4 0.492666 0.492764
3 0.311248 13
2 0.359704 0.000473
0 0.062318 mmsnk
4 0.069612 0.0697
4 0.721942 0.721973
1 0.065987
1 0.968369
0 0.934007 oqjtw
0 0.86813 yedpz
0 0.167815 ozibl
3 0.319107 4
0 0.557401 ufffe
1 0.185028
0 0.055452 rgqjv
3 0.061711 4
4 0.690319 0.690404
0 0.545932 iaivk
0 0.493723 sqllj
2 0.664941 0.000159
0 0.907943 fvoxd
1 0.423134
3 0.752666 24
2 0.686203 8.1e-05
2 0.821953 0.000684
2 0.192874 0.00081
2 0.686597 0.000956
1 0.28551
4 0.912378 0.912431
4 0.369551 0.369567
1 0.837663
2 0.427818 7.5e-05
4 0.583926 0.583967
0 0.946705 vnxbm
1 0.704123
4 0.927289 0.927361
0 0.966957 bgkms
2 0.98208 0.0003
4 0.831853 0.831917
3 0.259671 39
2 0.843597 0.00078
2 0.790303 7.6e-05
0 0.162072 ptepb
0 0.730873 gmmuy
4 0.620676 0.62077
2 0.964976 0.00062
0 0.14694 pldmx
1 0.60935
1 0.590539
3 0.702821 15
2 0.973507 0.000666
1 0.171482
1 0.008018
1 0.951494
1 0.27462
4 0.255153 0.255202
4 0.869625 0.869666
4 0.743769 0.743842
2 0.461511 3.6e-05
0 0.002259 rzebc
2 0.815459 3.1e-05
1 0.596702
4 0.73554 0.735542
0 0.087895 jloke
0 0.44777 jlyli
3 0.63247 41
2 0.720046 0.000816
0 0.517839 wemif
2 0.884397 0.000996
4 0.538743 0.538786
4 0.984061 0.984148
4 0.185328 0.185332
0 0.322188 fgcqv
2 0.311357 0.000619
3 0.118525 14
4 0.526491 0.52654
4 0.410487 0.410492
1 0.811237
3 0.078471 34
1 0.300335
4 0.035721 0.035812
1 0.357909
1 0.992588
1 0.274223
0 0.421975 xqbak
2 0.746949 0.00098
1 0.673788
2 0.427105 2.5e-05
2 0.347895 0.000357
0 0.823079 kjxvu
1 0.595381
1 0.644129
4 0.329851 0.329925
0 0.431784 ceqdh
3 0.216754 21
3 0.108291 28
1 0.320085
3 0.458418 25
3 0.143817 2
3 0.381288 20
0 0.493021 okqju
1 0.968684
2 0.867231 0.000278
1 0.852909
3 0.674856 16
1 0.781917
1 0.175305
3 0.382328 10
0 0.10628 jscpk
0 0.330804 stsgz
1 0.864562
4 0.600282 0.600324
2 0.924207 0.000947
1 0.872775
3 0.198965 28
0 0.955653 quidq
1 0.92044
0 0.978175 gdkmu
1 0.938929
1 0.067873
4 0.890403 0.89047
3 0.330962 14
1 0.203737
0 0.921097 cxmyh
1 0.015309
1 0.936269
4 0.008438 0.008482
2 0.496735 0.000776
0 0.631387 aieov
1 0.837937
1 0.367627
4 0.673391 0.673467
0 0.540472 hiull
3 0.900061 24
1 0.330857
3 0.135373 33
3 0.945471 20
0 0.562042 qksai
3 0.541163 8
0 0.730906 vlmiy
0 0.980805 tdayc
0 0.825807 ivzmi
0 0.446005 ofavt
4 0.488544 0.488602
4 0.219451 0.219495
3 0.007181 10
1 0.057814
2 0.421233 0.000294
1 0.137522
3 0.069313 32
1 0.765022
0 0.364221 dzdie
3 0.533053 47
4 0.062163 0.062215
0 0.052827 neoug
4 0.110098 0.110115
1 0.651864
1 0.068438
0 0.581805 qltnd
3 0.452415 27
1 0.525014
2 0.572337 0.00022
3 0.362442 22
2 0.159728 0.000134
3 0.047532 15
2 0.15763 0.000835
0 0.809494 mpcjc
0 0.572382 etdia
0 0.291707 xsbrw
1 0.168621
0 0.279687 xrhdz
0 0.380066 lmvui
2 0.145902 0.000663
3 0.439489 31
4 0.913951 0.913989
4 0.930977 0.931058
3 0.255563 18
0 0.940536 zkwsh
3 0.018595 40
2 0.77359 0.000432
3 0.055088 37
4 0.650863 0.650939
2 0.49698 0.000479
0 0.634804 vndze
2 0.545907 0.000703
4 0.561805 0.561892
3 0.527391 3
0 0.873042 serrv
0 0.904865 mrpoq
2 0.576416 7.2e-05
0 0.920765 isrzc
3 0.663453 16
2 0.497464 0.000507
1 0.328816
1 0.425076
0 0.454886 rhvbq
0 0.611864 xfeyi
0 0.590402 evttb
2 0.140327 0.00095
0 0.637791 iodwh
4 0.723949 0.72397
0 0.91326 qhwfi
0 0.565349 xxguv
0 0.816955 gpbti
0 0.754361 ouwzj
4 0.834354 0.834368
3 0.770895 29
2 0.284305 0.000264
2 0.983704 0.000694
4 0.273506 0.273507
4 0.872695 0.872724
1 0.987663
0 0.857032 xcflr
3 0.708528 27
2 0.722077 0.000431
3 0.248671 26
2 0.416525 0.000984
3 0.149729 38
2 0.034403 0.000546
3 0.956775 41
3 0.067326 7
0 0.924358 fspio
3 0.358473 10
0 0.596902 juzmb
3 0.557456 17
2 0.881496 0.000956
3 0.479043 45
3 0.465636 15
4 0.91187 0.911959
2 0.481485 0.000286
3 0.559898 11
0 0.928346 upayn
0 0.444094 diimm
4 0.965025 0.965061
4 0.947014 0.947017
0 0.386907 dfxer
0 0.602589 hnasz
1 0.083697
4 0.017534 0.017549
3 0.62202 47
2 0.108002 0.000788
3 0.58938 26
3 0.536394 31
0 0.439653 qamls
4 0.494539 0.494575
2 0.700541 0.000191
4 0.187397 0.187486
3 0.721283 4
4 0.343303 0.343306
1 0.967658
4 0.576626 0.576716
2 0.157301 0.000784
4 0.626047 0.626136
4 0.951855 0.951948
3 0.078256 29
1 0.778797
0 0.906772 tezzd
1 0.547134
3 0.937764 42
4 0.514391 0.514473
1 0.671692
3 0.321897 41
4 0.497312 0.49737
3 0.081028 1
4 0.159284 0.159316
2 0.938082 0.000652
4 0.420629 0.420695
3 0.108107 35
0 0.171593 wdxtc
1 0.106571
4 0.021589 0.021609
0 0.818049 pxcqk
3 0.715149 35
0 0.653231 jemhy
0 0.934041 dfkdk
1 0.97457
4 0.616202 0.616271
4 0.077375 0.077386
0 0.91194 vmpdi
0 0.476457 nziet
2 0.36959 0.000773
2 0.354192 0.000988
0 0.863824 dhspi
3 0.469043 16
0 0.565807 zkwlt
2 0.094077 0.000373
3 0.365841 45
4 0.520362 0.520399
0 0.103135 ovfic
1 0.45884
1 0.891617
1 0.365616
2 0.401659 0.000933
1 0.714898
3 0.937746 3
0 0.928023 sjypy
3 0.927885 47
0 0.03102 gfrqi
0 0.129239 huefp
1 0.649327
1 0.324441
2 0.072837 0.000694
3 0.00086 24
3 0.631742 20
2 0.222918 0.000395
4 0.07101 0.071039
4 0.257761 0.257805
4 0.387 0.387021
1 0.594884
0 0.223416 bflfh
1 0.284563
0 0.464908 chhbi
0 0.903272 wzmmi
2 0.088164 0.000708
2 0.991517 0.000929
0 0.586401 vcfkx
0 0.739789 pgahz
3 0.381463 47
2 0.44445 0.000369
2 0.759184 0.000797
0 0.030448 qcije
1 0.974826
2 0.471983 0.000113
3 0.797175 8
3 0.536964 48
4 0.381896 0.381994
1 0.339131
3 0.287138 38
0 0.817075 hfiyb
4 0.941547 0.94164
2 0.432725 0.000481
0 0.900838 vwjin
2 0.700556 6.5e-05
2 0.981949 0.000549
0 0.78544 chdpx
0 0.576018 ufplm
1 0.859825
3 0.511804 3
1 0.273405
0 0.082515 shmir
1 0.643035
1 0.446471
0 0.15488 xtaqq
3 0.912355 40
2 0.778838 0.000893
0 0.155016 sxtyp
1 0.649407
1 0.585751
1 0.333807
3 0.447583 44
4 0.410406 0.410427
4 0.301057 0.301104
4 0.670186 0.670272
4 0.018406 0.018438
2 0.020092 0.0001
0 0.975231 dltmf
1 0.780948
0 0.726655 cnzsj
0 0.263242 ubksf
3 0.751643 35
0 0.629375 cwjdh
3 0.921993 35
0 0.091686 nbxec
3 0.285291 15
3 0.943161 9
3 0.514531 27
3 0.75954 0
1 0.443225
2 0.400493 0.000537
4 0.09532 0.095363
4 0.852118 0.852154
2 0.804113 0.000275
1 0.053409
0 0.409942 emrih
0 0.436875 uigqf
0 0.433558 thfkk
3 0.573176 43
1 0.304765
2 0.078138 0.000716
2 0.889757 0.000767
1 0.584991
3 0.6493 38
0 0.808618 mhofm
4 0.742583 0.742647
0 0.538868 lbaus
4 0.894983 0.895027
1 0.374798
3 0.960424 5
0 0.30078 kyroe
1 0.547357
1 0.262461
4 0.039463 0.039545
4 0.730528 0.730531
2 0.426006 0.000899
3 0.702027 36
3 0.113362 33
1 0.48816
1 0.28253
2 0.552178 0.000663
1 0.274544
3 0.256954 23
1 0.804311
1 0.136312
2 0.062205 0.00026
0 0.598385 xxpxy
4 0.357359 0.357381
0 0.845519 szshw
4 0.052295 0.052381
1 0.846718
2 0.843522 0.000635
1 0.06573
2 0.385448 0.000768
2 0.20905 0.000154
0 0.704551 hljoz
0 0.701809 vgguo
2 0.965315 0.000982
0 0.004526 fymrj
0 0.513407 dwgth
1 0.750857
2 0.563873 0.00045
3 0.270474 18
2 0.822594 0.000806
4 0.522004 0.522097
3 0.003671 27
4 0.524549 0.524629
3 0.88895 20
1 0.835432
2 0.49915 0.000683
3 0.078019 13
4 0.549217 0.549281
2 0.819691 0.000634
2 0.158637 0.00044
1 0.196994
0 0.745264 fbgad
1 0.130517
0 0.621104 ixcfh
2 0.482777 3e-06
1 0.249314
2 0.461492 0.000911
1 0.586126
0 0.289253 dffoa
2 0.291667 0.000345
1 0.939012
1 0.608053
3 0.905956 6
1 0.542562
3 0.934529 27
3 0.179884 3
2 0.974457 0.000197
0 0.105073 gdasd
3 0.640148 39
2 0.931815 0.000585
3 0.870828 38
3 0.666066 29
1 0.22629
3 0.956988 13
0 0.192693 pkgcm
0 0.45459 wznmr
3 0.544884 23
0 0.688019 kbxav
4 0.931088 0.931111
4 0.177947 0.17801
4 0.637394 0.63745
1 0.071298
1 0.860265
2 0.766463 0.000856
4 0.820973 0.821028
2 0.515631 0.000493
3 0.142105 19
3 0.639406 35
2 0.258166 0.000997
1 0.189254
1 0.562637
3 0.383584 46
2 0.054241 0.000409
2 0.131139 0.000675
4 0.897603 0.897686
4 0.718576 0.718614
3 0.95785 15
2 0.635871 7.1e-05
2 0.828959 0.000589
0 0.851852 shkas
3 0.933049 35
3 0.041646 27
0 0.793223 aaqug
2 0.919768 7.9e-05
0 0.812433 zjxoi
1 0.878156
3 0.179642 14
0 0.075392 yqpmr
4 0.590323 0.590422
2 0.040955 0.000809
1 0.726516
2 0.483365 0.000284
3 0.851626 20
0 0.37211 gnxir
1 0.699368
0 0.022282 mpwua
4 0.898696 0.89879
0 0.774711 vhbof
0 0.363602 xiszj
1 0.557458
1 0.727028
3 0.816899 46
0 0.332999 amkvo
4 0.985129 0.985206
3 0.097175 36
1 0.787678
1 0.165033
2 0.471416 5.7e-05
3 0.983029 10
3 0.216195 38
1 0.37221
2 0.453132 0.000858
4 0.786131 0.786148
4 0.478653 0.478662
0 0.088317 katar
1 0.662545
2 0.171599 0.000319
0 0.708008 xvoez
3 0.905413 19
2 0.874897 0.000578
4 0.177381 0.177476
3 0.656034 6
0 0.260704 lsdbr
3 0.168559 31
4 0.173878 0.173942
4 0.145687 0.145761
4 0.852528 0.852537
3 0.062142 9
3 0.045441 40
0 0.274911 wemeu
3 0.530769 48
2 0.003174 0.000209
1 0.16353
4 0.02435 0.024444
1 0.494976
0 0.715922 dkfnz
0 0.465399 jtvmi
3 0.225087 41
4 0.364122 0.364135
2 0.454076 0.000587
3 0.337762 20
2 0.878464 0.000364
3 0.889792 47
0 0.917904 kfeda
3 0.965453 10
4 0.975174 0.975245
2 0.716613 0.000115
1 0.080735
3 0.325975 11
2 0.578038 0.000926
2 0.24254 0.00039
4 0.852685 0.852755
2 0.014975 0.000456
2 0.245618 0.000432
2 0.211071 0.000894
2 0.186245 0.000366
4 0.41921 0.419291
1 0.499945
4 0.201591 0.201599
1 0.77963
4 0.234766 0.234836
2 0.79442 0.000691
2 0.784473 0.000113
1 0.799448
4 0.49406 0.494126
3 0.862288 37
3 0.121865 34
4 0.717711 0.717807
2 0.593327 0.000241
1 0.311271
4 0.902284 0.902337
1 0.13705
0 0.125513 ytjgy
3 0.548095 1
3 0.109513 7
3 0.882002 5
3 0.957416 32
3 0.849884 25
1 0.677507
2 0.42996 0.000112
3 0.083363 38
3 0.047537 6
0 0.796185 rioti
4 0.982051 0.982105
1 0.846858
4 0.692885 0.692964
1 0.944269
4 0.834993 0.83504
0 0.028852 clnnk
0 0.906269 kzgbq
1 0.807557
0 0.636188 fcuvt
4 0.322737 0.322779
2 0.783358 0.000841
2 0.889605 1.6e-05
0 0.619531 syizv
1 0.06315
2 0.893867 7.5e-05
3 0.240978 34
3 0.393519 38
1 0.219413
0 0.018221 jaral
3 0.13106 13
1 0.423916
0 0.764349 iuome
3 0.925903 39
3 0.259887 35
2 0.371575 0.000833
1 0.113115
3 0.08348 44
4 0.396894 0.396926
4 0.601208 0.601285
4 0.208921 0.208974
2 0.566352 0.000502
0 0.999408 ghyvl
1 0.695743
4 0.431831 0.431882
4 0.783664 0.783688
2 0.075007 0.000756
1 0.508554
3 0.069735 43
1 0.897412
2 0.935132 0.000566
2 0.017836 0.00042
2 0.533597 0.000117
1 0.463951
0 0.631839 zrlax
3 0.69987 6
4 0.711873 0.711933
2 0.781609 0.000653
3 0.679021 48
1 0.309939
2 0.813434 0.000712
1 0.347031
4 0.040402 0.040485
2 0.44871 8.2e-05
3 0.657881 15
2 0.555844 0.000312
0 0.255714 yhizs
4 0.356484 0.356531
0 0.207934 ewmwt
0 0.026611 arksj
1 0.251323
4 0.979746 0.979806
0 0.010058 rcmha
4 0.487354 0.487368
1 0.074253
1 0.20163
4 0.757998 0.758029
1 0.967572
1 0.162942
1 0.018325
3 0.227622 5
4 0.207368 0.207385
4 0.733778 0.733788
1 0.126806
2 0.354328 0.000666
3 0.396894 14
1 0.384031
1 0.724592
4 0.322427 0.32245
2 0.470978 0.000866
0 0.478104 wdgrd
1 0.008449
1 0.839972
2 0.602496 0.000284
0 0.792378 tvylg
4 0.06889 0.068904
2 0.727271 0.000593
2 0.353225 0.000572
0 0.267155 nydks
0 0.518928 bfshe
1 0.955551
1 0.580501
4 0.169969 0.169977
4 0.456481 0.456531
0 0.957042 emzrg
0 0.737562 zjmrh
1 0.076334
0 0.4061 rddou
2 0.789229 0.000607
3 0.24571 9
3 0.713295 31
2 0.052907 0.00083
4 0.321117 0.321201
2 0.575032 0.000158
4 0.615732 0.615799
2 0.968018 0.000401
2 0.89047 9e-06
0 0.768473 uufdh
1 0.91956
2 0.75084 0.000855
0 0.371699 ryhxq
0 0.614616 sksrv
3 0.113142 33
4 0.862151 0.862231
2 0.746772 0.000625
2 0.420622 0.00023
4 0.340182 0.340274
1 0.489389
4 0.092205 0.092261
1 0.078154
3 0.378408 49
0 0.125108 gzath
0 0.043835 ncxkc
0 0.017592 srcib
2 0.275204 1e-05
3 0.734427 2
2 0.552065 0.00021
3 0.29325 18
3 0.099423 44
1 0.498179
2 0.543233 0.000267
4 0.333841 0.333922
3 0.061423 25
2 0.645539 0.000913
3 0.202693 40
0 0.484055 lulgb
2 0.963633 0.000569
0 0.281348 wfjkw
3 0.684142 40
1 0.332476
3 0.235596 1
2 0.881136 0.000315
1 0.600181
0 0.762378 vqczf
4 0.66534 0.665391
0 0.697512 ixjez
1 0.925871
4 0.604357 0.604442
2 0.119111 0.000569
3 0.656426 22
2 0.073583 0.00085
4 0.192476 0.192506
0 0.025829 jpgtf
1 0.939113
3 0.760233 2
3 0.943295 34
4 0.300531 0.300574
1 0.893364
4 0.442398 0.442482
0 0.81187 erbeu
3 0.953463 22
0 0.807866 mjjqi
3 0.020126 0
3 0.963421 36
4 0.263953 0.263983
3 0.673669 36
1 0.557353
2 0.732318 0.000892
0 0.676039 pgbnz
0 0.018358 wogis
2 0.11766 0.00063
3 0.407882 35
0 0.885932 hxsck
3 0.742201 26
3 0.471723 5
3 0.154707 5
3 0.16191 46
4 0.317283 0.317362
4 0.853317 0.853404
3 0.48733 19
1 0.895212
4 0.279454 0.27955
0 0.113626 dadwc
2 0.857312 0.000998
2 0.516997 5.8e-05
4 0.228562 0.228582
1 0.356894
0 0.756887 vrivg
4 0.090519 0.090586
0 0.369973 xnvzj
2 0.453465 0.00011
4 0.82713 0.827191
2 0.860479 0.000519
3 0.089042 41
4 0.631449 0.631525
0 0.049953 ykvvb
4 0.686426 0.686435
2 0.686377 0.0008
2 0.498452 0.000265
3 0.839571 45
4 0.085995 0.08607
0 0.162079 qpqlp
4 0.416133 0.416183
2 0.125714 0.000477
1 0.925814
1 0.3907
0 0.95928 scoif
3 0.82692 43
3 0.797041 39
0 0.454681 wsvhc
0 0.856439 nzrcx
4 0.73716 0.737259
2 0.865752 0.000131
2 0.680722 0.000212
4 0.994144 0.994206
0 0.66349 mgpcp
1 0.533321
0 0.701741 ulnsm
4 0.299797 0.299803
1 0.062087
3 0.912688 30
1 0.272252
4 0.126632 0.126646
1 0.790122
2 0.55044 0.000953
2 0.56566 0.000204
3 0.237097 46
3 0.385729 29
0 0.995308 zgeyv
3 0.576644 18
1 0.382824
1 0.544864
1 0.027539
3 0.115482 11
2 0.182274 0.000615
4 0.747934 0.748005
0 0.501383 sclfp
3 0.999006 16
4 0.758082 0.758155
2 0.334727 0.000944
0 0.233903 kxebe
1 0.737403
2 0.689945 1.8e-05
4 0.954232 0.954273
4 0.957093 0.957121
1 0.758355
1 0.908317
3 0.415992 0
2 0.450406 0.000479
1 0.757432
4 0.672843 0.672864
1 0.076233
3 0.651242 36
1 0.857539
1 0.649345
1 0.462547
1 0.783739
0 0.94624 jftwp
1 0.800313
3 0.15852 20
2 0.455513 0.000504
2 0.128356 0.000825
0 0.720941 vjzwv
0 0.264034 zkund
0 0.424243 vhgyv
0 0.712206 mmtqn
3 0.291792 33
0 0.529086 zjjea
3 0.339177 42
0 0.665759 ykhsk
2 0.557481 0.000808
3 0.265404 12
4 0.945192 0.94526
4 0.236984 0.236988
4 0.282422 0.28248
3 0.862438 2
1 0.103741
4 0.746913 0.746944
4 0.196332 0.196402
4 0.069994 0.070023
4 0.268572 0.268623
2 0.108733 0.000632
3 0.841195 43
0 0.506816 tkked
0 0.64858 mirsp
1 0.165235
0 0.2198 ltasx
1 0.897438
4 0.216156 0.216178
4 0.057351 0.057419
1 0.080519
3 0.644089 41
4 0.82521 0.825232
4 0.868769 0.868827
2 0.952122 8e-06
1 0.387783
1 0.894607
2 0.427953 0.000404
3 0.841743 15
4 0.768518 0.768562
2 0.562986 0.000387
2 0.575099 0.000477
0 0.794478 sxotx
4 0.073582 0.073616
0 0.803943 hnrza
4 0.81379 0.813848
2 0.122405 0.000919
2 0.547402 0.000131
3 0.717789 15
2 0.532266 0.000591
3 0.688306 40
3 0.713115 0
2 0.786697 0.000535
0 0.59064 xevqp
0 0.978488 mcstt
3 0.316161 18
4 0.052729 0.052759
3 0.79732 23
4 0.884112 0.88417
4 0.817654 0.817654
0 0.258871 uhgxd
0 0.483704 rtudp
0 0.996976 zypxn
2 0.247547 0.000565
2 0.656258 0.000394
2 0.008606 0.000625
4 0.312231 0.312327
4 0.446204 0.446224
4 0.51623 0.516242
3 0.929367 31
3 0.610182 3
3 0.12351 44
0 0.689568 iixec
4 0.460274 0.460372
3 0.985232 23
2 0.297463 0.000371
3 0.260019 42
0 0.292601 uwsqa
2 0.452693 0.000309
4 0.033639 0.033683
2 0.590108 0.000983
2 0.910476 0.000135
1 0.887102
3 0.574372 34
2 0.018224 0.000815
0 0.498424 lovtw
1 0.259274
0 0.092164 kkvri
0 0.471611 fvmra
2 0.491971 0.000879
1 0.736653
0 0.884321 fygmc
2 0.74712 0.000518
0 0.522747 xtfaz
1 0.676121
2 0.409275 0.000647
0 0.548373 fermc
3 0.159575 38
0 0.344395 petmy
2 0.372286 0.000595
4 0.644452 0.644513
2 0.779629 0.000234
4 0.45575 0.455821
4 0.952749 0.952801
2 0.367347 0.000178
0 0.790269 ljgdx
4 0.635068 0.635079
1 0.126188
3 0.963526 24
0 0.816844 dbddy
4 0.312275 0.312333
3 0.238044 8
1 0.207319
2 0.942844 0.000845
4 0.990869 0.990959
3 0.142289 4
2 0.268477 0.000762
3 0.283304 20
2 0.942582 0.00059
2 0.897842 0.000893
3 0.308851 20
3 0.188962 48
3 0.43642 7
4 0.990499 0.99055
4 0.494423 0.494495
0 0.808939 cptce
1 0.695147
3 0.156333 32
4 0.883636 0.88366
4 0.578521 0.578596
1 0.06933
4 0.525405 0.52544
4 0.560064 0.560123
1 0.021215
4 0.018685 0.01876
0 0.750355 qvvfg
4 0.534503 0.534581
0 0.934491 gqqds
4 0.421871 0.421896
1 0.924381
4 0.696641 0.696683
1 0.571422
3 0.628295 13
4 0.277601 0.277671
2 0.855102 0.000953
4 0.611398 0.611437
4 0.038129 0.038195
2 0.516783 0.000428
1 0.872565
3 0.289613 37
3 0.219194 20
2 0.432187 0.000264
3 0.003609 42
0 0.958124 ixkuc
0 0.347287 qgyrn
3 0.968983 38
1 0.841549
1 0.667379
3 0.944459 24
3 0.852108 41
3 0.228266 8
2 0.183067 0.000527
4 0.38685 0.386897
4 0.250489 0.250507
0 0.308487 vkddu
3 0.388003 19
3 0.040341 28
4 0.944201 0.944204
4 0.033325 0.033419
2 0.777943 0.000703
2 0.96101 0.00023
1 0.864212
4 0.534835 0.534888
3 0.09962 40
1 0.801216
2 0.671568 0.000697
3 0.575923 17
1 0.132616
2 0.889977 0.000817
1 0.701201
4 0.304597 0.304598
0 0.172652 jjaiq
4 0.85388 0.853898
2 0.469852 0.000311
0 0.817527 lbkjc
1 0.211486
3 0.14846 37
2 0.291307 0.000287
3 0.212097 39
0 0.610249 ikemo
2 0.522554 0.00095
3 0.181384 21
1 0.028135
4 0.12251 0.122572
3 0.710299 3
4 0.22077 0.220835
2 0.432442 0.000924
1 0.027967
3 0.79523 42
3 0.379756 12
1 0.884946
2 0.037678 0.0005
2 0.185726 0.000885
0 0.150665 iqfwo
1 0.139339
4 0.236948 0.237005
3 0.66939 31
4 0.213709 0.213764
1 0.184201
0 0.06169 yimtf
0 0.310839 egvxj
3 0.547008 1
2 0.362529 0.000599
4 0.391702 0.391744
3 0.613518 1
3 0.630565 5
3 0.027368 20
1 0.825469
3 0.25719 23
0 0.163471 hyeba
1 0.396276
4 0.962244 0.962257
3 0.578195 10
1 0.863537
3 0.911034 41
3 0.541599 46
3 0.085319 16
4 0.427141 0.427207
2 0.974564 0.000108
3 0.349179 28
1 0.684357
1 0.225799
3 0.448085 45
3 0.353899 41
0 0.817726 hrfjb
1 0.738424
1 0.850838
0 0.486552 dlzyh
1 0.108801
0 0.613692 xaozl
1 0.837939
1 0.616148
0 0.316866 hkozr
0 0.119183 wfwnl
2 0.295812 0.000495
0 0.004703 imqhb
0 0.65595 nwkxg
2 0.264916 0.000412
0 0.58076 tuygt
1 0.322454
3 0.985662 37
2 0.126509 0.000984
1 0.89251
4 0.252031 0.252043
3 0.481261 15
0 0.675224 tjjmj
2 0.787878 0.000187
3 0.034895 3
4 0.807158 0.807173
4 0.018412 0.018461
0 0.841452 nrgdy
2 0.070728 0.000232
2 0.745952 0.000241
3 0.231287 14
0 0.738034 sgben
4 0.270548 0.270595
0 0.378122 fmfyg
0 0.426719 oefyn
4 0.977826 0.977828
1 0.431934
4 0.733627 0.733648
0 0.162122 yzooh
1 0.874126
2 0.274183 0.000354
3 0.356106 23
1 0.259113
4 0.913975 0.91401
1 0.954204
0 0.659451 mkqpy
1 0.096841
3 0.164564 38
4 0.790076 0.790144
3 0.202489 44
2 0.993024 0.000801
0 0.952102 ygxmf
0 0.641915 prmfb
0 0.571814 uywcc
4 0.382794 0.382862
3 0.786241 42
3 0.339042 20
0 0.462268 vkcnl
4 0.433469 0.433566
3 0.398698 1
4 0.760595 0.760677
1 0.219333
3 0.401871 10
3 0.96103 6
3 0.239031 49
0 0.510056 ibful
4 0.207552 0.20758
1 0.914946
0 0.242393 igqqk
3 0.165719 27
1 0.083943
4 0.752536 0.752609
3 0.398694 6
2 0.475197 0.000412
4 0.322419 0.322495
0 0.556325 xusqe
1 0.062123
1 0.229583
0 0.391506 pwlot
4 0.040571 0.040638
1 0.840928
0 0.154885 csaqi
0 0.972959 cqrst
4 0.638071 0.638119
0 0.384006 gffvp
2 0.290298 0.000658
1 0.574218
1 0.689111
0 0.764231 fqxbv
2 0.470783 0.000664
0 0.80428 apfvq
1 0.368512
4 0.68773 0.687751
3 0.369098 31
3 0.815108 14
3 0.424454 25
3 0.188685 30
1 0.946573
4 0.028228 0.02827
2 0.433244 0.0005
0 0.263327 ctyzr
1 0.078193
3 0.50383 1
4 0.318939 0.318954
2 0.743393 0.000942
3 0.448431 22
4 0.911356 0.911383
4 0.165798 0.165814
1 0.501298
3 0.070175 0
0 0.834359 uycsl
1 0.319482
0 0.999877 bpknl
1 0.470494
3 0.920858 15
4 0.650037 0.650054
4 0.713706 0.713719
3 0.916144 40
0 0.030766 upgwn
3 0.082781 41
1 0.59901
4 0.877242 0.877296
0 0.623409 pzxju
3 0.813792 16
3 0.527498 31
3 0.959995 21
0 0.077961 zapww
3 0.713663 22
4 0.107258 0.107334
0 0.247019 qsjbt
4 0.021716 0.021776
4 0.065567 0.06561
2 0.025562 0.000566
2 0.532675 0.000737
1 0.115827
2 0.649153 0.00067
1 0.409643
0 0.7265 hdztl
0 0.828823 usxmq
0 0.941553 yjotb
2 0.523499 0.000481
3 0.155678 48
3 0.1107 26
1 0.779386
2 0.198733 0.000681
1 0.988615
1 0.294606
0 0.248042 texni
1 0.488484
0 0.65593 uwolp
2 0.191189 0.000488
0 0.951744 nldlh
4 0.796657 0.796712
4 0.0447 0.044787
3 0.467833 12
0 0.348871 jvhwg
3 0.174164 9
2 0.365353 0.000847
3 0.183594 13
3 0.297574 5
0 0.966883 wqmwe
2 0.930247 0.000294
2 0.101109 0.000739
0 0.276807 ycrcr
2 0.812381 0.000614
2 0.52258 1.4e-05
3 0.659193 18
2 0.319 0.00066
2 0.159257 0.000607
0 0.958217 gresf
3 0.199034 4
2 0.018237 0.000558
0 0.209259 ztorc
2 0.271593 0.000242
3 0.247613 46
3 0.925626 34
0 0.666116 akpus
3 0.803916 49
0 0.338506 uijbf
0 0.747101 iusou
0 0.595014 fowqx
1 0.389943
2 0.340059 0.000408
4 0.656005 0.656056
3 0.560356 31
4 0.748266 0.74828
1 0.103788
4 0.252693 0.252734
0 0.431728 jzqjl
3 0.393233 42
2 0.034456 0.00021
2 0.357266 0.000621
0 0.284957 lbnqb
1 0.536601
3 0.253615 41
2 0.506308 0.000982
2 0.938036 0.00027
2 0.784917 0.000217
0 0.11842 ztiqx
1 0.928877
1 0.067276
2 0.665276 0.000449
3 0.866136 2
1 0.119751
4 0.293273 0.293332
3 0.380117 48
3 0.957336 15
1 0.136296
2 0.019121 0.000951
2 0.590732 0.000816
3 0.035962 2
2 0.766149 0.000768
3 0.029253 19
3 0.411741 21
4 0.047844 0.047911
4 0.673904 0.67395
1 0.270704
1 0.936544
4 0.040364 0.040405
3 0.059485 42
0 0.650218 omugu
1 0.12103
3 0.514286 49
4 0.44238 0.442403
0 0.490224 lkmde
4 0.393735 0.393793
3 0.957671 35
3 0.578134 5
3 0.19594 37
0 0.19321 nqdyi
0 0.304386 uhnpc
3 0.738453 16
3 0.64854 26
3 0.08264 29
2 0.576225 0.000672
2 0.752732 0.000527
2 0.615419 0.000644
0 0.963139 uarmm
1 0.030618
1 0.473199
0 0.168244 hkmfe
0 0.469856 nglrr
2 0.281382 0.00077
2 0.896801 0.000414
2 0.376292 0.000559
3 0.71779 5
1 0.880026
0 0.796002 gdabx
2 0.774194 0.000835
2 0.760402 0.000909
3 0.049007 9
1 0.912107
4 0.583743 0.583746
1 0.960036
4 0.687121 0.687199
1 0.407982
1 0.355646
4 0.460133 0.460192
0 0.827056 utabd
4 0.692358 0.692383
2 0.097917 0.000944
4 0.784859 0.784891
3 0.884955 37
4 0.361343 0.361344
0 0.555521 dfjtk
2 0.27048 0.00015
3 0.645094 0
1 0.976895
2 0.945225 0.000605
4 0.388589 0.388663
3 0.050098 34
3 0.724418 41
0 0.443194 vvhju
0 0.081686 ydygc
3 0.798171 36
1 0.291418
0 0.852106 lfjlg
0 0.394827 eusvy
0 0.647017 gexab
3 0.729143 8
4 0.043666 0.043713
0 0.335084 fztwp
1 0.343409
4 0.98334 0.983354
3 0.863716 15
2 0.607829 0.000565
3 0.771198 39
1 0.016254
0 0.811183 sbdwz
2 0.023801 0.000402
2 0.145187 0.000861
3 0.370532 19
2 0.782638 0.000261
4 0.105924 0.105954
4 0.267231 0.26729
0 0.148356 ezhrx
2 0.657521 9.8e-05
3 0.791656 16
0 0.331809 ijpms
1 0.039952
0 0.662872 eygxs
4 0.66526 0.665272
2 0.629357 0.000376
0 0.85281 nvutt
0 0.773715 hokxf
2 0.470138 0.000261
4 0.926704 0.926707
0 0.6636 hrhjb
0 0.138074 lutsk
1 0.795764
2 0.428339 0.000115
4 0.70279 0.70288
3 0.132976 31
1 0.119466
4 0.1889 0.188971
2 0.784218 0.000771
1 0.931915
4 0.396033 0.396033
4 0.050459 0.050501
2 0.4793 0.000147
2 0.477358 0.000911
4 0.905697 0.905775
4 0.124839 0.124907
4 0.774167 0.774218
2 0.893634 0.000596
3 0.456157 43
3 0.077993 9
3 0.402018 10
3 0.209212 7
0 0.379711 ryxof
3 0.556812 15
4 0.845661 0.845693
0 0.529594 fdvvs
4 0.671308 0.671345
2 0.868367 0.000542
2 0.70233 7e-06
1 0.222639
0 0.737498 wxvfz
1 0.217901
1 0.5959
2 0.026024 0.000178
3 0.558894 49
4 0.03157 0.031586
3 0.702878 5
0 0.087597 ivhho
4 0.165884 0.165968
0 0.045485 uxqzz
3 0.580788 14
4 0.948966 0.948991
4 0.155017 0.155081
1 0.722986
3 0.957074 25
3 0.355815 5
3 0.245553 26
2 0.872789 0.000286
0 0.067146 unrbt
1 0.604753
4 0.098139 0.098217
0 0.253157 efxez
1 0.480848
1 0.28323
0 0.579106 nuwud
0 0.305901 yzgjh
3 0.772414 2
4 0.870554 0.870636
4 0.123711 0.123788
0 0.616206 wvwjs
4 0.087578 0.087619
4 0.202499 0.202524
1 0.190208
3 0.094437 16
2 0.137028 9e-06
1 0.484763
3 0.54926 22
4 0.445842 0.445873
0 0.042572 zlgac
0 0.061595 tkfxk
0 0.50227 eexlu
0 0.946393 efnds
1 0.64041
2 0.379884 8e-06
1 0.843653
4 0.988294 0.988351
0 0.59037 rdtyt
2 0.450697 0.000409
1 0.074077
0 0.4176 vawhu
3 0.587002 47
0 0.797216 qtamu
3 0.673246 45
3 0.2677 41
0 0.699775 cxdei
0 0.436899 cfzag
1 0.412345
0 0.904633 nhzkt
0 0.975125 rsqvv
3 0.513825 29
3 0.213583 4
3 0.641029 4
4 0.969724 0.969794
1 0.628411
4 0.817557 0.817588
3 0.835878 48
3 0.930691 5
4 0.28481 0.284867
1 0.52131
0 0.20168 jnplw
3 0.406101 49
3 0.892177 22
4 0.520588 0.520609
4 0.077696 0.07775
2 0.473921 0.000384
2 0.576691 7.5e-05
3 0.654587 38
2 0.715906 0.0009
2 0.917586 3.6e-05
2 0.860781 0.000108
0 0.817352 fkxlb
1 0.479326
2 0.502807 0.000374
1 0.166544
2 0.549831 8.2e-05
3 0.054906 27
3 0.877496 29
4 0.221397 0.221438
2 0.116785 0.000193
3 0.957466 4
3 0.379804 44
4 0.042158 0.042228
1 0.544965
1 0.400999
2 0.935243 0.00083
1 0.091934
4 0.824123 0.824135
0 0.066852 sydim
1 0.246125
3 0.867082 33
0 0.447072 fjhoz
4 0.885013 0.885048
3 0.112875 31
4 0.845171 0.845236
0 0.185646 zriof
0 0.681599 sqwat
2 0.116382 0.000592
2 0.794099 0.000573
4 0.270038 0.270045
4 0.617573 0.617614
1 0.416704
2 0.843157 0.000121
2 0.545155 0.000102
4 0.314005 0.314036
1 0.077853
2 0.034155 0.000389
3 0.879964 23
0 0.023663 xqwwy
2 0.923186 0.000426
4 0.856242 0.856277
3 0.680364 47
4 0.847818 0.847872
4 0.27265 0.272685
0 0.895432 djbzm
4 0.085578 0.085601
2 0.121153 0.000849
2 0.426765 0.000635
0 0.866303 opapr
2 0.978846 8.5e-05
0 0.270752 dtkue
4 0.493254 0.493308
4 0.335729 0.335739
4 0.381253 0.381283
2 0.723454 0.000607
0 0.419089 hptfa
2 0.127674 0.000473
0 0.714759 zijpo
0 0.297855 xgsxz
2 0.970545 0.000904
2 0.817386 0.000152
0 0.231716 dlytb
3 0.902502 7
4 0.676408 0.67642
3 0.522749 5
3 0.820604 2
4 0.532266 0.532324
0 0.983639 dalcc
0 0.85595 wyzyd
1 0.919599
4 0.527651 0.527659
0 0.204059 eiwez
0 0.955481 eadxe
2 0.205711 1.6e-05
0 0.936148 dhndj
4 0.962793 0.962804
0 0.501039 jatiq
0 0.193134 khzes
3 0.732014 20
0 0.908614 fbzvr
4 0.549318 0.54941
4 0.272299 0.272337
2 0.914879 0.000177
2 0.051072 2.2e-05
1 0.831485
3 0.631107 12
2 0.85057 0.000647
4 0.317292 0.317344
0 0.473374 tvrqo
1 0.201967
1 0.419925
0 0.290469 zblfb
4 0.733714 0.733779
3 0.535494 49
2 0.263048 0.000371
4 0.238969 0.239033
2 0.123504 0.00039
0 0.957051 jxcap
0 0.679249 oskdn
2 0.993901 0.000433
3 0.119167 46
2 0.474968 0.000924
3 0.197692 0
2 0.237708 0.000377
2 0.751098 0.000234
0 0.862795 vyhpm
0 0.051827 lohyy
2 0.080505 0.00087
4 0.585502 0.585572
0 0.582778 kzwok
3 0.078619 38
0 0.660011 ihbsm
3 0.542336 28
4 0.258408 0.258455
1 0.338914
3 0.106943 18
0 0.230755 nczoe
4 0.122236 0.122247
4 0.160181 0.16023
1 0.336544
3 0.922815 25
3 0.084815 35
1 0.127646
1 0.167219
3 0.234519 33
1 0.341462
1 0.115803
2 0.486799 0.000513
1 0.787326
1 0.235947
4 0.237022 0.237098
0 0.601771 ymlxn
0 0.776597 ablnp
4 0.458941 0.458977
0 0.800403 zdpqh
1 0.078424
1 0.025954
2 0.554029 7.8e-05
4 0.99302 0.993095
1 0.207489
2 0.660824 0.000842
0 0.081419 qlkwy
1 0.17196
2 0.296217 0.000285
3 0.374586 37
2 0.163519 0.000188
0 0.705825 twlof
0 0.92204 bwyha
1 0.181356
4 0.199296 0.199309
3 0.540657 26
0 0.353226 vatrp
1 0.34749
0 0.629861 miltm
2 0.152714 0.000758
2 0.251931 0.000851
1 0.432567
4 0.416832 0.416847
0 0.560101 klbtp
1 0.318968
2 0.95155 0.000647
1 0.697919
1 0.868983
3 0.444311 30
3 0.515422 7
4 0.371625 0.371721
3 0.925536 30
3 0.032361 33
3 0.896764 17
2 0.096031 0.000538
0 0.2536 pcnve
1 0.361869
1 0.901524
2 0.729306 0.000184
4 0.781266 0.781289
1 0.432962
3 0.651468 44
2 0.200181 0.000528
2 0.096946 0.000945
1 0.709329
0 0.985734 zelxp
4 0.210871 0.210963
2 0.628748 0.000777
0 0.127932 cnwqx
1 0.696483
0 0.951786 rzguk
2 0.840655 0.000924
4 0.131468 0.131533
0 0.567522 dccqo
2 0.969473 0.000865
0 0.446181 hzwmq
2 0.040379 3.8e-05
2 0.066694 0.00063
0 0.318689 qneop
4 0.301905 0.301966
4 0.90391 0.903927
3 0.470691 14
1 0.356556
0 0.940114 tbmma
2 0.504235 0.000931
1 0.570929
3 0.059567 20
4 0.474585 0.474669
4 0.537423 0.537438
0 0.167784 wzqrn
3 0.143728 37
3 0.083842 25
3 0.610482 29
1 0.925302
4 0.650512 0.65057
0 0.061884 ehcgf
2 0.805348 0.000922
4 0.819335 0.819359
1 0.820365
0 0.956279 ucpbu
3 0.480911 5
0 0.610377 evocc
1 0.735599
0 0.012143 ripsk
4 0.604609 0.604706
1 0.424974
2 0.981152 0.000279
3 0.537626 11
2 0.220934 0.000574
2 0.345896 0.000303
2 0.397716 0.000427
0 0.952314 cgnqy
0 0.470329 kjkam
3 0.884207 40
1 0.519838
0 0.742654 sbged
1 0.631378
1 0.223552
2 0.969288 0.000867
3 0.575064 44
4 0.018519 0.018609
3 0.605225 23
1 0.312749
3 0.796808 27
3 0.782781 31
0 0.200555 vbpod
3 0.306111 36
1 0.481978
4 0.954158 0.954182
0 0.631276 xgzho
2 0.313132 0.000412
2 0.626292 0.000189
1 0.925425
0 0.379426 sikrr
2 0.330127 0.000661
1 0.709221
2 0.821512 0.000731
1 0.949023
2 0.996212 0.00046
4 0.526278 0.526301
4 0.355762 0.355849
1 0.498407
3 0.097749 32
0 0.477175 piuxx
1 0.865671
2 0.91207 0.000722
3 0.453115 45
3 0.96568 7
2 0.491958 0.000681
3 0.847721 18
2 0.346128 0.000349
1 0.286312
4 0.399802 0.399832
3 0.744058 22
3 0.009019 45
0 0.420229 yhlke
0 0.197896 immbe
1 0.602275
4 0.262813 0.262868
3 0.18544 20
4 0.101594 0.101644
2 0.845652 0.000624
3 0.371023 19
3 0.307604 9
0 0.993259 xhprp
2 0.772379 0.000545
2 0.726668 0.000173
3 0.989481 28
3 0.691273 48
3 0.309219 48
2 0.952126 0.000247
4 0.977074 0.977077
3 0.147961 13
3 0.066708 22
2 0.248051 9.1e-05
3 0.183948 49
1 0.722121
2 0.290135 5e-05
3 0.981408 0
1 0.290628
1 0.997778
1 0.898275
1 0.52045
4 0.141192 0.141198
0 0.289153 pnzjb
1 0.177035
3 0.820564 36
1 0.542686
0 0.835531 xyopm
0 0.214187 qolbe
1 0.257932
0 0.452761 mmrzn
3 0.055914 31
3 0.39283 19
0 0.935516 bwglf
1 0.631553
1 0.292141
0 0.457034 xbaqf
3 0.2774 14
3 0.597096 45
4 0.093828 0.093846
4 0.934349 0.934389
1 0.262526
1 0.33427
2 0.573291 0.000361
1 0.763309
4 0.972377 0.972379
4 0.945763 0.945832
3 0.177081 18
1 0.955484
3 0.324437 37
4 0.915082 0.915138
4 0.841253 0.841258
4 0.648345 0.648368
0 0.171891 kpxhe
1 0.512999
4 0.112998 0.113039
2 0.632219 0.000766
0 0.108087 cbrpv
4 0.661509 0.661573
1 0.912281
0 0.143745 smlte
2 0.660324 0.000786
3 0.666616 36
4 0.61867 0.618725
1 0.747806
4 0.726295 0.72632
4 0.472722 0.472756
1 0.134232
0 0.838837 wonoe
1 0.692862
4 0.338743 0.338795
1 0.51542
1 0.544955
1 0.838079
1 0.317058
2 0.072504 0.000864
1 0.7988
2 0.790083 0.000874
1 0.940304
1 0.878578
1 0.591805
1 0.71784
3 0.985421 21
0 0.11293 jfvsx
4 0.912763 0.912798
4 0.836497 0.836497
3 0.151649 44
1 0.939523
2 0.72576 0.00063
0 0.021253 umvxd
1 0.520576
0 0.454535 chqyw
3 0.836783 32
4 0.980575 0.980656
1 0.4923
0 0.295135 ygfmo
4 0.541121 0.541144
1 0.796566
3 0.528585 34
1 0.484092
0 0.895159 qgwuc
1 0.491415
1 0.245353
1 0.582584
3 0.681027 21
4 0.291181 0.291261
4 0.279317 0.279406
0 0.23724 iwhsw
2 0.675132 0.000924
1 0.852653
1 0.560875
2 0.865916 0.000966
0 0.392665 izkfm
0 0.169101 ghoor
0 0.672965 jqjjn
4 0.459997 0.460085
4 0.770666 0.770708
4 0.862465 0.862475
0 0.199617 njwmz
3 0.311392 38
0 0.988286 fhieu
4 0.08896 0.088978
2 0.214078 0.000764
4 0.904766 0.904849
2 0.00266 0.000677
2 0.966471 0.000889
1 0.322946
3 0.604013 14
0 0.001353 hloki
2 0.504269 0.000636
1 0.963793
4 0.513892 0.51398
2 0.037656 0.000427
0 0.077792 rbbcd
3 0.061937 16
1 0.648509
0 0.5669 hsxml
3 0.993437 6
4 0.266386 0.266434
2 0.269765 0.000657
4 0.694262 0.694263
1 0.12142
2 0.147728 4.9e-05
2 0.823231 0.000625
1 0.102747
1 0.963965
4 0.300918 0.300922
2 0.469667 0.000905
0 0.659038 gucha
4 0.149197 0.149278
0 0.843459 guoyo
4 0.576546 0.576611
1 0.892002
4 0.445573 0.445592
4 0.262843 0.262918
1 0.732511
0 0.183833 mhisd
0 0.686109 rlwbr
0 0.186695 hwcco
3 0.952299 23
0 0.635651 lhaio
0 0.122105 pmomv
0 0.444403 tkhso
3 0.735909 2
0 0.251808 ytohp
4 0.224096 0.22413
2 0.108611 0.000565
0 0.901026 zjbnv
4 0.00585 0.005948
3 0.924581 49
3 0.030006 4
4 0.83476 0.834769
4 0.050397 0.050467
1 0.638842
1 0.601845
1 0.151841
0 0.487902 ydoli
2 0.770364 0.000339
4 0.776215 0.776253
4 0.217148 0.217187
4 0.763506 0.763602
3 0.114619 5
3 0.165016 28
4 0.320211 0.320245
1 0.631441
1 0.148286
1 0.125388
2 0.39195 0.000566
2 0.80929 0.000972
4 0.714128 0.714204
4 0.584119 0.584125
0 0.360215 pbhyp
3 0.62826 4
2 0.562539 5.8e-05
0 0.825409 kwzrk
1 0.32412
2 0.044356 9.2e-05
3 0.274836 21
2 0.375307 0.000327
0 0.735523 jmoui
1 0.529388
3 0.43294 29
3 0.579155 39
4 0.390008 0.390012
4 0.326929 0.326951
1 0.676633
0 0.522429 cduel
4 0.856451 0.856452
2 0.836988 0.000201
0 0.912017 iarkj
4 0.917056 0.917066
1 0.31792
1 0.406945
1 0.299177
1 0.598037
1 0.892346
4 0.740109 0.740181
3 0.112913 25
1 0.949901
1 0.038803
3 0.92908 49
1 0.706475
0 0.209768 ohkhh
1 0.464831
0 0.520352 sycmm
1 0.534983
4 0.080802 0.080898
4 0.621748 0.621797
3 0.660551 20
3 0.242953 43
0 0.46088 vbjnr
1 0.056685
1 0.003048
0 0.232676 lqskw
0 0.631705 bjtbs
3 0.825876 24
2 0.891697 4e-06
0 0.053246 bvdsv
4 0.645663 0.645742
0 0.750101 jjuzx
0 0.716296 qwmhd
2 0.218836 0.000985
1 0.182333
4 0.979215 0.97931
0 0.207944 ddaqb
0 0.921264 hkmlj
4 0.886383 0.886391
2 0.510732 0.000434
3 0.492365 42
0 0.711201 qhehd
1 0.114898
0 0.666929 ensvk
2 0.77892 0.000751
2 0.800441 0.000704
1 0.203176
0 0.300281 vawzd
2 0.433827 0.000825
0 0.843713 ccefi
0 0.912602 wdclz
2 0.817469 0.000793
0 0.75487 nntro
0 0.328055 dnkiw
4 0.417392 0.417435
0 0.74886 lqvjd
2 0.225388 0.000906
1 0.291979
1 0.696047
4 0.424821 0.424878
4 0.926304 0.926323
3 0.117709 26
0 0.259293 fkolq
1 0.058951
3 0.052105 21
3 0.467869 24
0 0.20961 jsrss
0 0.484605 zlsyo
1 0.524307
2 0.820617 0.000217
3 0.581559 2
1 0.212345
0 0.035624 byswc
0 0.974634 wpblv
3 0.891527 38
4 0.818789 0.818809
1 0.631739
1 0.201745
1 0.298641
4 0.53669 0.536728
4 0.572314 0.572407
3 0.111079 17
3 0.651796 1
3 0.919719 24
0 0.610895 dmvkx
3 0.809668 27
1 0.138484
4 0.870978 0.871041
2 0.245877 0.000553
0 0.852881 waazt
4 0.092446 0.092499
0 0.012165 rmyfn
4 0.28906 0.289074
4 0.098729 0.09877
2 0.753565 0.00035
0 0.45778 vnhpk
3 0.739382 37
3 0.323685 44
0 0.972138 wxcxq
0 0.437652 ohmps
4 0.868806 0.868845
2 0.078641 0.000608
0 0.865563 yeosh
3 0.942864 18
3 0.105488 35
3 0.232341 13
4 0.669993 0.670082
2 0.649211 0.000263
1 0.748171
1 0.827782
3 0.487689 4
1 0.727297
0 0.297715 ehjga
1 0.827713
1 0.797469
4 0.373892 0.373905
2 0.163707 0.000189
1 0.141297
3 0.033804 12
1 0.298327
0 0.890683 awkge
0 0.355731 jjaca
2 0.522769 0.000869
1 0.488675
3 0.393526 22
1 0.657715
0 0.061839 ixjuw
4 0.437145 0.437197
3 0.586521 4
1 0.396728
3 0.734355 35
1 0.889447
4 0.051513 0.051573
1 0.014626
2 0.822854 0.000447
4 0.894369 0.894438
0 0.516041 eofur
2 0.55692 0.000824
2 0.659793 0.00063
3 0.056521 9
0 0.181009 inlmo
2 0.011492 0.000853
1 0.669291
3 0.197772 11
0 0.230166 zhtuq
3 0.860259 47
0 0.520052 kxipo
0 0.284991 rezsw
1 0.329582
0 0.478992 hgdrg
2 0.681832 2e-06
1 0.912543
3 0.025827 26
3 0.903232 4
4 0.609444 0.609485
0 0.517558 znuaw
2 0.010196 7e-05
4 0.094121 0.094148
1 0.924564
4 0.772329 0.772347
0 0.356284 xxvoe
2 0.142203 6.5e-05
1 0.751647
2 0.080364 0.000205
1 0.55274
0 0.064496 ogoic
3 0.496567 31
4 0.687717 0.687729
4 0.505379 0.505427
4 0.809814 0.809902
0 0.153777 wvezu
1 0.987425
2 0.453454 0.000517
0 0.517951 rjbbd
4 0.500143 0.500241
0 0.704212 pfrsq
2 0.952377 1.1e-05
2 0.836081 7.2e-05
0 0.865434 ojjvh
4 0.849702 0.849791
2 0.36963 0.000257
3 0.386125 7
1 0.090337
2 0.676833 0.00028
3 0.453866 40
4 0.23031 0.230338
0 0.66472 xgwqh
1 0.643737
1 0.070138
1 0.045191
2 0.49182 0.000821
1 0.264521
3 0.499896 12
2 0.318818 0.000297
4 0.225803 0.225866
4 0.639287 0.639361
0 0.060134 xumry
1 0.039869
4 0.311664 0.311723
2 0.873207 0.000539
3 0.80438 25
4 0.852707 0.852772
1 0.00502
0 0.314844 khdar
3 0.911203 38
2 0.919491 0.000235
0 0.475713 qvozs
1 0.283527
0 0.775587 vpahw
4 0.105233 0.105319
3 0.714769 32
2 0.642778 0.000421
0 0.070334 nodil
0 0.332216 wcgjm
3 0.113173 13
2 0.299009 0.000676
0 0.53051 ogebu
0 0.529812 uiqji
1 0.652234
4 0.374568 0.374592
2 0.196512 8.7e-05
3 0.278232 14
2 0.907758 0.000879
1 0.206767
0 0.244676 ordfl
2 0.892357 0.000232
3 0.631737 25
3 0.688048 34
3 0.322173 14
2 0.556612 0.000997
4 0.412978 0.412994
2 0.666858 0.000907
4 0.380413 0.380497
3 0.221201 31
3 0.655269 21
3 0.135501 29
4 0.6454 0.645495
4 0.57814 0.578184
1 0.885448
2 0.06423 0.00062
1 0.581579
2 0.874912 0.000696
4 0.54177 0.541773
1 0.438535
4 0.038731 0.038767
3 0.539567 7
4 0.93276 0.932771
0 0.962164 yqvqf
3 0.108552 33
3 0.530525 17
0 0.250902 qntlv
1 0.66587
3 0.938239 15
0 0.807333 tdynx
0 0.979986 ehynl
0 0.328788 dikqn
1 0.385977
0 0.855802 zjqsw
4 0.046119 0.046181
4 0.867763 0.867785
2 0.818018 0.000752
4 0.507729 0.507778
1 0.305992
0 0.186071 utelh
2 0.520659 0.000883
4 0.892814 0.892861
2 0.886018 0.000534
1 0.523488
4 0.652988 0.653022
2 0.605662 0.000722
2 0.619415 9.6e-05
1 0.351816
4 0.457508 0.457606
0 0.092289 lcxdi
4 0.947519 0.947559
0 0.635367 lilhm
4 0.85266 0.852727
0 0.458463 phpdg
2 0.749801 0.000925
1 0.625179
1 0.048298
0 0.980797 yrwnj
3 0.365726 9
4 0.560875 0.560894
4 0.010359 0.010406
4 0.500564 0.500627
3 0.83057 44
3 0.684647 36
0 0.281572 pcvzq
1 0.984193
4 0.211676 0.211687
0 0.984104 itdph
3 0.131572 28
4 0.148488 0.148581
3 0.979058 37
1 0.180058
1 0.571593
2 0.441946 0.000785
3 0.517716 44
2 0.018262 0.00019
3 0.212873 40
3 0.852576 23
1 0.273542
0 0.414466 qrpea
1 0.36557
4 0.383924 0.383988
2 0.342222 0.000301
0 0.859939 dxpar
4 0.675277 0.675283
1 0.538382
0 0.27506 ushss
0 0.357543 uecel
1 0.050734
0 0.536789 qqcox
1 0.223819
3 0.398707 48
1 0.779343
0 0.558191 rzmzp
4 0.92911 0.929139
2 0.139952 0.000871
0 0.717099 hieif
4 0.450658 0.450723
0 0.241939 wmiio
4 0.040566 0.040591
1 0.612915
1 0.444316
1 0.631753
2 0.513379 5.3e-05
4 0.74683 0.74692
0 0.934419 wtpxh
3 0.251019 46
1 0.924369
2 0.443183 6.3e-05
3 0.997808 17
1 0.000722
3 0.922969 32
0 0.653151 skmcc
1 0.027762
0 0.252467 hxpfz
3 0.065815 10
2 0.567997 0.000993
3 0.627097 4
0 0.299113 kaujg
0 0.375198 mimzo
0 0.776682 mydpj
0 0.81812 gecfv
3 0.352695 2
0 0.168161 goruo
3 0.476342 18
4 0.532842 0.532899
2 0.617104 0.000891
3 0.952211 7
1 0.805841
3 0.387269 1
1 0.147518
1 0.902554
2 0.675151 6.7e-05
0 0.279691 ofsvy
2 0.220222 0.000288
4 0.891084 0.891177
0 0.089602 hwxky
1 0.067834
2 0.009469 0.000341
2 0.270237 0.000247
0 0.945388 lcpqe
3 0.458228 29
1 0.67845
0 0.416387 hdsjk
1 0.285516
2 0.334169 0.000384
2 0.568054 0.000853
3 0.949456 42
2 0.935131 0.00083
3 0.711765 13
3 0.347799 49
1 0.86863
2 0.078169 9.5e-05
0 0.940856 sydny
4 0.690836 0.690884
0 0.418041 uxvxh
0 0.152963 nhuwi
0 0.725177 mngre
0 0.331891 rmswm
3 0.029132 1
3 0.963525 35
0 0.89536 vktlo
2 0.85946 5.4e-05
4 0.53336 0.533443
2 0.149821 0.000863
2 0.278377 0.000759
1 0.610869
0 0.251562 cppup
1 0.974526
4 0.670371 0.670457
1 0.280834
3 0.542369 43
1 0.918181
4 0.32036 0.320454
3 0.539637 15
1 0.666302
3 0.757657 8
2 0.912251 7.5e-05
0 0.483481 muslb
4 0.30404 0.304119
0 0.846409 xcrvo
0 0.876959 vwzqk
0 0.234994 fihgg
2 0.758273 0.000349
3 0.216281 37
2 0.060528 0.000377
3 0.57739 39
3 0.128523 32
4 1.6e-05 3.5e-05
3 0.927498 21
0 0.037635 tnxnh
3 0.496221 19
0 0.254494 qjqhg
3 0.959337 23
3 0.719476 43
1 0.27691
2 0.786289 0.000829
0 0.713787 qvsdo
4 0.863846 0.863938
2 0.360067 0.000961
0 0.130914 jcwtt
2 0.462175 0.000871
0 0.951564 qsgyp
1 0.765043
2 0.410276 0.000812
0 0.467032 jagyr
1 0.311344
1 0.848752
3 0.994006 49
0 0.972534 tflcm
3 0.429191 31
2 0.214135 0.000933
2 0.281135 0.000561
2 0.310015 0.000593
3 0.806287 29
3 0.323872 16
0 0.81504 ezary
2 0.449894 0.00047
2 0.059181 0.00054
0 0.488372 vitof
4 0.994169 0.994245
4 0.601762 0.601858
3 0.166244 46
2 0.954612 0.000641
4 0.591732 0.591759
1 0.417303
0 0.927595 lqxhv
4 0.957128 0.95719
4 0.358788 0.358844
4 0.217116 0.217134
1 0.320912
3 0.075327 8
3 0.029939 2
2 0.621671 0.000631
0 0.555327 zhucy
2 0.243035 0.000878
4 0.186226 0.186325
3 0.983025 37
0 0.773994 gzwyf
0 0.218625 orpzx
0 0.845141 yinql
3 0.834883 49
3 0.663944 27
2 0.642968 0.000502
4 0.7883 0.788349
4 0.426302 0.426381
3 0.17327 34
0 0.551134 wingt
3 0.600501 1
3 0.570129 15
1 0.405012
1 0.979174
2 0.665449 0.000147
2 0.532929 0.000996
3 0.959231 25
3 0.648853 12
3 0.199987 45
3 0.064144 1
1 0.773443
0 0.538612 ronuj
0 0.60508 hluok
0 0.244714 gfjsg
3 0.687777 36
3 0.375175 47
4 0.665026 0.665036
2 0.071731 0.000674
0 0.048566 eqlav
1 0.985538
1 0.625706
2 0.596533 0.000772
3 0.512143 17
2 0.872813 0.000867
1 0.238002
2 0.123931 0.000801
2 0.788958 0.000511
1 0.860689
0 0.410504 ccikp
1 0.816783
4 0.121557 0.121598
1 0.506071
1 0.40584
0 0.586202 gnwsg
2 0.638761 0.000696
3 0.789535 37
0 0.200039 ltphr
4 0.690011 0.690074
2 0.60201 0.000872
0 0.417134 tdyxj
3 0.238504 41
3 0.678242 48
1 0.42329
3 0.642508 29
3 0.358899 24
3 0.887783 42
0 0.236227 xbpet
1 0.722301
3 0.59711 28
4 0.502045 0.502063
3 0.263889 28
2 0.967737 0.000552
4 0.784806 0.784866
3 0.929279 12
3 0.061741 7
4 0.299675 0.299703
1 0.604842
1 0.976082
4 0.932609 0.932653
4 0.570193 0.570235
2 0.962633 0.000831
1 0.033315
3 0.617325 41
4 0.126385 0.12648
1 0.510697
0 0.424608 efhbk
3 0.021525 16
1 0.513959
0 0.618726 zqnoy
2 0.599629 0.000802
4 0.455549 0.455576
1 0.579924
4 0.409611 0.409693
4 0.690438 0.69048
3 0.084135 9
4 0.810211 0.810264
4 0.141129 0.14115
1 0.799192
4 0.132922 0.132948
1 0.631303
4 0.681209 0.681213
3 0.349688 20
4 0.144553 0.144636
3 0.966467 21
2 0.603877 0.000108
2 0.565107 0.000671
2 0.064213 0.000801
3 0.593631 43
3 0.726553 21
1 0.087273
4 0.214691 0.214765
0 0.959347 kvstn
3 0.735912 3
2 0.554314 0.00063
2 0.655276 8.9e-05
4 0.023543 0.023598
2 0.861584 0.000286
0 0.788124 tnnii
3 0.475792 0
0 0.488369 rbsjp
4 0.286618 0.286648
1 0.6126
2 0.991327 4.2e-05
3 0.531223 47
0 0.062316 vyyfl
3 0.961548 39
3 0.160373 10
4 0.357119 0.357153
4 0.032672 0.032691
2 0.809302 0.00047
0 0.458821 dacan
2 0.918235 0.000428
0 0.615518 ffgmk
1 0.232846
0 0.45951 naxdi
3 0.976861 30
2 0.430683 0.00038
3 0.392185 24
0 0.401261 zgjnd
0 0.876606 usxwn
2 0.562617 0.000602
0 0.480867 rgkpx
0 0.970247 tbuto
3 0.705355 5
1 0.024852
1 0.420946
4 0.975857 0.975934
3 0.79982 10
1 0.856629
2 0.665368 0.000806
0 0.552096 nsbym
0 0.216426 ofypq
3 0.335587 37
1 0.811807
1 0.931746
2 0.400166 0.000106
0 0.773147 bodxr
4 0.766432 0.766509
4 0.058159 0.058234
1 0.845601
1 0.962897
1 0.601038
2 0.470365 0.000356
2 0.094855 0.000972
1 0.695201
0 0.530713 slsyy
4 0.110861 0.110909
0 0.777712 pyjha
0 0.179845 tiezm
4 0.689824 0.689887
4 0.467149 0.467243
2 0.176219 6e-05
2 0.203748 0.000376
0 0.982712 rvgpb
4 0.078663 0.078726
0 0.249834 hqili
3 0.752387 32
4 0.219536 0.219563
2 0.912107 0.000839
1 0.115855
0 0.817276 zplej
3 0.843028 7
1 0.913016
1 0.438981
2 0.842865 0.000811
2 0.905427 0.00098
0 0.174166 rnuhs
2 0.760382 0.000485
2 0.628949 0.000114
4 0.386681 0.386726
2 0.052702 0.000596
0 0.85181 hclvh
3 0.776951 38
2 0.904283 0.000966
4 0.6924 0.692401
3 0.664943 2
0 0.941678 jrrqh
1 0.136449
1 0.526363
2 0.852188 0.000113
1 0.902344
4 0.972904 0.972952
0 0.613482 mfmjl
4 0.973627 0.973723
2 0.431657 0.000885
2 0.002284 0.000637
3 0.992297 38
4 0.518661 0.518696
3 0.896834 41
1 0.650941
2 0.943723 0.000197
0 0.067948 yxprj
0 0.367634 wqxhn
0 0.995623 vfmwf
3 0.49163 33
3 0.540373 19
1 0.491461
2 0.227258 0.000196
2 0.49729 0.000215
3 0.711899 20
3 0.595885 49
1 0.696208
3 0.34247 48
3 0.567827 28
0 0.816895 crbxf
0 0.26144 yvcex
1 0.966565
4 0.322826 0.322909
4 0.873777 0.873814
3 0.418067 9
3 0.95798 38
4 0.518518 0.518531
2 0.585637 0.000219
0 0.605228 bigem
0 0.37733 fkmlz
4 0.038653 0.038693
2 0.541642 0.00079
1 0.387101
1 0.316242
0 0.04057 unlzi
1 0.541977
4 0.076765 0.076822
1 0.418489
4 0.436499 0.436541
1 0.663737
2 0.243897 0.000802
0 0.93379 pfygi
0 0.344851 afzpd
4 0.622335 0.622404
3 0.631525 28
1 0.309954
4 0.26337 0.26337
2 0.670234 0.00025
1 0.115751
2 0.763717 0.000911
1 0.792326
0 0.283552 jfbce
3 0.01491 27
2 0.222303 0.000139
1 0.199906
4 0.964572 0.964632
4 0.744294 0.744306
1 0.93088
4 0.284939 0.284971
1 0.048656
3 0.455883 34
3 0.255787 14
4 0.093136 0.093194
0 0.469524 czwfs
0 0.830181 xbzla
1 0.184395
2 0.357772 0.000334
4 0.043331 0.043373
4 0.499214 0.49929
3 0.957436 39
1 0.505517
1 0.170871
0 0.051352 hoifq
4 0.487721 0.487819
3 0.438679 43
2 0.796452 0.000627
3 0.356135 19
2 0.855349 0.000998
0 0.643054 tchxf
1 0.258365
4 0.925613 0.925624
4 0.808548 0.808587
1 0.003989
3 0.562479 34
4 0.040125 0.040186
3 0.987104 4
3 0.452074 7
4 0.341424 0.341463
3 0.633315 49
2 0.204457 0.000328
3 0.979174 42
4 0.038685 0.038736
4 0.245877 0.245909
3 0.457142 14
3 0.01804 35
0 0.639901 htyhk
4 0.412941 0.412951
3 0.270475 19
1 0.002271
3 0.71372 30
1 0.083924
1 0.22226
3 0.144639 2
2 0.419874 0.000488
3 0.223971 25
4 0.380224 0.380318
0 0.379434 oqjcl
4 0.07317 0.07323
2 0.075441 0.000405
3 0.251473 36
2 0.409814 4.8e-05
0 0.070805 bfeyu
3 0.434966 16
2 0.712712 0.000349
3 0.586113 27
1 0.872456
2 0.205532 0.000626
2 0.177045 0.000419
3 0.37863 44
1 0.817546
4 0.302215 0.302287
1 0.792895
3 0.904802 0
2 0.66432 0.000477
1 0.148669
0 0.21536 xakby
1 0.085243
3 0.119917 28
3 0.425161 0
2 0.656571 0.000372
4 0.958786 0.95883
0 0.268034 liigy
4 0.32994 0.330024
1 0.061652
3 0.437547 20
4 0.946023 0.946041
2 0.115191 0.000235
3 0.179342 48
3 0.907631 19
2 0.308925 0.000458
1 0.382766
4 0.313503 0.313563
0 0.014197 xumqt
2 0.647997 0.000154
3 0.631556 42
1 0.720869
0 0.421063 fpwwp
0 0.954747 qatir
3 0.663034 28
2 0.523524 4.2e-05
2 0.445666 0.000391
1 0.549981
4 0.291309 0.291324
1 0.53303
1 0.998799
0 0.170453 lledf
3 0.203008 1
1 0.851844
2 0.131912 0.000878
2 0.438634 0.000402
4 0.455611 0.45568
2 0.653094 5e-05
1 0.944403
2 0.262039 0.000785
3 0.77719 30
4 0.87158 0.871654
3 0.771959 37
2 0.974967 0.000739
0 0.826811 vtshx
4 0.952356 0.952424
4 0.447268 0.447344
4 0.900285 0.900352
0 0.493139 kwmcw
3 0.650349 26
2 0.625316 0.000865
3 0.968479 10
2 0.826521 0.000185
1 0.239318
1 0.371967
0 0.736806 dvufo
1 0.013085
0 0.908111 xmrob
0 0.918314 kqdua
1 0.647163
3 0.644428 34
3 0.559866 2
4 0.296672 0.296732
2 0.484706 0.000313
3 0.902359 48
3 0.810471 0
3 0.113324 38
2 0.066527 0.000852
3 0.161397 35
2 0.224747 0.000626
2 0.951768 0.000216
2 0.187431 0.000645
4 0.603591 0.603669
2 0.347257 0.000551
3 0.104007 7
1 0.056357
0 0.596861 wjmnp
2 0.255834 0.000489
0 0.491812 ixeeq
0 0.610992 qavsy
2 0.685203 0.000206
2 0.11036 0.000742
4 0.274501 0.274556
2 0.76161 0.000695
3 0.042821 33
0 0.12631 sswnm
0 0.445054 bbafg
3 0.114651 29
2 0.107857 0.000531
4 0.5846 0.584693
2 0.174555 0.000302
3 0.944251 12
1 0.571436
2 0.873991 0.000154
2 0.565938 0.000784
2 0.817695 0.000945
0 0.09543 vrqtq
1 0.700595
2 0.418891 0.00074
1 0.109799
4 0.840929 0.840931
1 0.58861
3 0.197066 4
4 0.918435 0.918527
3 0.523334 39
1 0.824253
4 0.432633 0.432669
1 0.980077
3 0.48243 4
4 0.699377 0.699405
3 0.938117 0
2 0.701863 7.9e-05
1 0.172519
2 0.754044 0.000937
1 0.17674
2 0.91724 0.000868
1 0.659929
1 0.668312
1 0.39582
3 0.375634 47
1 0.852211
1 0.224182
0 0.01191 mflgy
0 0.320805 hidmo
0 0.534246 xbjrv
0 0.709673 zqvwh
4 0.453787 0.453876
1 0.98205
3 0.123988 25
2 0.45723 0.000172
4 0.060869 0.060924
3 0.357599 14
0 0.408198 zbxax
0 0.313778 tbusj
1 0.08173
0 0.449644 veqqc
2 0.407128 0.000852
3 0.343235 2
2 0.888649 0.000149
0 0.887429 ebiic
2 0.01949 6e-06
4 0.647433 0.647445
2 0.729164 0.000107
4 0.309296 0.309323
3 0.585252 37
2 0.018259 0.000968
3 0.933703 20
4 0.85664 0.856739
3 0.201561 33
2 0.410773 0.000597
2 0.786132 0.000884
3 0.574944 11
4 0.281403 0.28149
0 0.53233 offtg
3 0.346291 6
3 0.796346 26
3 0.652986 25
1 0.370899
3 0.208878 25
3 0.801683 7
2 0.041921 0.000453
0 0.527675 hirbe
0 0.452906 vlcco
0 0.703607 ynkuv
0 0.382539 pedqh
1 0.231823
4 0.637347 0.637397
2 0.63819 0.000927
1 0.271833
0 0.282189 vtdaf
2 0.957858 0.000266
2 0.471636 0.000112
3 0.859855 36
1 0.049757
3 0.479324 32
4 0.116671 0.116753
2 0.271213 0.000709
3 0.543046 19
4 0.37585 0.3759
1 0.599563
2 0.079154 0.000883
3 0.404153 0
0 0.392141 tacyw
0 0.30007 pljnx
4 0.746138 0.746219
2 0.289185 0.000602
3 0.181387 4
4 0.78095 0.780962
3 0.307833 32
4 0.151335 0.151378
2 0.555301 0.000339
1 0.577954
3 0.967358 26
4 0.099748 0.099801
1 0.305919
2 0.912602 0.000122
2 0.554004 0.000509
1 0.510404
4 0.618075 0.618084
4 0.778408 0.778476
2 0.054151 0.000273
0 0.767842 oeubo
1 0.131984
4 0.188078 0.188082
4 0.360015 0.360071
0 0.821137 jpydn
2 0.655802 0.000448
3 0.43421 19
2 0.004713 0.000442
3 0.288907 20
4 0.133017 0.133021
2 0.928001 0.000541
4 0.632431 0.632476
3 0.992446 3
3 0.813583 19
3 0.793581 46
4 0.71339 0.71344
3 0.397195 13
2 0.996333 0.000878
1 0.098808
1 0.911926
2 0.425657 0.000508
3 0.883161 39
0 0.373564 gitbn
3 0.462901 8
2 0.692643 0.000258
2 0.089839 0.000423
1 0.602524
2 0.048537 0.000684
0 0.95098 kluns
0 0.809076 nfkkr
3 0.444101 9
3 0.423355 17
0 0.115998 dvtbj
3 0.456305 29
2 0.560097 0.000311
1 0.934044
3 0.968571 2
1 0.777648
3 0.304374 38
1 0.710423
3 0.709482 32
3 0.649189 1
4 0.765188 0.765216
4 0.487377 0.487408
0 0.817047 aejti
0 0.39842 qaqiq
3 0.594567 45
4 0.820402 0.820429
2 0.469591 0.00098
3 0.751131 9
2 0.238509 0.000792
0 0.566952 zswoz
3 0.059104 36
3 0.414043 34
3 0.743229 5
3 0.337797 2
2 0.674551 0.00098
0 0.144142 qvqzo
0 0.512666 frtjb
4 0.835141 0.835169
1 0.368279
1 0.171569
3 0.361526 48
0 0.00542 peglf
2 0.103993 0.000617
3 0.515619 41
1 0.165754
2 0.410111 0.000545
1 0.966748
0 0.018353 oaooj
4 0.321171 0.321179
4 0.090118 0.090151
3 0.049969 40
3 0.153962 8
1 0.669581
1 0.196144
2 0.561308 0.000607
2 0.856516 0.000355
2 0.333793 0.000597
3 0.568597 19
4 0.974969 0.974974
0 0.812492 fhhos
4 0.47999 0.480017
1 0.325298
0 0.325179 izwzl
0 0.464625 gzkmm
2 0.449354 0.000564
4 0.36056 0.360581
3 0.449826 27
1 0.036125
1 0.624132
0 0.508166 ufnhu
0 0.281775 jyrxt
4 0.308423 0.308489
4 0.957559 0.95759
3 0.678821 15
4 0.671548 0.671561
1 0.032986
1 0.625704
4 0.329076 0.329145
0 0.933986 alxbs
1 0.427068
4 0.145487 0.145578
2 0.774271 0.000633
3 0.097971 17
3 0.293144 32
2 0.481044 0.000395
1 0.030382
3 0.58912 37
0 0.572589 xalyx
3 0.219466 12
3 0.946562 49
1 0.938325
0 0.065641 vxcxw
0 0.343708 jokqd
4 0.281555 0.281558
1 0.441942
1 0.978515
3 0.608781 10
4 0.631816 0.631897
2 0.657315 0.000723
4 0.530061 0.530142
3 0.212302 24
2 0.859236 0.000562
1 0.052904
0 0.210923 cjnpl
1 0.685551
3 0.612589 17
4 0.388014 0.388108
4 0.269096 0.269194
1 0.732171
3 0.457814 2
1 0.670117
1 0.71551
3 0.03044 37
4 0.292836 0.292848
0 0.781939 krtdt
2 0.77349 0.000891
3 0.161505 38
2 0.946953 8.8e-05
3 0.679124 1
0 0.982828 syzxi
2 0.064559 0.000171
0 0.305671 mysst
1 0.817211
3 0.871493 23
2 0.334798 0.000114
2 0.530274 0.000665
2 0.029455 0.000877
4 0.825162 0.825162
3 0.651309 11
4 0.286645 0.286728
2 0.220271 0.000779
3 0.702099 27
0 0.623524 wrphk
1 0.836262
0 0.248439 lhvwy
3 0.737505 19
1 0.388815
1 0.292923
2 0.722066 0.000212
3 0.672845 18
3 0.076475 13
4 0.190093 0.190141
4 0.175204 0.175259
2 0.011466 0.000127
3 0.894355 17
2 0.806698 0.000737
2 0.544204 0.000756
3 0.631791 33
3 0.376081 18
1 0.489699
3 0.481378 14
3 0.671471 13
4 0.846675 0.846745
3 0.374494 49
2 0.268849 0.000619
4 0.075547 0.075603
3 0.136103 12
1 0.585474
2 0.792157 0.000657
2 0.68459 0.000276
0 0.690641 zafor
2 0.04771 0.000237
4 0.810704 0.810787
4 0.020766 0.020798
3 0.537092 31
1 0.852435
0 0.871985 nqxjr
2 0.252822 0.000695
2 0.459815 0.000476
1 0.260723
1 0.090207
0 0.087533 wbtoe
0 0.957306 zgcmh
0 0.022395 fuemz
1 0.729503
2 0.90269 0.000149
0 0.942513 htotn
4 0.955737 0.955816
4 0.739252 0.739332
4 0.305599 0.305653
0 0.823585 qmtdn
0 0.803406 nnizv
1 0.573735
2 0.442472 0.000488
3 0.83833 33
2 0.310419 0.000414
4 0.566023 0.566069
3 0.871623 0
3 0.695208 13
1 0.057541
1 0.564564
2 0.092134 0.000511
1 0.141396
2 4.5e-05 0.000808
2 0.823609 0.000632
2 0.160867 0.000962
2 0.42641 0.000733
1 0.631535
4 0.403732 0.403796
4 0.09894 0.099018
0 0.156482 eexle
4 0.843537 0.843564
1 0.185697
1 0.337875
4 0.253126 0.253168
4 0.210378 0.210382
2 0.784397 0.0008
4 0.115009 0.11503
1 0.163074
3 0.594159 4
0 0.266993 swomq
0 0.189091 ssqzd
0 0.57147 trayc
0 0.498629 jkzjk
3 0.711355 37
3 0.978348 49
2 0.607864 0.000353
1 0.751601
0 0.358018 teqrm
2 0.416455 0.000521
3 0.385284 15
3 0.400265 45
2 0.957129 0.00052
2 0.097359 7.1e-05
2 0.61851 0.000893
4 0.485216 0.485292
0 0.541013 sjcot
3 0.335694 11
1 0.881727
2 0.418596 0.000357
0 0.383291 gzlpp
2 0.169929 0.000229
4 0.304791 0.304865
0 0.790007 lcwvj
3 0.687611 39
1 0.023305
3 0.223912 32
2 0.158861 0.000742
2 0.058504 0.000689
2 0.523687 0.000906
0 0.814821 qlteh
3 0.638338 23
1 0.485711
0 0.817596 irerw
1 0.709331
2 0.353895 0.000544
4 0.163165 0.163214
0 0.817592 bjsgf
2 0.936255 0.000961
2 0.718331 0.000473
0 0.100156 rhvyd
3 0.84855 27
2 0.202446 0.000121
3 0.881963 20
3 0.681035 9
1 0.662524
1 0.753822
4 0.985334 0.985343
1 0.062295
2 0.208597 0.00012
2 0.825106 0.00019
1 0.994699
4 0.453751 0.45379
0 0.622328 ziygm
4 0.904944 0.90504
0 0.027411 ifjcm
2 0.074349 0.000438
1 0.799299
3 0.452365 5
0 0.446871 owreq
3 0.556806 0
2 0.943453 6.1e-05
2 0.018661 0.00016
3 0.661526 48
1 0.656668
0 0.302817 udmju
0 0.465469 wtxyc
3 0.07345 38
3 0.320908 41
4 0.289042 0.289133
0 0.457111 mlhsr
3 0.102098 16
1 0.303681
4 0.038485 0.038567
0 0.020307 whmam
2 0.198751 0.000764
2 0.036011 0.000958
4 0.841405 0.841454
4 0.298517 0.298521
0 0.417154 kwees
1 0.98969
2 0.785766 2.4e-05
4 0.322425 0.322503
3 0.994504 31
1 0.590408
4 0.164135 0.16422
1 0.523093
4 0.9517 0.95172
4 0.259449 0.259524
2 0.295937 0.000539
0 0.75514 dbpfe
0 0.134364 gimdp
3 0.802927 33
4 0.783225 0.783302
0 0.604928 bwngv
1 0.512631
0 0.057767 eqcnl
4 0.786788 0.786806
0 0.965301 qlued
3 0.225074 10
0 0.867803 patau
1 0.11328
2 0.249233 0.000347
2 0.866782 0.000554
2 0.09529 0.000342
3 0.39843 12
3 0.363732 7
4 0.220378 0.220476
1 0.879951
2 0.670416 0.000453
1 0.260294
3 0.095455 47
0 0.952132 ymdts
1 0.842024
3 0.474496 38
4 0.35458 0.354675
3 0.574958 45
4 0.971261 0.971278
3 0.326714 45
2 0.762598 0.0004
1 0.036765
2 0.01772 0.000739
3 0.946496 43
1 0.700178
0 0.663292 saeiq
1 0.623741
3 0.583679 36
0 0.554941 pbplc
0 0.45635 ihjcf
4 0.250708 0.250715
0 0.467238 swfnm
4 0.833608 0.833649
1 0.035682
2 0.273067 0.000539
0 0.504071 wjnhs
0 0.805582 zjyeb
4 0.239326 0.239357
2 0.077912 0.000907
2 0.400577 0.000515
0 0.55501 dwdkn
1 0.303036
0 0.181226 mqzla
2 0.770208 0.000797
2 0.647062 0.000123
0 0.507507 yigkb
3 0.288848 36
3 0.624397 36
3 0.75619 3
4 0.059226 0.059272
0 0.397706 mlxfx
1 0.701746
4 0.508096 0.508117
2 0.015603 0.000294
2 0.425699 0.000275
2 0.752725 0.000123
0 0.63476 qefsm
2 0.851641 0.000248
4 0.249347 0.249366
2 0.82382 0.000868
4 0.168502 0.168568
1 0.19295
2 0.153055 0.000553
1 0.952247
1 0.903329
1 0.435302
2 0.347456 0.000352
0 0.13987 sathw
1 0.533725
4 0.097383 0.097476
0 0.782237 rkzml
2 0.189228 0.000812
4 0.121336 0.12139
0 0.94892 ouioo
3 0.160867 43
0 0.847673 gazbp
4 0.220156 0.220202
1 0.973546
3 0.911354 42
3 0.616934 6
2 0.738271 0.00081
2 0.687191 0.00047
0 0.499919 tubwz
4 0.852375 0.852417
4 0.750126 0.750209
3 0.125471 41
4 0.656727 0.656764
4 0.568081 0.56811
2 0.666021 0.000639
3 0.133907 32
1 0.934137
3 0.386754 7
0 0.391456 gwxmm
3 0.919897 21
1 0.780488
2 0.80886 0.000626
2 0.376941 0.000107
4 0.078309 0.078402
1 0.517948
4 0.816358 0.81644
0 0.266847 deovh
1 0.50656
3 0.17814 20
3 0.61439 42
1 0.394878
1 0.214161
1 0.207203
0 0.370964 tkloz
3 0.213614 49
0 0.996813 mvthr
0 0.739005 fllvr
4 0.448999 0.449005
1 0.179512
4 0.631753 0.631759
4 0.34554 0.345554
1 0.065795
0 0.655752 kpjpg
2 0.554126 0.000557
4 0.344655 0.34475
2 0.388352 2.2e-05
3 0.353703 30
1 0.049568
0 0.751238 bfqnt
1 0.600176
0 0.992343 umtfd
1 0.334253
3 0.277059 44
3 0.257006 13
3 0.19938 2
3 0.015413 38
1 0.23096
3 0.052089 37
2 0.410412 0.000255
0 0.010589 wzkbu
3 0.940697 24
3 0.970916 35
3 0.862141 41
1 0.141719
3 0.85272 46
1 0.607696
4 0.058995 0.059029
3 0.98576 41
3 0.512701 13
4 0.295571 0.295641
1 0.773661
2 0.102677 5e-06
3 0.491262 45
2 0.653205 0.000696
1 0.014529
2 0.186801 0.000617
3 0.193708 16
4 0.769055 0.769107
3 0.754815 43
3 0.783868 8
4 0.079439 0.079519
3 0.369453 47
0 0.955458 jkxsp
1 0.670008
1 0.997505
0 0.283454 vuwmr
2 0.792508 9.3e-05
2 0.808983 0.000961
2 0.89929 0.000753
2 0.665378 0.000235
1 0.864389
0 0.959521 fkuhz
0 0.198472 fbkld
4 0.445579 0.445602
2 0.010148 5.9e-05
1 0.385075
4 0.118779 0.118813
2 0.474985 0.000541
2 0.819353 0.00093
0 0.778874 aasvq
3 0.437366 28
4 0.71906 0.719143
4 0.336679 0.336694
3 0.077744 13
4 0.20977 0.209861
3 0.844901 25
2 0.836238 0.000466
1 0.655591
4 0.450566 0.450583
0 0.833529 fcmfn
2 0.095062 0.000709
2 0.358693 0.00074
2 0.495048 0.000484
3 0.829462 6
4 0.631759 0.631848
2 0.112655 0.000686
3 0.316756 4
2 0.934441 0.000134
0 0.79102 lqvhw
3 0.385547 30
0 0.382352 nhwvf
1 0.732169
3 0.261067 10
0 0.890074 ercnu
1 0.653087
3 0.448643 47
3 0.082664 7
0 0.762394 lglek
2 0.69358 0.000312
0 0.787811 bafkj
0 0.23014 twniq
2 0.985504 0.000755
4 0.226572 0.226643
3 0.739028 16
0 0.914268 edbzv
4 0.10164 0.101689
3 0.125499 30
2 0.40358 0.000538
4 0.97522 0.975246
0 0.951735 dbmrv
2 0.851562 5.7e-05
0 0.876468 yryyw
0 0.03313 wzbil
4 0.962763 0.962767
1 0.375096
1 0.750443
0 0.517838 uwkpu
3 0.188752 35
3 0.06522 29
3 0.176526 27
0 0.310482 mdylb
3 0.219598 4
2 0.505644 0.0002
0 0.772439 fqsva
2 0.6809 0.000525
4 0.235736 0.235766
0 0.315617 zrujr
4 0.45159 0.451647
3 0.37993 7
1 0.787386
4 0.056217 0.056303
0 0.828656 ifwcp
0 0.726445 sqtvx
1 0.385391
0 0.952336 xaaez
2 0.145399 0.000443
1 0.201616
0 0.576676 qttlv
0 0.263616 sddch
0 0.255128 dcnaa
1 0.271539
2 0.879859 0.000596
4 0.541611 0.54165
0 0.743227 xsoch
3 0.614872 28
4 0.597316 0.597394
2 0.058293 0.000715
2 0.829773 0.000295
1 0.81825
4 0.973554 0.973637
0 0.675508 cemod
4 0.300685 0.300748
0 0.10689 aqyag
2 0.87683 0.000717
4 0.935123 0.935207
3 0.281248 29
4 0.615851 0.615941
0 0.235486 bzjpl
4 0.273333 0.27335
0 0.911786 jnbhv
2 0.851032 0.000906
3 0.302507 42
3 0.583756 23
4 0.715959 0.716023
0 0.951445 zgrvh
1 0.139486
3 0.088343 33
0 0.30471 blzry
4 0.238507 0.238538
4 0.541015 0.541089
2 0.641123 0.000447
2 0.357082 0.000763
2 0.308527 0.000872
2 0.511306 2.5e-05
3 0.006525 11
3 0.094868 44
1 0.915931
3 0.167354 46
1 0.976027
1 0.110299
4 0.011515 0.011529
3 0.968795 39
2 0.666577 0.000871
1 0.305591
0 0.816833 xekbb
2 0.47265 0.000628
3 0.98967 33
2 0.861462 0.000362
3 0.971761 23
0 0.139427 ahmja
1 0.412187
0 0.137541 vdgub
4 0.986557 0.986639
4 0.97556 0.975571
2 0.96523 0.000446
1 0.343044
0 0.210811 ieoib
4 0.951504 0.951587
4 0.098295 0.098317
4 0.752189 0.752219
0 0.908139 zuiel
3 0.703404 4
2 0.184987 0.000902
4 0.528031 0.528093
0 0.359189 rjvpa
2 0.427876 0.000585
2 0.884899 1.6e-05
1 0.492181
2 0.588958 0.000764
0 0.817729 wuxhv
3 0.398782 33
3 0.11644 24
1 0.068281
2 0.544719 0.000122
4 0.972596 0.972655
3 0.373847 26
2 0.38238 0.000878
0 0.099496 jmamo
4 0.428257 0.428318
4 0.596921 0.596965
0 0.301351 ffrbu
4 0.66114 0.661155
2 0.454551 0.000281
1 0.611627
3 0.769276 7
3 0.868772 48
4 0.413228 0.413324
2 0.589698 0.000153
3 0.583167 26
4 0.954372 0.954449
0 0.578854 funvt
3 0.122605 8
4 0.509501 0.509587
4 0.795129 0.795172
2 0.852017 0.000129
4 0.863637 0.863664
0 0.070402 rjypd
4 0.815925 0.815985
4 0.118663 0.118683
1 0.042316
2 0.37289 0.000602
0 0.879728 avnfh
2 0.922688 0.000793
3 0.786325 21
0 0.856727 ixbrm
1 0.724669
2 0.789177 0.000684
4 0.783209 0.783209
1 0.672451
2 0.358971 0.000179
0 0.307382 wvciu
2 0.180632 0.000975
0 0.672287 kacmy
3 0.895699 45
2 0.684876 0.000229
3 0.468085 31
4 0.656888 0.656923
2 0.725419 0.00049
4 0.372374 0.372426
0 0.912709 ppypd
1 0.919337
4 0.557407 0.557495
3 0.893304 30
0 0.588885 viwcd
3 0.872615 0
0 0.073019 bguhq
0 0.629455 hhass
4 0.358743 0.358791
2 0.273523 0.000104
4 0.87318 0.873269
0 0.940923 vigkl
3 0.119355 2
0 0.027354 mafbe
3 0.211195 45
2 0.970588 0.000411
2 0.287389 0.000215
0 0.497493 hjjwj
0 0.983245 arofp
2 0.724724 0.000865
4 0.880137 0.880209
0 0.665006 dtrak
4 0.941399 0.941471
4 0.485664 0.485729
2 0.419462 0.0003
4 0.85239 0.852404
1 0.471086
2 0.023256 0.000869
3 0.199473 30
1 0.418498
0 0.891022 jtbga
1 0.789212
3 0.004222 28
0 0.620254 cyajb
2 0.404741 0.00038
4 0.025895 0.025983
0 0.888125 rwtmg
0 0.19482 lirix
2 0.802385 0.000707
2 0.265776 0.000962
0 0.308467 qajfw
3 0.691461 37
3 0.818943 12
4 0.614705 0.614711
3 0.845843 21
3 0.52335 16
3 0.145163 49
2 0.947548 0.000109
0 0.213324 ktlfv
1 0.419353
3 0.911869 46
3 0.049456 2
1 0.956977
2 0.462713 0.000893
1 0.607876
0 0.436695 pzgsv
0 0.839597 bfhyk
0 0.388852 uudgm
0 0.406238 pyoea
1 0.587798
0 0.734108 yucxn
1 0.45187
2 0.343671 0.000418
1 0.105357
0 0.383488 qiqwf
2 0.839415 0.000223
2 0.223613 0.000791
2 0.070525 0.000604
2 0.558017 0.000713
2 0.600934 0.000577
2 0.445304 0.000621
2 0.129272 0.000292
3 0.468785 1
0 0.852273 rvpyl
4 0.576911 0.576999
1 0.852467
4 0.46177 0.461818
2 0.062704 0.000126
1 0.024361
2 0.616846 0.000985
1 0.451359
0 0.884745 qqubp
2 0.709487 0.000291
0 0.966575 onmrk
1 0.379252
3 0.87119 31
4 0.862316 0.862398
0 0.220415 zfsxq
3 0.200181 42
3 0.672803 34
3 0.898642 28
3 0.865217 8
2 0.021375 0.000275
0 0.718016 nmokv
4 0.741245 0.741285
1 0.640325
0 0.9938 fildj
4 0.896453 0.896497
2 0.795095 0.000272
2 0.660312 0.000682
0 0.91197 qcucy
0 0.84555 rjljy
1 0.457604
3 0.688422 46
3 0.445046 36
2 0.726728 0.000718
4 0.334038 0.334133
4 0.129875 0.129915
3 0.901074 34
2 0.929871 0.000569
4 0.082641 0.082712
1 0.742528
3 0.114639 13
1 0.088596
3 0.321839 42
1 0.766885
0 0.183833 rctum
0 0.473879 cmjeb
1 0.766591
4 0.903817 0.903831
0 0.162697 zagdc
0 0.558059 uunzw
3 0.068803 9
2 0.752848 0.00082
3 0.349234 38
3 0.817108 49
4 0.834501 0.834566
1 0.997199
2 0.937757 0.000961
2 0.185887 0.000779
4 0.981611 0.981643
1 0.759515
3 0.649609 18
2 0.844876 0.000519
2 0.030374 0.000105
2 0.623529 0.000713
0 0.037861 ctvyw
4 0.493998 0.49406
2 0.376635 0.000549
1 0.333684
2 0.309391 3e-05
2 0.793214 0.000991
3 0.254096 17
2 0.175151 0.000593
2 0.894243 0.000123
2 0.626186 0.000984
1 0.124162
4 0.93988 0.939895
3 0.433878 27
1 0.326865
3 0.078265 34
4 0.618156 0.618232
4 0.388605 0.388648
1 0.563756
2 0.54411 0.000351
2 0.381497 0.000537
1 0.5065
0 0.392248 yifju
4 0.239828 0.239854
4 0.933082 0.93315
1 0.758366
2 0.290353 0.000642
2 0.678958 0.000138
0 0.759066 rhlqb
2 0.573987 0.000258
4 0.966235 0.966325
1 0.484097
3 0.602974 3
3 0.0691 7
0 0.094368 ujvjk
1 0.369969
4 0.515964 0.516051
1 0.099872
1 0.43138
1 0.745463
2 0.852214 0.0003
2 0.417535 0.000274
0 0.037668 hsfxu
3 0.286604 32
4 0.279122 0.279125
3 0.311438 40
4 0.927662 0.927708
4 0.025644 0.025706
4 0.111883 0.111967
4 0.665465 0.665502
1 0.083
1 0.278413
0 0.76449 qfwzw
2 0.352383 0.00052
0 0.363038 ekejr
4 0.379862 0.379874
1 0.377713
0 0.516777 hvahd
1 0.083438
1 0.990816
2 0.336145 0.000104
3 0.531921 47
4 0.888794 0.888858
2 0.264125 0.000169
3 0.684207 37
4 0.957417 0.957454
1 0.900723
0 0.193765 xzent
4 0.844328 0.844412
3 0.249474 48
3 0.029951 20
3 0.714159 7
2 0.810932 0.000257
4 0.769067 0.769121
1 0.59072
2 0.385988 0.000399
2 0.274055 0.000164
4 0.152938 0.152988
1 0.704926
4 0.816336 0.816398
0 0.065811 arykh
3 0.21534 32
1 0.814597
1 0.422625
3 0.014912 47
2 0.917253 9.6e-05
0 0.70766 ogzgy
0 0.498817 klkbq
4 0.628722 0.628805
4 0.471347 0.471423
1 0.078204
1 0.077228
1 0.246016
4 0.712651 0.712728
2 0.907807 0.000628
1 0.042267
0 0.73722 jncwc
3 0.187449 30
2 0.658797 0.000606
0 0.300054 thpva
0 0.682161 uwndr
0 0.057288 wmvus
3 0.601109 33
0 0.283869 yeirl
4 0.108388 0.108446
4 0.472325 0.472396
4 0.91349 0.913522
0 0.211684 feaft
0 0.81691 wxwhd
3 0.897148 35
3 0.314015 19
0 0.688489 ostbu
2 0.211489 0.000729
0 0.640919 gtyat
4 0.415632 0.41572
4 0.666106 0.666109
2 0.751434 0.000788
0 0.065449 owdna
0 0.213454 erxxc
4 0.533612 0.533636
2 0.388544 0.000103
3 0.320528 41
2 0.069615 0.00055
3 0.78597 12
2 0.720758 0.000412
1 0.535368
0 0.639102 amjxw
3 0.381233 39
3 0.4798 4
4 0.375377 0.375427
2 0.346752 7.8e-05
4 0.044394 0.044439
4 0.596322 0.596337
1 0.899684
0 0.139825 yorab
2 0.609195 0.000917
2 0.643453 0.000502
4 0.604183 0.604185
0 0.672837 opvex
3 0.328177 45
2 0.078562 0.000687
0 0.641735 vunev
4 0.281429 0.281434
4 0.846931 0.846952
2 0.892234 0.000391
1 0.345617
0 0.712708 gkyjx
0 0.914782 nylzc
1 0.748295
3 0.511793 7
1 0.219377
3 0.309144 16
0 0.841365 xkvqc
4 0.964512 0.964536
2 0.921821 5.5e-05
4 0.304228 0.304317
1 0.185796
3 0.322295 3
2 0.586942 0.000556
0 0.94875 qlcih
0 0.982856 afnct
2 0.654615 0.000868
1 0.092788
0 0.87959 rjfex
0 0.838218 jkafo
1 0.852596
1 0.985716
1 0.5888
4 0.871138 0.871141
3 0.46438 20
4 0.912216 0.912275
4 0.308159 0.308235
1 0.663634
3 0.171468 5
1 0.17311
0 0.615537 kzvxg
0 0.202314 floek
4 0.161723 0.16179
4 0.296072 0.296108
3 0.557049 45
1 0.239842
1 0.590119
0 0.671138 wcqqo
0 0.818135 kfqav
4 0.378229 0.378318
1 0.48095
3 0.574213 40
2 0.899449 0.00044
3 0.049196 19
0 0.862578 ehuos
2 0.852906 0.000332
2 0.89131 0.000794
3 0.485557 3
2 0.337046 0.000599
0 0.866611 akjkv
4 0.415163 0.415216
0 0.794093 ftvak
0 0.132266 niqlk
1 0.821652
4 0.02015 0.020152
3 0.396101 2
1 0.862618
4 0.064647 0.064732
1 0.172287
3 0.519632 9
3 0.447276 21
4 0.177697 0.177795
2 0.826315 0.000278
2 0.211265 6.3e-05
4 0.049361 0.049376
4 0.585863 0.58588
4 0.498317 0.498388
0 0.360935 akcdz
2 0.338926 0.000101
0 0.786202 lfhkq
1 0.852815
1 0.194972
4 0.223682 0.22378
0 0.808851 gjbnj
3 0.969418 39
2 0.083712 0.000561
0 0.133165 flnyz
2 0.77472 0.000581
1 0.106555
4 0.535982 0.536009
1 0.276016
3 0.938421 18
0 0.13885 ormap
0 0.043666 ibche
3 0.937439 49
3 0.394551 21
2 0.103567 0.000726
3 0.63955 5
4 0.915566 0.915649
2 0.516786 0.000821
2 0.515529 0.000773
1 0.385263
1 0.516416
1 0.22793
2 0.534509 0.00053
0 0.078282 mxdsp
4 0.932287 0.932347
4 0.176779 0.176826
0 0.076474 fftvq
3 0.669824 47
1 0.720686
2 0.575326 0.00054
3 0.315763 5
4 0.62037 0.620382
1 0.595704
0 0.956153 afjxr
2 0.847717 0.000372
1 0.686938
4 0.568932 0.568987
3 0.755109 2
1 0.475795
2 0.997982 0.000335
0 0.830097 itutz
4 0.263187 0.263204
1 0.357306
1 0.22814
0 0.617595 tnstf
1 0.659802
2 0.81873 0.000105
3 0.294525 37
2 0.077978 0.000969
0 0.162659 ldyyr
0 0.292634 rjzyd
1 0.913856
0 0.952187 cghoz
4 0.489053 0.48914
1 0.761672
4 0.62231 0.622403
1 0.301321
4 0.205327 0.205346
0 0.503334 tajua
2 0.923078 0.000163
4 0.407458 0.40746
3 0.238543 21
4 0.838987 0.839052
4 0.723126 0.72315
3 0.721057 34
2 0.283248 0.000755
1 0.004927
1 0.868158
1 0.155651
4 0.570447 0.570536
1 0.750989
2 0.206935 0.000388
3 0.705989 46
