0 0.236089 znvoa
2 0.915098 0.0002
3 0.425906 20
4 0.846837 0.846839
4 0.617656 0.617699
3 0.521079 34
1 0.630978
4 0.07603 0.076099
4 0.756612 0.756656
0 0.494507 pxecz
4 0.192696 0.192715
0 0.209887 zdjcy
0 0.767623 nqexm
2 0.807504 0.000294
2 0.304295 0.000906
1 0.178657
0 0.31278 jmlfv
2 0.928446 7.1e-05
4 0.715224 0.715227
2 0.865191 0.00029
2 0.149166 0.000421
2 0.954221 0.000185
4 0.390253 0.390294
3 0.868055 37
1 0.661654
1 0.001391
1 0.834852
3 0.179427 28
4 0.577116 0.577192
0 0.668341 vtyes
3 0.125862 42
2 0.080083 0.000979
1 0.470336
1 0.620806
4 0.02771 0.027794
0 0.708056 ppciy
4 0.260375 0.260454
2 0.222802 0.000772
0 0.060884 dthll
1 0.399677
2 0.404031 0.000764
1 0.446404
2 0.509897 0.000114
2 0.542647 0.000522
0 0.582535 jewsb
1 0.110141
2 0.063054 0.000261
3 0.381221 29
1 0.031886
3 0.208384 13
3 0.495231 21
2 0.414973 0.000637
4 0.95762 0.95768
1 0.056507
3 0.730854 7
2 0.476187 0.000638
3 0.477026 44
2 0.538749 0.000265
3 0.188082 1
1 0.396467
0 0.837386 gmeuw
0 0.182395 gnhdv
2 0.821759 0.000271
4 0.814298 0.814308
0 0.807676 feysg
0 0.421723 svgtg
0 0.829471 dpfhe
1 0.800031
0 0.822581 qpysf
1 0.785187
2 0.959773 0.000341
0 0.932345 vmmbe
1 0.440131
3 0.222748 5
4 0.295633 0.295647
2 0.213528 0.00088
3 0.222329 13
2 0.569241 0.00037
4 0.730451 0.730487
1 0.21569
1 0.296724
2 0.493658 0.000576
0 0.364079 foaqe
0 0.528489 oindy
3 0.718544 33
4 0.679483 0.679509
4 0.233327 0.233356
2 0.08871 0.000672
4 0.385434 0.385513
2 0.818362 0.000964
3 0.604412 8
2 0.346946 0.000775
4 0.875435 0.875478
0 0.693138 pqywu
3 0.403213 37
4 0.152892 0.152958
1 0.241602
3 0.75887 38
3 0.58415 0
4 0.28986 0.289922
0 0.494579 jhsyz
2 0.860503 0.000461
2 0.939814 0.000284
2 0.144951 0.00093
4 0.722718 0.722749
3 0.921508 4
1 0.272326
4 0.263181 0.263194
1 0.829343
3 0.801329 4
0 0.466989 meuwt
2 0.043549 0.000136
1 0.497185
3 0.266388 15
4 0.505458 0.505504
2 0.426966 0.000752
3 0.215645 8
1 0.01881
0 0.286477 baloy
4 0.858001 0.858063
2 0.068505 0.000536
1 0.606642
2 0.244156 0.000975
2 0.884623 0.000102
2 0.095622 0.000919
4 0.152374 0.152394
1 0.155383
1 0.146648
0 0.374778 agswe
1 0.597671
4 0.765169 0.765246
0 0.51214 jileb
4 0.3076 0.307671
1 0.77752
0 0.921621 sbcmo
1 0.904472
4 0.971882 0.971966
0 0.463344 fhkkw
0 0.712644 gpdvg
4 0.366859 0.366896
1 0.660731
0 0.866137 jhlof
1 0.536289
3 0.451943 23
3 0.915288 5
4 0.215008 0.215015
3 0.877641 3
2 0.551158 0.000948
1 0.182624
2 0.393427 0.000913
3 0.847059 30
2 0.689067 0.000747
1 0.169128
3 0.601624 24
3 0.760875 14
4 0.310186 0.31021
3 0.915734 15
1 0.883043
0 0.430979 zpynz
2 0.357198 0.000628
4 0.51348 0.513572
4 0.30158 0.301583
4 0.625968 0.626048
3 0.343882 5
4 0.374303 0.374344
4 0.885031 0.885058
4 0.621414 0.621485
2 0.568745 0.000382
3 0.902293 21
3 0.082927 19
4 0.976784 0.976784
1 0.559708
0 0.679807 qzxea
4 0.241537 0.241622
0 0.033206 rwpuw
2 0.222079 6.8e-05
0 0.640725 unmtd
1 0.613561
1 0.260144
3 0.952868 9
3 0.115255 2
3 0.553801 41
0 0.545988 crdec
3 0.94895 0
1 0.908822
0 0.218498 ebdzh
0 0.493997 yrxzk
3 0.407225 38
4 0.520017 0.520073
3 0.698719 42
1 0.396714
2 0.589106 1.6e-05
2 0.584763 0.000838
4 0.803261 0.803325
4 0.199572 0.199619
2 0.693092 0.000496
4 0.602909 0.602923
3 0.292319 37
3 0.53391 13
2 0.958218 0.000428
1 0.631678
2 0.925053 0.000716
2 0.026168 0.000907
3 0.345781 21
4 0.545353 0.545423
1 0.754797
2 0.805738 0.000706
1 0.177411
2 0.53472 0.000309
4 0.473885 0.473962
4 0.107666 0.107681
4 0.443612 0.44368
4 0.885017 0.885101
3 0.911185 41
1 0.773318
4 0.828263 0.828334
0 0.798299 vibaq
3 0.146608 7
0 0.879599 akxdo
3 0.872973 22
2 0.274342 0.000959
0 0.70188 gnqrk
2 0.812054 0.000883
4 0.348258 0.348331
3 0.144995 21
1 0.992804
3 0.90648 48
2 0.477289 0.000211
2 0.82012 0.000536
1 0.457294
3 0.145762 2
3 0.814665 21
4 0.155334 0.155389
3 0.48374 38
2 0.34835 0.000111
2 0.009697 0.000185
0 0.518853 pfdme
2 0.16112 0.000729
0 0.215923 xkifu
3 0.709149 0
4 0.025104 0.025187
4 0.748294 0.748307
4 0.482758 0.482825
3 0.526295 3
1 0.616663
1 0.074732
1 0.29258
2 0.006078 0.00031
2 0.738354 0.000334
3 0.10004 12
3 0.847507 34
4 0.364006 0.364019
3 0.643619 44
3 0.696486 22
3 0.065841 5
4 0.141812 0.141901
2 0.434393 0.000788
3 0.763703 38
2 0.103389 1.6e-05
4 0.928853 0.928939
4 0.463466 0.463523
3 0.539535 13
3 0.88025 34
4 0.220076 0.220148
3 0.086196 14
3 0.56898 26
2 0.413075 0.000471
3 0.263248 26
1 0.851775
2 0.071472 0.000694
0 0.684411 xgmuu
0 0.016373 vsqfk
2 0.5037 0.000559
2 0.589033 0.000638
1 0.002108
4 0.118854 0.11891
1 0.57931
3 0.391255 35
4 0.156376 0.156422
4 0.417666 0.417732
2 0.218492 0.000201
2 0.41592 0.000422
1 0.833424
2 0.084775 0.000124
2 0.240334 0.000157
0 0.86597 mlxuz
2 0.859808 0.000618
4 0.066337 0.066383
0 0.876278 pqbmy
4 0.804424 0.804489
2 0.1542 0.000833
4 0.491325 0.491385
3 0.933834 27
1 0.378452
1 0.912818
4 0.651166 0.651223
3 0.730784 32
2 0.999482 0.000504
3 0.169494 45
0 0.074351 wutzu
3 0.494512 1
2 0.007191 0.000478
3 0.901995 31
1 0.023125
2 0.851666 0.000415
3 0.64165 44
0 0.047154 latoq
0 0.968725 luxkg
0 0.242779 aopas
3 0.707297 47
3 0.409097 13
0 0.84168 rdebn
0 0.679871 nwlft
4 0.044698 0.04474
4 0.684548 0.684621
2 0.341948 0.000244
3 0.912187 15
2 0.824434 0.00071
4 0.104699 0.10472
2 0.026614 0.000878
0 0.995683 elqxp
2 0.083567 0.000133
1 0.128265
2 0.868072 0.000814
1 0.952606
4 0.335497 0.335553
1 0.935412
4 0.924087 0.92411
0 0.545138 weirg
1 0.991465
3 0.275694 6
2 0.520912 0.000226
3 0.42234 41
0 0.806765 lcrln
3 0.026425 33
4 0.950513 0.950571
4 0.012003 0.012009
4 0.583756 0.583788
0 0.667544 toesi
2 0.924734 1.6e-05
0 0.367578 vujch
2 0.318081 0.000563
3 0.474617 47
3 0.890627 34
1 0.102034
0 0.155409 cefiw
4 0.577129 0.577189
3 0.501863 26
3 0.869441 15
0 0.009029 cvqjo
1 0.426377
3 0.485936 25
4 0.433086 0.43312
2 0.772106 0.00084
3 0.834195 36
2 0.964555 0.000134
2 0.406283 0.000728
1 0.092049
0 0.11305 leugh
2 0.714521 3.1e-05
0 0.245979 jbzmt
2 0.719863 0.000639
2 0.554058 0.000375
4 0.034965 0.034974
4 0.441249 0.441338
0 0.04965 jnnpf
4 0.020932 0.021021
0 0.533315 ktolh
1 0.743884
1 0.715607
3 0.260658 15
3 0.184343 33
0 0.858959 wygru
3 0.785361 32
3 0.848882 16
0 0.110573 iwing
3 0.139812 47
1 0.855419
0 0.401139 brirg
3 0.724651 32
4 0.552885 0.552898
2 0.854598 0.000747
3 0.703481 13
3 0.330406 47
0 0.497704 hkfuu
0 0.383599 wdtom
2 0.004146 0.0008
3 0.10943 39
1 0.120343
2 0.168646 9e-05
0 0.388479 yfrmk
2 0.937623 0.000762
1 0.465803
4 0.075822 0.075876
3 0.734994 42
3 0.979648 49
4 0.2178 0.217859
4 0.53799 0.537997
0 0.502204 bbnpk
1 0.262171
4 0.847379 0.847466
4 0.663698 0.663771
1 0.029452
1 0.14007
1 0.898244
1 0.363895
3 0.370223 7
0 0.908213 zypio
0 0.687554 ekxdb
3 0.158754 16
2 0.822452 0.000539
1 0.368257
3 0.851943 3
2 0.004366 0.000451
3 0.37459 8
3 0.799155 22
0 0.725925 chhbf
3 0.541172 30
1 0.002362
0 0.173547 cvlhi
2 0.356623 0.000152
4 0.877341 0.877344
4 0.251931 0.251944
4 0.567439 0.567476
4 0.293364 0.293394
2 0.698613 0.000729
2 0.536616 0.000253
3 0.624798 15
3 0.798345 24
4 0.243784 0.243837
1 0.909366
3 0.371878 38
0 0.077833 exsje
3 0.528283 8
1 0.426837
2 0.562295 0.00096
3 0.834549 15
3 0.625516 3
4 0.725642 0.725724
0 0.814096 poule
3 0.173923 11
2 0.695169 2.2e-05
1 0.935805
3 0.445457 21
0 0.644631 anzte
0 0.338436 ucowj
1 0.205022
0 0.686403 sqhwv
0 0.20291 dwdkk
3 0.330826 44
4 0.521103 0.521111
2 0.351812 3.5e-05
3 0.932242 49
2 0.326769 0.000572
4 0.013172 0.013209
4 0.346573 0.34665
2 0.966731 0.000687
4 0.531785 0.531839
0 0.058648 kbepe
1 0.681673
1 0.624039
2 0.138644 0.000964
4 0.696193 0.696249
3 0.975117 6
2 0.071506 0.000192
3 0.159284 26
4 0.449971 0.450051
4 0.395726 0.395743
4 0.79627 0.79635
3 0.980919 29
4 0.178944 0.178981
0 0.728781 zpvnp
1 0.801244
4 0.874434 0.874485
1 0.592084
2 0.411907 0.000113
0 0.59564 pfdaf
3 0.788753 28
4 0.141174 0.141197
1 0.117635
1 0.52509
0 0.355269 rvvnp
2 0.057916 0.000816
3 0.606303 26
1 0.121014
3 0.643297 4
2 0.410742 0.000213
0 0.199495 fxvwo
1 0.018523
3 0.434716 43
2 0.713162 0.000476
0 0.010697 bgtyf
3 0.637516 3
1 0.280813
3 0.718239 5
1 0.240006
2 0.075465 0.000993
3 0.465932 36
2 0.000808 0.000721
0 0.374601 lqnyx
4 0.076254 0.076316
0 0.37674 tfvqn
0 0.676097 xcwan
2 0.614662 6.9e-05
0 0.528735 huyuu
1 0.398296
3 0.714123 23
2 0.825037 0.000743
2 0.652505 0.000327
2 0.26068 0.000502
2 0.453129 0.000684
1 0.721044
0 0.581295 gcdfh
4 0.331506 0.331577
0 0.145895 sfidy
2 0.308537 0.000488
1 0.961042
2 0.10706 0.000722
0 0.845504 iqocs
2 0.367139 0.000493
1 0.073037
1 0.832517
0 0.159729 oedgb
0 0.795709 nbtrz
3 0.704637 4
0 0.550141 vqnmy
2 0.341793 0.00091
1 0.931182
1 0.120508
4 0.495797 0.495798
3 0.90855 16
0 0.288451 tawqf
2 0.533596 0.000846
1 0.791687
4 0.625384 0.625419
2 0.600038 0.0009
1 0.458183
3 0.183097 17
1 0.819958
3 0.768029 9
1 0.676579
2 0.554848 0.000382
1 0.214776
0 0.243984 ndptp
0 0.044818 upspf
0 0.912982 mijyl
4 0.129835 0.129924
2 0.322767 0.000419
0 0.320501 jossh
3 0.174145 14
0 0.617965 kawae
4 0.885207 0.885297
0 0.247014 icruy
3 0.415181 40
0 0.051408 mjgyy
4 0.879989 0.880011
1 0.148625
4 0.105863 0.105936
4 0.417847 0.417891
4 0.819407 0.819441
1 0.582773
0 0.180583 offfk
4 0.228413 0.228471
1 0.092711
1 0.969062
3 0.8299 3
3 0.260839 29
2 0.366702 0.000102
1 0.300901
3 0.085827 10
3 0.359664 33
0 0.540247 zlelg
3 0.132116 17
0 0.224827 qphxq
4 0.117892 0.117925
3 0.000946 38
1 0.818199
1 0.304329
2 0.199519 0.000345
0 0.806511 yiole
4 0.157095 0.157119
4 0.79683 0.796882
1 0.438331
0 0.437154 njokr
1 0.480557
2 0.923248 0.000543
3 0.89446 15
3 0.601457 28
2 0.003863 0.000299
4 0.309971 0.310001
1 0.264548
1 0.816398
2 0.851633 0.000729
2 0.805139 0.000964
0 0.39289 qsucj
1 0.418938
4 0.831998 0.832003
4 0.433456 0.433539
4 0.953671 0.953753
0 0.263642 eeuux
4 0.52129 0.521311
4 0.488718 0.488781
0 0.297976 tkzvd
3 0.461238 2
4 0.411046 0.411082
3 0.364717 20
0 0.144712 cwawp
4 0.640565 0.640632
2 0.441438 0.000449
3 0.635201 14
4 0.843255 0.843328
3 0.472495 23
3 0.450085 25
3 0.861132 13
3 0.742201 36
4 0.403265 0.403336
2 0.59252 0.000407
0 0.786621 hftyl
3 0.739965 39
3 0.58322 15
1 0.572067
3 0.968412 2
0 0.973955 nqwls
4 0.545103 0.545143
4 0.653975 0.654023
4 0.956948 0.957021
0 0.709234 nxmso
2 0.780373 0.000912
1 0.868792
2 0.005273 0.000945
3 0.49558 31
1 0.26914
1 0.116468
2 0.010227 0.00016
1 0.180554
3 0.901292 3
1 0.796372
4 0.76517 0.765198
1 0.962323
4 0.186626 0.186675
1 0.223487
1 0.676039
2 0.018786 0.000709
2 0.82572 0.000412
4 0.774491 0.774571
1 0.30107
0 0.040309 gupvp
4 0.498569 0.498573
2 0.293912 0.00048
3 0.99689 29
2 0.236347 0.000489
4 0.992319 0.992352
4 0.749731 0.749749
2 0.623611 4.1e-05
0 0.313003 asyed
3 0.072278 23
4 0.619633 0.61967
4 0.094611 0.094639
3 0.44883 7
1 0.479088
4 0.76204 0.762047
2 0.255621 0.000138
2 0.040045 0.000101
4 0.12554 0.125597
0 0.209012 iymfr
4 0.949908 0.949919
2 0.455539 0.000774
2 0.4497 0.000605
1 0.060231
0 0.333415 louff
2 0.150641 0.000397
1 0.276182
1 0.121941
4 0.531671 0.531712
1 0.238132
4 0.6077 0.607792
0 0.346379 rnqml
0 0.702566 wqfcl
0 0.279059 ndczj
4 0.277665 0.27772
3 0.209858 18
2 0.991877 7.1e-05
1 0.276059
2 0.456549 1.5e-05
1 0.582533
4 0.387848 0.387947
0 0.470222 lwfib
4 0.813205 0.813229
2 0.908166 0.00059
4 0.004674 0.004754
2 0.530692 0.000854
1 0.180763
0 0.32176 jpuoi
4 0.269359 0.269361
4 0.739581 0.739624
0 0.124078 edsog
2 0.197446 0.000939
1 0.20212
4 0.933341 0.933405
4 0.979042 0.979122
4 0.757528 0.757563
4 0.004119 0.004215
3 0.126774 45
1 0.575717
2 0.203432 0.000791
4 0.221736 0.221755
1 0.773638
0 0.10611 vejhf
0 0.598242 cpbkb
4 0.129988 0.130078
0 0.953408 xfwlo
4 0.830425 0.830479
0 0.655144 ujxpj
3 0.51112 26
4 0.439628 0.439646
3 0.312382 18
2 0.3517 4e-06
3 0.91149 35
3 0.114406 12
0 0.89304 mwtju
1 0.744277
1 0.604974
3 0.977149 22
3 0.997425 23
3 0.132295 6
0 0.198915 jsmnb
0 0.557839 lmnru
1 0.828009
3 0.373888 22
2 0.949961 0.000296
2 0.92711 0.00092
1 0.440887
3 0.828571 35
2 0.113422 0.00045
3 0.266325 20
4 0.84707 0.847097
0 0.058574 eycfl
4 0.407626 0.407712
1 0.22552
3 0.107449 33
0 0.523721 tvrou
4 0.863231 0.863266
2 0.129556 0.000358
3 0.492979 35
0 0.551553 dhwzi
1 0.983275
4 0.485305 0.4854
2 0.109106 0.00093
0 0.632828 hktom
4 0.808209 0.808271
3 0.23619 47
3 0.377188 2
2 0.731933 0.000674
4 0.981424 0.981502
4 0.048606 0.048641
2 0.850735 0.000293
4 0.831275 0.831296
3 0.947465 18
3 0.805192 32
2 0.176555 4e-05
0 0.908627 uyvhr
3 0.008615 48
4 0.506392 0.506418
1 0.554998
3 0.465548 33
2 0.209344 0.000361
0 0.631957 fvsrm
0 0.715278 tzzji
3 0.220351 19
3 0.228967 17
2 0.251711 0.000496
3 0.323061 9
3 0.728794 18
3 0.482155 49
2 0.699334 0.0005
0 0.238057 drjsh
0 0.240129 wjshw
4 0.035453 0.035506
2 0.382949 0.000533
3 0.055558 12
3 0.181279 37
0 0.97188 aqcht
0 0.228448 wumdj
4 0.644231 0.644267
0 0.376942 kihvq
3 0.499374 34
2 0.041444 0.000413
4 0.582021 0.582114
1 0.821933
0 0.785359 kxsfl
3 0.288805 24
4 0.449388 0.449448
4 0.82633 0.826378
1 0.349377
4 0.133535 0.133593
0 0.775022 kshhu
1 0.797633
0 0.895106 imzls
2 0.313132 0.000743
1 0.588347
1 0.847651
2 0.578695 0.000191
3 0.228582 49
3 0.003604 2
4 0.601392 0.601476
0 0.477473 wpnlv
3 0.028818 32
0 0.34195 kljsj
3 0.974423 2
3 0.763614 8
2 0.013116 0.000838
2 0.29637 0.000988
4 0.282354 0.282434
4 0.098675 0.09877
0 0.497988 fiega
4 0.591404 0.591451
3 0.126013 47
1 0.616788
1 0.816871
4 0.601609 0.601643
0 0.058448 igcsx
3 0.615296 21
3 0.388063 12
2 0.989614 0.00012
1 0.177667
4 0.337742 0.337808
3 0.980107 13
4 0.596895 0.596909
3 0.493649 26
2 0.919872 0.000576
0 0.642464 eozuu
4 0.805647 0.80566
1 0.881707
4 0.062819 0.062912
1 0.609048
2 0.988964 3.6e-05
4 0.642327 0.642395
4 0.198494 0.198565
0 0.872622 fiyou
2 0.379252 0.00089
4 0.722754 0.72278
1 0.937967
0 0.767048 sxxqz
0 0.579662 tvbgv
0 0.476624 dcufm
4 0.539199 0.539216
3 0.818089 13
4 0.397068 0.397073
1 0.361393
0 0.160962 vxcxf
2 0.756923 0.000763
3 0.006499 37
1 0.815956
3 0.453152 14
4 0.992351 0.992432
4 0.326793 0.32689
3 0.723861 4
2 0.085254 0.000759
4 0.990143 0.990153
4 0.531224 0.531318
1 0.211887
2 0.751815 2e-06
0 0.758314 ztsji
4 0.540727 0.540791
3 0.462326 7
2 0.91507 0.00037
1 0.869629
1 0.797782
3 0.194119 45
0 0.725344 wxjrx
0 0.619668 dnhhu
3 0.456469 22
3 0.441589 48
0 0.054506 rjdtu
2 0.1041 0.000179
2 0.44008 0.000523
1 0.458211
3 0.322839 10
3 0.942507 22
3 0.635685 7
3 0.371875 29
0 0.627078 hvpmq
4 0.086804 0.086816
3 0.578116 12
4 0.619125 0.619169
4 0.334021 0.334029
2 0.173212 0.000618
1 0.11572
2 0.208564 0.000757
2 0.433132 0.000632
1 0.529624
1 0.560749
4 0.543854 0.54393
2 0.040728 0.000533
2 0.994013 1e-06
1 0.081478
2 0.718451 0.000817
0 0.552559 fkrff
3 0.361372 42
0 0.310856 edeok
3 0.631254 23
4 0.39707 0.397107
3 0.255976 17
0 0.490779 vjyqc
4 0.910311 0.910361
3 0.788035 42
0 0.098891 hcxdz
4 0.547404 0.547433
2 0.297927 0.000401
2 0.558816 0.000874
0 0.417535 kagkk
0 0.01274 qzalc
0 0.106207 whqsk
4 0.669867 0.669937
4 0.433121 0.433171
2 0.593445 0.000718
1 0.009746
4 0.67601 0.676036
1 0.036936
1 0.290253
1 0.573938
4 0.189719 0.189792
4 0.167606 0.167687
2 0.333512 2.1e-05
2 0.853378 0.000353
2 0.437001 0.000614
3 0.834903 26
4 0.791621 0.791633
0 0.165875 jqhpe
4 0.704139 0.704167
3 0.893858 3
2 0.577816 0.000686
1 0.911328
3 0.541694 8
1 0.638496
1 0.459675
1 0.069314
1 0.80814
1 0.121115
2 0.543163 0.000289
0 0.420717 iuqyt
4 0.474748 0.474823
4 0.052564 0.052578
0 0.480244 vnbnk
1 0.10181
1 0.097733
3 0.555271 21
3 0.529231 34
4 0.069483 0.069536
3 0.559625 29
4 0.916005 0.916032
0 0.158824 upkgf
0 0.192498 lesgr
0 0.550158 murvq
2 0.04039 0.000842
0 0.100519 yxwff
2 0.681085 0.000417
0 0.836505 dynmu
2 0.650642 0.000166
1 0.291767
4 0.389958 0.39003
0 0.475094 hjubk
1 0.884242
1 0.926588
3 0.306769 36
3 0.887539 18
1 0.535023
1 0.226379
1 0.622227
3 0.025648 43
1 0.833768
4 0.219474 0.219514
4 0.21092 0.210959
1 0.726405
3 0.030267 13
2 0.79326 0.000701
1 0.616382
4 0.248566 0.248587
4 0.205364 0.205408
0 0.431743 mhtlc
4 0.306071 0.306167
0 0.024311 lwiic
0 0.897478 dnkxo
0 0.085029 caenl
4 0.064957 0.065049
2 0.519563 0.000295
0 0.803684 qwslc
3 0.558332 48
1 0.338515
1 0.344159
0 0.721417 cplps
3 0.699966 14
3 0.09321 24
2 0.897939 0.000687
3 0.599546 21
1 0.09675
3 0.609361 40
1 0.684046
3 0.358924 11
2 0.703083 0.000733
4 0.618581 0.61859
1 0.665208
2 0.960251 0.000533
2 0.622375 0.000203
3 0.320414 18
0 0.305785 vrtpt
2 0.710259 0.000457
2 0.249172 0.000724
0 0.144905 eehas
2 0.805246 0.000271
0 0.74178 fvdxx
3 0.762968 9
2 0.993097 0.0002
2 0.069614 0.000844
1 0.642072
1 0.13735
3 0.233714 5
4 0.988048 0.988144
0 0.036044 luafo
4 0.835814 0.835874
2 0.744087 0.000163
1 0.474498
3 0.624488 48
0 0.210455 iirud
2 0.08667 0.000222
3 0.074719 20
0 0.110763 ifnvk
2 0.233569 0.000415
0 0.494008 oszgm
0 0.073182 bycsf
0 0.789984 tqgwb
3 0.621914 1
2 0.810345 5.6e-05
1 0.721258
2 0.302106 0.000945
1 0.381037
3 0.598493 33
1 0.40305
2 0.806667 0.000503
3 0.486623 10
1 0.276607
1 0.26616
2 0.13179 0.000365
0 0.753704 yppzd
4 0.164053 0.164084
4 0.794039 0.794059
4 0.908884 0.908937
1 0.311934
3 0.61394 37
1 0.100563
4 0.915439 0.915516
3 0.697483 42
0 0.451187 apoax
0 0.597442 qhlax
4 0.312157 0.312166
3 0.43723 49
3 0.083768 12
4 0.927185 0.92722
2 0.036762 0.00059
0 0.800056 olmzj
4 0.293614 0.293616
3 0.671797 8
3 0.332901 44
2 0.645058 0.000355
2 0.59864 0.000104
2 0.19876 0.000769
2 0.125945 0.000604
4 0.162707 0.162802
2 0.962764 0.000632
1 0.168134
3 0.326371 43
2 0.256473 0.000798
1 0.887484
1 0.756962
0 0.762343 ombgs
0 0.715773 kmmdr
3 0.196763 22
2 0.321747 0.000894
3 0.264045 17
1 0.016309
3 0.567071 21
2 0.819607 0.000333
2 0.098302 0.000706
0 0.048159 nviwq
0 0.222914 uuayb
1 0.92158
2 0.911614 0.000625
2 0.402887 0.000935
0 0.969958 rbhss
4 0.988049 0.988116
0 0.13712 cgtrt
1 0.592972
3 0.033977 4
4 0.777563 0.777647
3 0.205529 12
0 0.124768 oliut
0 0.56565 rfwig
2 0.38495 0.000704
4 0.607556 0.607562
3 0.71688 17
2 0.630996 0.000421
4 0.065547 0.065582
0 0.706668 edmpq
4 0.699446 0.699446
0 0.769498 rrkhr
3 0.168955 20
1 0.402188
2 0.349441 0.000225
0 0.209459 pyaua
1 0.68227
1 0.332125
1 0.168783
1 0.515512
0 0.188231 jqxqg
2 0.029245 0.000486
4 0.812584 0.812658
1 0.162025
4 0.910908 0.910944
0 0.932723 khouc
2 0.025698 0.000424
2 0.625269 0.000936
2 0.329852 0.000298
4 0.429393 0.429475
3 0.257596 30
0 0.10727 pfsxs
2 0.639429 0.000973
2 0.318623 0.000709
1 0.495844
2 0.126063 0.000894
2 0.780676 0.000163
0 0.227675 hzxjm
3 0.196357 45
0 0.81998 puyyp
0 0.222335 yfnoa
0 0.451506 xvyaf
4 0.301083 0.301164
0 0.91189 pqxrl
1 0.751384
4 0.9329 0.93295
1 0.518305
1 0.713976
0 0.198841 wzfyt
1 0.915493
4 0.215296 0.215354
0 0.516379 zxtgk
4 0.116091 0.116111
2 0.867476 0.000207
2 0.089478 0.000848
2 0.310941 0.000824
4 0.509782 0.509794
3 0.847026 26
3 0.85352 22
3 0.814982 3
0 0.114654 duxna
1 0.151543
4 0.682385 0.68247
2 0.328233 0.000285
4 0.204409 0.204428
1 0.335521
0 0.525903 telza
3 0.735583 23
3 0.791385 29
2 0.548227 0.000334
4 0.904808 0.90482
2 0.645217 0.000897
3 0.991456 30
0 0.132285 lvply
2 0.17849 7.2e-05
3 0.856966 15
3 0.108901 40
3 0.900287 19
2 0.448514 0.000356
1 0.869674
3 0.229294 43
1 0.802009
4 0.791248 0.791257
0 0.84314 wwcsi
1 0.62546
3 0.782362 26
1 0.407616
3 0.845159 5
3 0.600441 21
4 0.033309 0.033404
4 0.262603 0.262641
0 0.580964 nibhf
3 0.871012 29
4 0.66675 0.666775
4 0.347075 0.347115
2 0.622138 0.000656
1 0.467297
3 0.977291 40
4 0.776587 0.776639
4 0.516751 0.516806
4 0.717034 0.717054
3 0.708565 47
0 0.059588 ehkfz
0 0.531408 zucrp
3 0.377415 8
1 0.477858
2 0.563773 0.00061
3 0.076372 11
4 0.940353 0.940381
2 0.31079 0.000416
4 0.552239 0.552325
1 0.493143
4 0.845304 0.845375
1 0.340496
4 0.319369 0.319461
4 0.171227 0.171305
2 0.398822 0.000352
4 0.144595 0.144624
2 0.13129 0.000492
1 0.071643
0 0.054418 rgryx
1 0.46052
1 0.927365
3 0.394334 13
2 0.713703 0.000605
1 0.401283
4 0.515351 0.515356
3 0.673475 0
4 0.355917 0.356007
1 0.572701
0 0.900281 daluj
3 0.993697 19
4 0.437414 0.437476
1 0.221628
4 0.850399 0.850484
2 0.768034 0.000121
3 0.568139 11
1 0.029192
0 0.22783 uulhu
3 0.364642 46
4 0.411141 0.411235
2 0.434512 0.000956
3 0.183174 2
1 0.86472
3 0.213669 3
3 0.27479 38
2 0.742152 0.000101
1 0.230334
2 0.938656 0.000478
0 0.224176 ogkqw
2 0.015347 0.000499
4 0.463655 0.463657
4 0.532307 0.532393
1 0.484062
0 0.546526 barto
3 0.292551 36
2 0.231207 0.000814
3 0.75705 6
1 0.2766
3 0.13152 1
2 0.111527 0.000406
3 0.160186 44
2 0.644248 0.000151
3 0.848101 48
0 0.823531 vwmfa
2 0.711152 3e-06
4 0.001572 0.001666
0 0.117745 osbva
4 0.740956 0.741049
0 0.6004 ugvnc
1 0.339916
3 0.512553 49
4 0.938891 0.938926
3 0.166395 38
3 0.167968 32
3 0.285713 29
4 0.567683 0.567712
4 0.444827 0.444912
2 0.99851 0.000737
3 0.712793 40
4 0.758825 0.758916
2 0.14474 0.000745
2 0.163089 0.000988
2 0.561433 0.000384
2 0.311506 0.000352
0 0.006566 ekijd
1 0.246632
2 0.180206 0.000494
4 0.307524 0.307611
4 0.2587 0.258712
2 0.066144 0.000204
4 0.607788 0.607833
3 0.420367 28
4 0.796885 0.796921
1 0.893487
0 0.41731 wkjvg
2 0.404829 0.000592
1 0.275013
3 0.701528 39
0 0.450992 zlkku
3 0.973178 22
4 0.273367 0.273376
0 0.48926 dwmfq
2 0.11955 0.000193
4 0.524379 0.524416
0 0.315744 vfljv
2 0.638493 0.000445
2 0.495252 0.000471
3 0.455464 32
0 0.944724 gdibh
1 0.6922
0 0.63382 louqd
1 0.903609
3 0.525649 3
1 0.907446
0 0.950362 dextb
2 0.064876 7e-06
3 0.069819 4
3 0.884921 40
0 0.307568 foiru
0 0.533812 sozlh
4 0.763195 0.763235
0 0.329662 tfqrr
3 0.059941 42
4 0.336841 0.336906
4 0.305941 0.306026
4 0.524325 0.524414
4 0.275032 0.275118
1 0.445701
1 0.259549
1 0.61288
1 0.587721
0 0.950506 bbtwl
2 0.652635 0.000282
1 0.886946
4 0.479987 0.480035
2 0.675624 0.000812
2 0.702966 0.000736
2 0.472752 0.000473
3 0.891554 24
4 0.504434 0.504469
2 0.261754 0.000393
3 0.739052 47
1 0.572041
4 0.162831 0.162907
0 0.56613 btmwe
0 0.937664 xhxwp
1 0.292035
1 0.338678
4 0.221361 0.221366
1 0.192755
3 0.82998 4
0 0.402022 kxcua
2 0.915112 0.000856
1 0.139875
3 0.958787 2
0 0.780578 alout
0 0.631663 xlqfg
1 0.879521
4 0.500771 0.500842
1 0.061902
0 0.10495 qzpwa
2 0.822934 0.000966
1 0.10511
3 0.99158 15
3 0.54817 31
4 0.679337 0.679341
0 0.156836 yyrhz
0 0.663878 bdpda
1 0.45726
1 0.842436
1 0.595008
2 0.901656 0.000876
4 0.038473 0.038498
4 0.395654 0.395665
3 0.71501 1
4 0.430593 0.430659
3 0.420985 2
0 0.601216 aglwd
3 0.484456 19
4 0.281002 0.281029
3 0.69901 4
2 0.737484 0.000581
2 0.64949 0.000392
0 0.364501 rdigb
0 0.482365 rhkej
1 0.384037
3 0.576162 7
0 0.857164 iojmy
1 0.570273
2 0.459501 1.7e-05
4 0.340354 0.340366
3 0.135449 25
1 0.867881
3 0.338211 29
3 0.574918 24
2 0.958956 0.000374
4 0.820365 0.820431
1 0.237801
2 0.049018 0.000494
2 0.375381 0.000119
1 0.351234
2 0.82064 0.000589
1 0.655949
3 0.859379 25
1 0.213622
1 0.4128
2 0.618195 0.000214
3 0.294866 29
2 0.271357 0.000381
4 0.836727 0.836754
3 0.212108 48
4 0.563342 0.563377
1 0.254931
4 0.77067 0.770691
3 0.313447 42
2 0.194435 0.000392
4 0.166694 0.166712
1 0.097908
4 0.248879 0.248967
1 0.520236
1 0.665302
3 0.9298 15
1 0.143498
4 0.648765 0.648799
0 0.420049 dxwyj
0 0.635485 gtuxf
4 0.458777 0.458826
3 0.824617 37
4 0.179838 0.179927
4 0.109638 0.109694
2 0.253137 0.0004
3 0.416823 17
2 0.588198 0.000257
4 0.626641 0.626686
1 0.778478
0 0.126736 micbs
2 0.144554 0.000436
4 0.765289 0.765363
3 0.77569 15
4 0.355163 0.355165
1 0.099753
0 0.10222 qhsnc
0 0.491078 giedo
2 0.617034 0.000154
4 0.761589 0.761679
0 0.04323 duqqf
0 0.920884 quloa
1 0.067652
1 0.434652
2 0.025764 0.000898
4 0.15993 0.159958
0 0.109714 zcpnf
0 0.908138 taiog
3 0.41979 23
3 0.760603 47
3 0.076839 0
4 0.495332 0.495425
4 0.597107 0.597181
1 0.706821
1 0.663883
3 0.781197 41
3 0.205687 17
0 0.449097 oerty
3 0.23952 23
1 0.832711
0 0.427822 fgdzv
4 0.131026 0.131103
2 0.563667 0.000313
0 0.344864 hldho
3 0.405397 8
0 0.400666 vtowq
4 0.666433 0.666458
3 0.83644 22
1 0.521603
3 0.298887 32
0 0.862555 ddfwp
0 0.185725 koaam
0 0.785396 icagh
1 0.2727
0 0.500781 flups
3 0.83456 46
4 0.398583 0.39865
2 0.76713 0.000594
2 0.349537 0.000622
4 0.590849 0.590852
1 0.376246
1 0.078642
2 0.1555 0.000274
3 0.944552 14
1 0.212277
1 0.078012
2 0.623657 0.00078
2 0.554805 0.000246
0 0.693372 zixyk
1 0.240577
1 0.979944
4 0.286742 0.286812
1 0.660896
3 0.982105 41
0 0.316519 kzrut
1 0.147164
4 0.599101 0.599111
4 0.808826 0.80885
4 0.464145 0.464228
1 0.388086
2 0.417158 0.000383
1 0.521711
4 0.058128 0.058217
2 0.183656 0.000609
2 0.52146 0.000248
0 0.796397 eckhr
2 0.487176 0.000798
4 0.951321 0.951354
0 0.85576 jvfkk
0 0.769232 jerpo
4 0.286378 0.286427
3 0.487674 46
0 0.868837 xpnii
0 0.457656 tyshs
2 0.991939 0.000145
3 0.158292 29
0 0.899125 xbwgu
3 0.43792 1
2 0.168052 0.000438
1 0.576534
0 0.324345 dwlud
2 0.603674 0.000353
1 0.595614
3 0.926319 6
2 0.651401 0.000383
4 0.294597 0.294694
3 0.224172 12
0 0.157773 fxgaw
2 0.79421 0.000126
4 0.608916 0.608972
3 0.18394 31
3 0.722751 45
3 0.165422 3
2 0.816823 0.000638
2 0.11142 0.000635
2 0.335593 0.000899
3 0.493366 26
2 0.96993 0.000291
3 0.667992 1
0 0.425818 rfakt
2 0.672812 0.000844
3 0.838234 49
0 0.171409 hqcbr
0 0.402624 ubqjr
1 0.593111
3 0.234194 23
4 0.000316 0.000407
3 0.950377 41
2 0.62319 0.000487
0 0.977776 auyzb
3 0.728753 39
3 0.631614 31
1 0.858412
2 0.355859 0.000181
3 0.645782 20
1 0.725873
0 0.238064 fiyqg
2 0.911943 0.000448
0 0.774971 bousg
3 0.60223 20
4 0.848626 0.848658
3 0.204485 15
4 0.366619 0.366704
0 0.092493 rdfrk
0 0.866582 iaoak
4 0.200783 0.200787
3 0.769566 10
4 0.082338 0.082384
2 0.737171 0.000507
3 0.581888 36
4 0.824726 0.824729
4 0.796778 0.796863
1 0.240635
2 0.910306 0.000569
4 0.913615 0.913666
2 0.691895 0.000408
2 0.490251 0.000828
3 0.956413 29
4 0.00116 0.001217
0 0.677667 ysrei
0 0.204538 okvxd
0 0.885702 zrlio
3 0.767073 49
4 0.732964 0.732976
3 0.781193 24
2 0.082945 0.000843
1 0.966585
0 0.970365 grvjo
2 0.958581 0.000224
2 0.844283 0.000489
0 0.760289 wwibe
3 0.990332 31
4 0.287877 0.287884
3 0.887174 1
0 0.370111 jmxmb
4 0.351271 0.351288
3 0.113847 36
1 0.484336
1 0.853722
1 0.643376
4 0.231999 0.232093
4 0.076233 0.076293
2 0.125812 8.6e-05
3 0.213179 47
1 0.270911
3 0.775756 46
2 0.643379 0.000915
2 0.757226 0.000451
4 0.757915 0.757975
3 0.732546 38
2 0.480897 0.000182
2 0.21958 0.000212
2 0.762492 0.000549
1 0.192578
4 0.71594 0.716015
2 0.986851 0.00074
3 0.006749 20
2 0.457664 0.000197
1 0.988116
3 0.221861 28
2 0.470759 0.000716
1 0.951656
0 0.9447 hoysi
1 0.15901
2 0.540352 0.000137
0 0.043555 jgfnq
4 0.420645 0.420736
2 0.774256 0.000204
0 0.94365 ebijd
4 0.243559 0.243657
4 0.209991 0.210053
2 0.369001 0.000766
4 0.037138 0.037189
2 0.576016 0.000429
2 0.637816 0.000474
3 0.574814 15
1 0.34907
1 0.715263
0 0.675336 ppjcl
3 0.794983 0
1 0.178645
3 0.086562 12
4 0.1237 0.123715
1 0.216069
4 0.64597 0.646055
3 0.693279 49
0 0.269377 sjwmp
3 0.661222 3
3 0.945611 23
2 0.278012 8.6e-05
2 0.999187 0.000648
1 0.915237
0 0.254122 nmpsh
4 0.196441 0.196491
0 0.82705 sscej
2 0.381867 0.000559
2 0.847081 0.000571
4 0.49094 0.49095
2 0.087212 0.000247
0 0.087351 drylz
2 0.302883 0.000156
4 0.216685 0.216773
1 0.63148
2 0.477182 0.000821
0 0.212836 zdgws
0 0.612061 utvss
1 0.982922
2 0.954115 8.3e-05
1 0.242107
1 0.751154
3 0.710004 43
4 0.857836 0.857893
4 0.233657 0.233677
0 0.024049 ixmgw
2 0.727639 0.000891
2 0.937842 0.000351
1 0.920764
0 0.262653 jgiro
1 0.314522
3 0.334735 9
3 0.915351 18
3 0.192452 18
0 0.01192 tsdbe
3 0.854382 41
1 0.16292
3 0.192813 25
3 0.050712 37
4 0.659766 0.659809
4 0.343014 0.343045
3 0.873872 32
3 0.653702 36
1 0.624722
2 0.836037 0.00013
1 0.717561
4 0.641736 0.641831
0 0.268297 kicqv
3 0.67253 13
4 0.415925 0.415987
0 0.010408 mypic
4 0.918799 0.918856
3 0.271188 39
1 0.757314
2 0.404738 0.000999
1 0.676219
2 0.586809 0.000905
0 0.775691 reqgs
2 0.471702 0.000713
0 0.162405 unuxo
2 0.907048 0.000908
3 0.197016 13
0 0.118106 iwrpo
1 0.499413
1 0.539251
1 0.947731
2 0.003525 0.00046
1 0.20859
2 0.268741 0.00089
1 0.866297
2 0.378228 0.000689
0 0.474488 ihrjb
3 0.887984 47
4 0.835704 0.835734
0 0.075467 woljq
1 0.356504
4 0.659444 0.659542
4 0.09073 0.090825
4 0.98531 0.985395
1 0.459798
0 0.83962 gwmhq
1 0.389318
3 0.254272 28
1 0.869806
2 0.233957 0.000974
0 0.47232 vwwjo
1 0.625972
0 0.724156 ylrul
1 0.566926
2 0.168333 0.00016
4 0.074003 0.074102
3 0.221982 7
1 0.897316
1 0.05962
1 0.402486
3 0.983808 3
2 0.641151 0.000449
1 0.060003
1 0.698112
1 0.213913
3 0.657792 26
4 0.746314 0.746373
2 0.04553 0.000214
1 0.631218
1 0.162864
1 0.114636
1 0.350244
2 0.733851 0.000847
4 0.891354 0.891403
2 0.951357 0.000255
4 0.14862 0.14864
2 0.806412 4.6e-05
3 0.552727 7
0 0.598257 yamep
4 0.127884 0.12789
3 0.877927 3
0 0.12813 vlqkm
3 0.586558 34
4 0.537078 0.537136
1 0.772476
1 0.511305
3 0.594877 13
0 0.021737 jnyzb
4 0.024172 0.024213
2 0.107244 0.000871
0 0.02793 iljvo
1 0.434715
3 0.869479 42
0 0.391583 bwqch
4 0.353705 0.353739
0 0.494597 ftzim
4 0.36546 0.365489
1 0.677168
1 0.318434
0 0.158243 nzjlz
3 0.71277 25
1 0.215582
4 0.200458 0.200541
0 0.888845 fzzgp
2 0.833782 0.000279
4 0.831712 0.83174
3 0.874695 14
3 0.032938 21
3 0.359871 8
3 0.11162 30
0 0.781973 vypcw
3 0.975019 5
1 0.489622
1 0.638603
4 0.071602 0.071652
1 0.49053
3 0.029811 44
3 0.062749 16
3 0.631644 43
2 0.839543 0.000566
1 0.908558
4 0.996521 0.996592
3 0.97154 29
4 0.461162 0.461162
0 0.784567 cxbdq
2 0.949229 0.00032
1 0.915247
3 0.487569 24
2 0.538162 0.000231
0 0.88708 cgmsy
0 0.393018 whrbn
3 0.189567 25
3 0.394552 47
2 0.343782 0.000317
4 0.775381 0.775439
0 0.683255 bfofx
0 0.97758 btavn
4 0.719753 0.719825
4 0.752123 0.752195
1 0.850151
3 0.463214 0
0 0.323348 mudhy
2 0.254597 0.000137
0 0.773916 dkwgu
2 0.590155 0.000535
1 0.309908
4 0.057235 0.057319
2 0.642249 0.000535
0 0.621815 mzteb
4 0.189185 0.189211
3 0.443782 13
4 0.217699 0.217798
1 0.485547
3 0.617675 12
4 0.366562 0.366567
4 0.564921 0.564962
0 0.367853 kfbiy
3 0.286072 47
0 0.362668 ptywf
3 0.69202 22
4 0.69392 0.693958
1 0.986332
2 0.764083 0.000237
3 0.329005 30
4 0.21321 0.213282
3 0.116056 31
3 0.866584 3
1 0.939416
4 0.617732 0.617784
4 0.779491 0.779516
1 0.042985
0 0.379209 iskff
4 0.049947 0.050044
0 0.263158 cfijl
0 0.839208 wpomg
0 0.061507 ryenv
2 0.695576 0.000446
1 0.742944
3 0.824373 5
1 0.45357
0 0.391494 emwch
0 0.166907 gbbkm
2 0.3375 0.000863
3 0.324633 27
2 0.447662 0.000453
3 0.176569 0
2 0.000942 0.000655
3 0.970864 26
4 0.822807 0.822877
4 0.150506 0.150594
1 0.317413
3 0.209359 2
1 0.669431
4 0.238171 0.238265
0 0.562804 jdnwx
3 0.923727 20
0 0.512382 bouch
2 0.452863 0.000859
0 0.911446 zxbus
3 0.990033 43
4 0.116093 0.116142
2 0.859746 0.000516
1 0.094789
1 0.930813
4 0.602586 0.602634
4 0.794132 0.794142
3 0.808486 43
3 0.973345 15
1 0.455618
1 0.480208
0 0.537087 keasq
0 0.477491 pbiea
3 0.49687 41
3 0.383066 24
4 0.829104 0.829164
2 0.760709 5.7e-05
2 0.60376 0.000675
3 0.083968 20
1 0.915296
0 0.227275 ttjlo
3 0.385634 15
0 0.391727 wgfsa
0 0.221909 ohexd
2 0.582593 0.000671
0 0.486061 lvrxo
4 0.568946 0.569022
4 0.445006 0.445068
1 0.817936
0 0.790549 lictk
1 0.570249
2 0.708945 0.000522
2 0.81675 0.000467
3 0.997772 28
2 0.861641 0.000439
3 0.235091 43
4 0.107019 0.107038
2 0.364582 0.00081
3 0.013872 12
2 0.855115 7.4e-05
3 0.013376 47
4 0.038008 0.038103
1 0.999391
0 0.32803 zmwzg
4 0.930604 0.930606
0 0.906731 dxpkj
2 0.169427 0.000891
1 0.540895
0 0.450077 fyosf
0 0.624375 bavea
2 0.821487 0.00062
4 0.505441 0.505506
0 0.296414 ktyeq
4 0.771452 0.771523
1 0.745417
3 0.26562 31
4 0.890604 0.890645
1 0.514979
2 0.650657 0.000502
3 0.694928 2
2 0.465548 0.000706
3 0.944914 41
0 0.952648 lezmr
1 0.433097
0 0.64443 sjpoj
4 0.67156 0.671605
4 0.838569 0.838616
4 0.533497 0.533498
2 0.515397 0.000907
0 0.236254 mclgd
1 0.439533
4 0.900393 0.900456
3 0.358355 29
1 0.223273
3 0.774391 18
4 0.61296 0.612977
4 0.662809 0.662828
1 0.178207
3 0.663906 20
1 0.580424
2 0.820127 0.000833
2 0.660949 0.000236
3 0.45122 31
1 0.470788
3 0.17608 19
1 0.610616
1 0.149779
2 0.477323 0.000349
1 0.140133
0 0.546887 fsqim
2 0.590096 0.00026
0 0.731151 xfvad
2 0.240569 1.4e-05
3 0.814189 25
1 0.678552
2 0.593748 0.000227
1 0.534677
2 0.664576 0.000916
4 0.403078 0.403092
2 0.20786 0.000336
0 0.34912 dyiiy
3 0.235465 48
3 0.768831 23
4 0.848807 0.848821
3 0.594914 14
2 0.117722 0.000491
0 0.29865 jawyi
0 0.041511 dhptz
2 0.622133 0.00091
2 0.417081 0.000295
4 0.913456 0.913477
3 0.68917 1
4 0.091336 0.091345
1 0.511828
4 0.358893 0.358981
0 0.060621 mfslq
2 0.867932 0.000987
4 0.813379 0.813399
1 0.994292
3 0.756621 3
1 0.742531
2 0.20146 0.000868
1 0.745351
3 0.532297 46
3 0.397702 17
0 0.332953 qozub
3 0.264584 38
0 0.463621 agjvc
0 0.256011 pevve
4 0.50364 0.503722
2 0.928628 0.000937
4 0.776378 0.77642
3 0.121106 8
3 0.333767 13
0 0.843455 gbpxe
4 0.12311 0.123168
0 0.414482 xpmzy
4 0.332694 0.332735
4 0.910983 0.911015
4 0.822225 0.822232
1 0.330933
1 0.752298
3 0.736411 5
4 0.729954 0.729998
3 0.009802 5
3 0.03086 27
2 0.600086 0.000722
3 0.30125 43
4 0.633944 0.63403
3 0.544927 18
3 0.883504 26
4 0.73079 0.730809
4 0.268588 0.268618
1 0.885177
1 0.519647
1 0.608938
2 0.906356 0.000798
1 0.667511
2 0.517853 0.000739
2 0.470146 3.4e-05
3 0.121132 22
2 0.00815 0.000787
1 0.901728
3 0.399708 47
4 0.668297 0.668326
0 0.069826 xbmxt
1 0.267906
4 0.752434 0.752477
2 0.753525 0.000982
3 0.076825 34
1 0.011298
1 0.776449
3 0.546157 8
1 0.063186
0 0.851207 uaphb
0 0.641232 nxgsr
1 0.68373
0 0.312781 zsdsa
2 0.683649 0.000965
2 0.229806 0.000123
0 0.292993 onezg
2 0.171411 0.000848
1 0.349182
2 0.781495 0.000387
3 0.728613 20
4 0.557746 0.557758
3 0.873675 40
4 0.717254 0.717295
4 0.990212 0.99026
2 0.727047 0.000193
4 0.831442 0.831499
2 0.77351 0.000171
1 0.697711
3 0.559963 48
0 0.355703 mgjgk
0 0.188523 cerfy
3 0.772118 16
2 0.015518 0.000111
1 0.84696
0 0.860355 cwwez
2 0.706484 0.000827
0 0.510502 xjnav
0 0.363685 dimfe
2 0.833279 0.000831
2 0.229742 0.000817
3 0.865363 24
3 0.861507 11
2 0.948069 0.000465
1 0.939248
0 0.03394 tklwb
4 0.226376 0.226387
0 0.88832 eywjj
2 0.341697 0.000967
2 0.723412 0.000492
0 0.584919 qsmwn
3 0.595942 12
0 0.802594 bdfhc
1 0.202812
3 0.775849 31
3 0.426291 3
4 0.823297 0.823362
3 0.939629 36
0 0.356563 soneu
0 0.193413 nlshe
2 0.650601 0.000913
0 0.942803 wuzrs
2 0.462928 9.9e-05
2 0.970373 0.000728
0 0.389324 piazt
3 0.106474 22
3 0.537431 20
4 0.202532 0.202566
2 0.586797 0.000482
0 0.165842 uqwmt
0 0.680097 uwkyr
4 0.653513 0.653559
1 0.563522
4 0.85817 0.858214
0 0.395601 kzigh
0 0.728035 qmvry
3 0.907937 0
2 0.643644 0.000676
0 0.028317 gvwsy
0 0.707934 ihjzi
2 0.861687 0.000974
1 0.079323
1 0.822892
2 0.786296 0.000902
2 0.520581 0.000191
0 0.934964 avebw
1 0.884335
0 0.413632 xeone
0 0.947462 yqwno
0 0.330942 evdmb
3 0.624456 46
4 0.04349 0.043562
4 0.701402 0.701481
0 0.902639 zymtj
0 0.878426 qklao
3 0.903956 3
3 0.955107 0
4 0.010487 0.010525
1 0.517183
0 0.965931 vszgn
4 0.12105 0.121121
1 0.519746
4 0.027744 0.027816
0 0.045056 ltmrj
1 0.91354
2 0.52108 0.000412
1 0.272536
4 0.616249 0.616341
0 0.316286 casly
0 0.701378 szcws
3 0.918778 19
0 0.192185 fmaqc
1 0.039676
1 0.932238
0 0.46591 tamic
0 0.714745 hqhix
1 0.855553
4 0.782296 0.782379
3 0.340221 18
4 0.328039 0.328107
3 0.043734 20
1 0.893395
0 0.318768 yliwx
2 0.391715 0.000951
2 0.459026 0.000427
1 0.920233
3 0.437336 44
4 0.728019 0.728042
2 0.210888 0.000844
4 0.630808 0.630837
3 0.71043 40
1 0.72229
3 0.541853 34
3 0.716059 43
2 0.107774 0.000246
2 0.083152 0.000673
0 0.519737 bhmei
0 0.943254 quwlp
3 0.447414 20
4 0.686057 0.686135
0 0.441793 fnonm
3 0.116565 8
3 0.813792 45
2 0.948356 7.9e-05
3 0.81094 34
2 0.400763 8.5e-05
2 0.137747 0.000715
3 0.585162 37
2 0.787571 0.000765
2 0.229364 5.6e-05
3 0.477101 29
4 0.812084 0.81213
4 0.448092 0.44813
1 0.630931
0 0.103721 eafzu
3 0.757322 32
2 0.560298 0.000261
3 0.707415 9
2 0.048471 0.000689
0 0.423352 xzycb
4 0.266911 0.266923
1 0.886984
4 0.087223 0.087264
1 0.068873
1 0.58026
3 0.658247 44
2 0.734897 0.000705
0 0.958664 oiggc
0 0.011481 qslxt
4 0.6749 0.674916
3 0.735067 41
4 0.368608 0.368624
3 0.46522 40
2 0.327016 2.7e-05
4 0.334721 0.334771
3 0.071288 22
1 0.488896
2 0.186917 0.000729
1 0.08126
2 0.111289 0.00064
1 0.78619
3 0.934196 9
4 0.327088 0.327157
0 0.175516 nrfxt
4 0.565878 0.565967
2 0.153518 0.000161
1 0.158766
0 0.649105 sslpw
2 0.972527 0.000388
0 0.423075 vgtod
1 0.417707
1 0.640574
1 0.51403
3 0.731095 19
3 0.400965 30
1 0.559732
0 0.930446 pmnus
0 0.592787 nlvxf
3 0.920147 36
0 0.854207 ijlsb
0 0.955476 mweqj
1 0.058374
3 0.06424 37
3 0.293731 7
1 0.592963
4 0.618003 0.618092
1 0.015983
1 0.29025
3 0.628888 26
0 0.13997 pqzjy
3 0.504652 5
2 0.500152 0.000746
4 0.115913 0.115942
3 0.808109 42
2 0.548872 0.000336
4 0.572013 0.572093
4 0.319565 0.319647
2 0.948453 8e-06
0 0.088423 rhiar
1 0.047346
1 0.32962
0 0.619879 ypofi
3 0.030916 46
1 0.102062
0 0.298273 eiglz
1 0.466549
3 0.017873 15
3 0.044215 40
1 0.607913
3 0.575616 13
4 0.313632 0.313659
3 0.315101 1
3 0.346017 48
4 0.448079 0.448089
3 0.63727 35
4 0.581206 0.581271
0 0.047755 gtehu
0 0.737599 jahor
2 0.193503 5.8e-05
3 0.549255 26
0 0.474455 cyhin
2 0.087061 0.000225
4 0.538217 0.538249
4 0.03995 0.039957
2 0.585898 0.000272
1 0.739759
2 0.434408 0.000735
4 0.061255 0.061346
2 0.519555 0.000198
0 0.323872 dskfj
1 0.425224
2 0.485863 0.000495
1 0.037196
1 0.170938
3 0.67408 36
2 0.076421 0.000681
4 0.947051 0.947087
0 0.66812 ifyxd
3 0.743335 0
0 0.241973 jhzfy
0 0.643859 dzduh
2 0.67374 0.000558
0 0.284775 quqln
3 0.92515 41
3 0.945053 26
1 0.954313
0 0.572289 wwltl
4 0.644266 0.644328
1 0.305059
1 0.54973
0 0.342339 pjzxw
3 0.068886 9
3 0.712977 20
1 0.616756
1 0.995251
3 0.306472 44
2 0.232135 0.000257
1 0.834362
0 0.190685 ewgow
2 0.229586 1.3e-05
3 0.305096 45
1 0.890334
1 0.431374
1 0.645776
2 0.736419 0.000959
4 0.498927 0.498959
0 0.651376 cxjtn
1 0.540161
4 0.856654 0.856726
2 0.389812 0.00071
1 0.103622
3 0.986428 14
2 0.548136 0.00019
1 0.710265
3 0.674575 24
4 0.689855 0.689863
4 0.857583 0.857611
1 0.816383
1 0.551345
4 0.053723 0.053799
4 0.930847 0.930941
3 0.553909 27
0 0.482068 rrioz
1 0.224858
2 0.429644 0.000435
1 0.847709
4 0.852371 0.852444
4 0.882285 0.882356
4 0.936008 0.936055
0 0.383207 puidn
1 0.303327
2 0.752449 0.000273
1 0.507517
3 0.949683 11
3 0.924624 12
4 0.310848 0.310947
2 0.935774 0.000968
2 0.112045 0.000709
2 0.942592 0.000676
1 0.815786
1 0.60411
1 0.112347
1 0.972336
1 0.292095
4 0.057002 0.057015
4 0.006685 0.006711
0 0.447661 gsftt
0 0.85061 jdgid
1 0.019017
3 0.836678 27
4 0.465377 0.465402
2 0.188218 0.000573
3 0.24522 38
3 0.251905 14
3 0.699566 5
4 0.974427 0.974524
2 0.185063 0.000408
0 0.024095 hscqa
0 0.643106 ybrju
1 0.329794
3 0.541921 32
3 0.310178 49
3 0.526096 6
2 0.500524 0.000654
1 0.201939
4 0.665689 0.665775
4 0.153937 0.153996
2 0.661202 0.000294
4 0.307946 0.307947
2 0.150167 0.000616
4 0.996314 0.996365
2 0.129646 0.000399
1 0.835995
2 0.711762 0.000852
1 0.728638
3 0.494779 23
1 0.586118
0 0.253775 afhkm
3 0.803934 30
1 0.1375
4 0.959042 0.959129
2 0.780793 0.000653
3 0.461772 18
2 0.70234 0.000406
0 0.988724 ciuga
0 0.078131 bwwzq
2 0.31589 0.000617
3 0.45339 13
2 0.466377 8e-06
2 0.181383 0.000346
4 0.124503 0.124543
4 0.279909 0.280001
1 0.398597
3 0.951396 3
0 0.514556 krnmu
4 0.503864 0.503906
3 0.072735 32
2 0.600647 1e-05
0 0.425705 isiep
3 0.782509 42
4 0.697459 0.697469
0 0.920412 kulwg
1 0.350773
4 0.407702 0.407717
4 0.996789 0.996837
3 0.113789 10
0 0.055846 zbmph
2 0.636216 0.000769
3 0.333675 31
0 0.254088 hifxn
0 0.597149 zvsbi
4 0.607663 0.607671
4 0.545978 0.546032
1 0.081504
3 0.178988 31
1 0.815205
1 0.603329
0 0.911532 jvqcy
4 0.04454 0.044624
0 0.725452 uxjfy
1 0.406593
0 0.525657 evbod
1 0.53572
4 0.827297 0.827347
0 0.255182 kxaaa
3 0.757215 15
4 0.904484 0.904512
1 0.70953
2 0.558346 0.000103
1 0.467545
2 0.290929 0.000435
1 0.024625
0 0.073551 hhvhz
2 0.646831 0.000262
1 0.652069
2 0.7457 0.000672
2 0.904916 0.000156
3 0.05667 39
0 0.615016 nzmyw
1 0.972602
4 0.011856 0.011861
4 0.883414 0.883454
3 0.506955 28
4 0.134218 0.134247
0 0.842445 zcygf
3 0.55392 10
0 0.168936 ydyjc
3 0.325205 24
2 0.404063 0.000156
3 0.353103 44
3 0.404631 16
3 0.218561 6
1 0.810894
1 0.397643
4 0.888992 0.888998
4 0.839354 0.839407
3 0.677858 44
0 0.546813 fcgrw
3 0.478046 1
2 0.841093 0.000986
3 0.176861 42
1 0.621067
3 0.095976 38
1 0.40412
2 0.610044 0.000537
3 0.861097 40
1 0.901293
2 0.461161 0.000109
3 0.849532 1
1 0.641965
0 0.701684 ophds
0 0.655456 cykir
2 0.954348 4.2e-05
4 0.190839 0.190878
1 0.105187
4 0.494752 0.494794
1 0.902948
0 0.057846 jzdaw
1 0.639301
0 0.387532 ohrmj
1 0.298041
3 0.847072 32
4 0.664108 0.664128
0 0.158941 uwnwv
1 0.1832
4 0.010423 0.010424
4 0.779808 0.779885
1 0.598958
2 0.079093 0.000168
1 0.422786
1 0.712457
4 0.817274 0.817303
2 0.207015 0.000637
4 0.52754 0.52757
0 0.302662 dxoxe
3 0.71915 11
3 0.01531 40
1 0.614268
2 0.643981 0.000788
3 0.583119 14
0 0.820298 krgdc
3 0.953697 41
0 0.256359 oczkd
2 0.304988 0.000887
2 0.320298 0.000977
0 0.450918 ddayy
2 0.846706 0.000155
4 0.393879 0.393949
1 0.16469
0 0.331218 wodmj
4 0.781028 0.781044
1 0.602368
3 0.16189 16
3 0.724295 36
0 0.930681 ksuqk
1 0.452932
3 0.616968 5
0 0.319488 pgwbb
4 0.18838 0.188445
2 0.352754 0.000133
1 0.514644
1 0.218916
0 0.674439 arbdb
3 0.97745 12
2 0.67982 0.00023
2 0.236258 7.5e-05
4 0.786825 0.786837
0 0.975205 yczzf
1 0.083565
4 0.114248 0.114252
2 0.316573 0.000789
4 0.271789 0.271831
4 0.106051 0.106082
4 0.073633 0.073658
1 0.877056
4 0.154796 0.154843
4 0.881608 0.881705
1 0.351537
4 0.96714 0.967191
0 0.326096 lcmva
1 0.726661
3 0.061411 5
4 0.683814 0.683852
0 0.757448 ldkdn
3 0.799928 27
0 0.922756 dxaug
2 0.927633 0.000121
0 0.452505 lkiso
0 0.366089 ifrvt
0 0.164895 cxuhl
0 0.334919 ihqdi
0 0.189272 fzjnl
2 0.795333 0.000992
2 0.161422 0.000231
0 0.743311 ygnlr
4 0.243717 0.243728
2 0.554419 0.000582
1 0.981648
0 0.832725 mixzx
0 0.319402 hlvzt
0 0.564606 fxprk
1 0.197601
3 0.942465 14
1 0.496884
2 0.420402 0.000533
2 0.76948 0.00072
0 0.824181 rskyg
4 0.86476 0.864842
3 0.65727 39
3 0.225795 18
2 0.209042 0.000314
3 0.104498 29
0 0.953814 jfeye
3 0.137621 12
0 0.051891 dmcss
3 0.757262 21
2 0.582445 0.00099
4 0.30784 0.307896
4 0.412338 0.412374
4 0.882504 0.882556
3 0.773072 1
0 0.433121 yddgs
2 0.980133 0.000702
2 0.163161 8.5e-05
1 0.036163
1 0.032173
1 0.481498
4 0.442801 0.442856
0 0.371491 atraj
2 0.923396 0.000262
0 0.53337 arfds
1 0.851881
0 0.371234 nlygk
4 0.066325 0.066414
2 0.316832 5.4e-05
3 0.552775 16
3 0.52017 29
0 0.959918 vkysp
1 0.673299
3 0.896597 32
3 0.267831 1
1 0.191581
3 0.054276 42
0 0.614165 rrzwu
3 0.751805 38
4 0.422223 0.422279
0 0.585533 jjogd
4 0.268222 0.268238
4 0.052405 0.052424
2 0.760339 0.000949
3 0.010631 6
3 0.762436 46
0 0.387243 eahxu
1 0.619458
4 0.179509 0.179564
2 0.854947 0.000128
0 0.501832 buvoy
1 0.238799
3 0.641964 30
0 0.02268 vyfbw
0 0.087215 mcrix
2 0.967141 0.000575
4 0.608622 0.608718
3 0.518324 34
2 0.996784 0.000344
3 0.426015 16
2 0.018789 0.000232
1 0.680756
1 0.692556
1 0.048613
2 0.99288 0.000156
3 0.788519 8
4 0.434446 0.434506
1 0.844494
0 0.561758 xjaqv
3 0.128179 29
4 0.403997 0.404067
3 0.997428 27
2 0.689984 0.000625
0 0.460368 vxori
3 0.205823 17
1 0.56667
3 0.451689 1
2 0.526584 0.000828
2 0.353414 7e-06
1 0.665258
1 0.254858
3 0.652136 35
0 0.858473 vnjed
2 0.149346 6e-05
0 0.871521 ntpxc
4 0.763934 0.763973
2 0.065841 5.3e-05
2 0.334829 0.000663
3 0.589688 1
0 0.027525 bzwqv
2 0.37948 0.000523
0 0.39154 inqtn
2 0.242026 1.7e-05
4 0.752665 0.752754
0 0.13307 jaxnz
1 0.972387
2 0.174705 0.000837
3 0.779282 30
0 0.158762 zvbgi
2 0.458284 9.9e-05
2 0.70031 0.000468
1 0.452975
3 0.106748 45
1 0.749375
0 0.268645 spmbm
1 0.02212
2 0.089702 0.000962
4 0.048058 0.048118
1 0.248371
4 0.631269 0.631272
3 0.440759 6
4 0.540369 0.540423
1 0.979253
2 0.276174 0.000898
1 0.321091
3 0.451163 15
4 0.989635 0.989709
3 0.076598 44
1 0.72741
0 0.67134 zhscq
1 0.598004
2 0.710312 0.000726
4 0.189004 0.189035
3 0.98153 29
4 0.302621 0.302685
0 0.876038 zhpxd
4 0.970248 0.970262
1 0.641588
3 0.20096 36
3 0.096843 4
2 0.750081 0.000267
0 0.816477 unloj
4 0.086126 0.086198
4 0.962164 0.962257
0 0.443229 staif
4 0.238561 0.238635
1 0.290849
2 0.313679 0.000803
2 0.06376 0.000422
2 0.396589 4.5e-05
1 0.925644
3 0.866139 6
1 0.256863
0 0.891193 fieud
0 0.076359 pqqzx
1 0.177783
1 0.799276
2 0.664267 0.000699
0 0.060856 tddgg
4 0.338971 0.339053
1 0.230164
3 0.627119 39
4 0.316534 0.31654
3 0.669407 47
0 0.616303 esbdu
1 0.789349
2 0.501928 0.000558
3 0.445156 11
0 0.770875 ogayo
3 0.915133 23
2 0.727023 0.000731
1 0.549284
1 0.45561
2 0.272177 0.000693
0 0.258861 cabow
3 0.122363 40
0 0.355185 nhefq
3 0.112238 28
4 0.321876 0.321879
2 0.769262 0.000787
0 0.741225 jsieh
0 0.612569 sqlhk
4 0.388498 0.388512
1 0.300537
0 0.125123 myxxo
4 0.667262 0.66735
4 0.929401 0.92948
1 0.201558
2 0.940699 0.000743
0 0.149011 nbgwq
3 0.966472 25
4 0.05394 0.054002
1 0.179063
3 0.018056 29
3 0.934693 18
0 0.705381 rlifa
4 0.478106 0.478126
4 0.627118 0.627202
2 0.237394 0.000455
4 0.431299 0.431327
1 0.08037
0 0.11006 vmfox
4 0.192213 0.192248
1 0.897594
0 0.069545 ewhxj
2 0.241458 9.4e-05
2 0.488752 0.000488
2 0.825673 0.000788
2 0.640719 0.000158
0 0.750779 fkjky
4 0.408355 0.408431
2 0.822301 0.000338
3 0.04446 6
0 0.749279 cszee
1 0.259766
4 0.821514 0.82152
3 0.978585 17
3 0.245716 39
4 0.919201 0.919282
0 0.757481 yknpu
0 0.878035 leltf
4 0.385211 0.385307
0 0.723077 hdgxq
3 0.76271 28
2 0.104243 0.000871
1 0.370483
0 0.598651 nrbzr
3 0.957956 16
3 0.347326 44
2 0.248889 0.000892
2 0.971966 0.000794
2 0.18998 0.000818
1 0.65371
0 0.041745 vceuc
0 0.366077 ehxpo
4 0.917967 0.91806
2 0.265293 0.000989
1 0.030534
1 0.340603
0 0.007027 fddev
3 0.262154 37
2 0.026474 0.000963
1 0.528534
3 0.379146 46
4 0.822805 0.822877
0 0.740773 qywvp
0 0.980339 sltlo
4 0.071654 0.071687
2 0.850161 0.000422
1 0.876635
1 0.37571
2 0.856131 0.000856
3 0.941795 13
2 0.612662 0.000138
0 0.143437 usiij
3 0.531019 29
3 0.828009 43
4 0.003894 0.003932
0 0.095317 kubog
1 0.684804
0 0.700333 cujsi
0 0.519865 lhznl
1 0.116542
4 0.370812 0.370849
3 0.891059 27
1 0.502728
1 0.921876
3 0.234114 38
1 0.918919
3 0.494599 1
2 0.119779 0.000786
0 0.184482 bupsh
1 0.122412
2 0.74908 0.000648
3 0.499008 34
1 0.319526
0 0.620936 qhjsc
3 0.719352 12
1 0.57975
1 0.491755
2 0.219875 0.000214
3 0.775824 33
0 0.448315 urofd
1 0.511531
3 0.048634 43
4 0.602274 0.602317
3 0.591186 13
1 0.310538
1 0.466629
0 0.655269 vxnbg
1 0.264184
0 0.131989 rhxxn
3 0.32971 24
2 0.764356 0.000815
3 0.901799 13
1 0.122413
1 0.64383
1 0.092855
2 0.91391 0.00024
2 0.305407 0.000839
2 0.472729 2.3e-05
2 0.604718 0.000556
1 0.450455
0 0.944737 ufbgo
3 0.874532 3
3 0.207824 18
4 0.368006 0.368065
4 0.45118 0.451202
1 0.933712
4 0.937655 0.937676
0 0.14503 nwhay
4 0.941925 0.942012
2 0.671688 0.000418
3 0.910618 3
2 0.134761 0.000127
2 0.501482 0.000485
2 0.961059 0.000665
4 0.471875 0.471905
0 0.925883 eqpep
4 0.631857 0.631891
0 0.283703 ddqgm
1 0.237606
3 0.450968 41
3 0.477682 0
0 0.645018 woyev
4 0.717876 0.717924
4 0.44908 0.449088
0 0.141311 enrya
2 0.119514 2.3e-05
0 0.873472 wutxf
0 0.54663 dcnne
1 0.615688
3 0.908731 13
4 0.245339 0.245424
0 0.102486 rvpkp
1 0.736186
1 0.144845
4 0.480842 0.480853
2 0.337212 0.000228
3 0.8386 23
3 0.631077 29
4 0.763117 0.763129
2 0.872082 0.000328
1 0.601968
4 0.612014 0.612079
1 0.731169
2 0.066338 0.000542
3 0.201196 38
3 0.682038 49
2 0.535602 0.000727
0 0.374203 beenj
4 0.766246 0.766334
2 0.091575 6.5e-05
2 0.471331 0.000431
2 0.330529 0.000601
1 0.913219
0 0.94471 iojtu
2 0.848409 0.000814
3 0.738964 17
0 0.260596 xzzjp
2 0.856174 0.000702
1 0.327505
4 0.979299 0.979334
2 0.584545 0.000254
2 0.045607 2.2e-05
3 0.796882 29
2 0.10406 0.000238
3 0.77946 2
0 0.027805 qlcqk
0 0.236631 vzwqq
3 0.733255 9
3 0.295214 32
1 0.092097
3 0.63642 9
1 0.067139
4 0.465955 0.466031
1 0.345105
0 0.240681 xhjby
0 0.065684 dkzkn
0 0.151 gtyfh
2 0.731194 0.000821
3 0.798333 42
3 0.456861 18
0 0.672428 seriv
4 0.927238 0.927314
2 0.025682 0.000669
3 0.226241 22
3 0.844147 37
2 0.455272 0.000901
4 0.186466 0.18654
4 0.501151 0.501167
4 0.958013 0.958049
4 0.146793 0.146831
1 0.840075
2 0.129421 0.000374
2 0.222049 8e-06
1 0.012719
3 0.399178 43
1 0.759677
0 0.369015 jwrln
2 0.418919 0.000873
1 0.893284
1 0.023157
3 0.004199 39
0 0.707864 duevs
0 0.555233 olsld
3 0.931001 11
1 0.704522
4 0.669248 0.669248
1 0.442121
3 0.664535 32
1 0.220965
4 0.501887 0.501957
0 0.822351 zjrud
3 0.80992 8
1 0.855553
2 0.493784 0.000554
1 0.940375
4 0.984217 0.984292
4 0.631597 0.631653
1 0.005815
1 0.933717
4 0.291144 0.291211
1 0.586197
2 0.694919 0.000842
3 0.13137 12
3 0.423146 18
1 0.433283
4 0.480832 0.480842
3 0.465049 36
4 0.73687 0.736904
4 0.673226 0.673291
1 0.346899
2 0.027426 0.000395
1 0.873832
3 0.732889 3
2 0.890452 0.000825
0 0.058427 ontow
2 0.511969 0.000148
4 0.527955 0.528039
4 0.144742 0.14483
2 0.252159 1.2e-05
1 0.776942
3 0.830054 45
2 0.570647 0.000336
0 0.263434 pqqtq
3 0.557293 34
3 0.461851 5
3 0.34781 11
2 0.486991 0.000205
1 0.299398
4 0.95664 0.956696
3 0.725078 10
4 0.8837 0.883709
2 0.643777 0.000896
3 0.13668 34
1 0.785555
3 0.403444 41
1 0.381647
2 0.768501 0.000809
0 0.246488 xwcjg
1 0.039959
0 0.143834 ixycl
4 0.441779 0.44185
4 0.348363 0.348437
2 0.078558 1.9e-05
0 0.592804 qkdaa
1 0.47198
4 0.586262 0.586345
3 0.425999 5
0 0.456139 fcpuo
1 0.753804
3 0.561625 8
1 0.156996
4 0.718708 0.718723
1 0.596365
0 0.034303 iwmrj
2 0.344497 0.000252
0 0.526054 rmczs
0 0.836996 vhvbo
2 0.231916 0.000629
2 0.882283 0.000978
0 0.755478 jfznt
4 0.370783 0.370791
1 0.452555
0 0.904184 eajzj
4 0.614652 0.614695
0 0.689571 bqrcc
0 0.784378 ksvif
1 0.873652
3 0.211601 12
4 0.664157 0.664184
4 0.170976 0.171069
2 0.272334 0.000269
1 0.886986
2 0.353213 0.000909
2 0.159697 0.000397
2 0.211486 0.000519
0 0.104945 ouqli
2 0.778044 0.000791
1 0.44403
0 0.093234 qtbal
3 0.216248 48
2 0.569461 0.00021
4 0.245511 0.245518
2 0.456997 0.000478
4 0.078295 0.078345
1 0.671585
1 0.908051
4 0.92072 0.920814
0 0.881103 urorp
0 0.060086 kycom
1 0.140457
3 0.726203 36
2 0.356034 7.5e-05
2 0.395984 0.000288
4 0.538661 0.538752
3 0.975733 36
1 0.856836
3 0.847693 23
3 0.701942 21
3 0.917329 34
0 0.380925 lxnkh
2 0.447556 0.0007
3 0.975845 37
4 0.928536 0.928536
0 0.433774 bsxuf
3 0.437299 6
2 0.177722 0.000662
3 0.392456 7
4 0.263999 0.264057
2 0.691128 0.000861
1 0.138685
3 0.035224 32
0 0.982089 sfznk
1 0.309756
2 0.346513 0.000176
3 0.282921 39
1 0.329583
2 0.172364 0.000493
3 0.436364 3
2 0.643844 1.6e-05
3 0.298881 29
3 0.929763 30
4 0.005534 0.005617
2 0.031431 0.000939
3 0.857539 24
3 0.125716 9
2 0.570607 0.000567
0 0.109541 qezbq
4 0.793492 0.793498
3 0.608726 36
3 0.538489 18
2 0.060375 0.000101
4 0.091806 0.091898
2 0.465698 0.000218
3 0.107766 30
0 0.678373 inmev
1 0.471729
0 0.212566 bentm
4 0.928789 0.928802
3 0.989165 14
2 0.597323 0.000458
1 0.579373
4 0.678254 0.678293
4 0.257886 0.25795
1 0.854609
3 0.807138 19
4 0.278867 0.278886
2 0.756927 9.3e-05
3 0.827754 35
1 0.696877
0 0.716552 vrlpb
2 0.041611 0.000292
1 0.299498
4 0.838707 0.838714
2 0.162197 7.8e-05
3 0.957417 49
3 0.53421 28
3 0.501304 3
0 0.913539 awzyo
3 0.764407 33
4 0.241799 0.241893
2 0.111802 0.000292
1 0.95051
1 0.931665
4 0.106181 0.106184
1 0.404331
1 0.120687
1 0.028525
1 0.428764
0 0.051882 evdcy
3 0.15106 15
3 0.909212 12
2 0.021014 0.000404
0 0.487876 wladg
2 0.469372 0.000675
1 0.980483
2 0.962442 0.0006
2 0.530676 0.000856
3 0.930201 9
3 0.192445 22
3 0.44456 34
0 0.984487 bpptw
4 0.838665 0.838693
2 0.058429 5.3e-05
2 0.398881 0.000888
1 0.877675
3 0.339253 2
0 0.426064 aabix
2 0.008262 0.000262
3 0.509101 15
2 0.56654 0.000844
1 0.112244
4 0.876984 0.877001
0 0.053389 nayhm
1 0.361973
1 0.592111
4 0.295456 0.295474
1 0.757226
1 0.604413
4 0.892875 0.892903
1 0.459415
2 0.493877 0.00066
3 0.887213 29
3 0.940603 47
2 0.150881 0.000117
4 0.959999 0.960042
0 0.552111 uvjtm
1 0.491845
1 0.418344
4 0.013061 0.013133
2 0.472476 0.000596
1 0.560488
1 0.927416
4 0.363705 0.363724
4 0.472752 0.472804
1 0.613998
2 0.775931 0.000795
0 0.319764 pzzue
0 0.929647 bysno
1 0.729297
3 0.492025 28
4 0.296294 0.296329
1 0.955313
4 0.655458 0.65546
2 0.667062 0.000733
2 0.747129 0.000849
3 0.906977 44
4 0.397109 0.397145
3 0.305585 29
1 0.857285
1 0.536537
2 0.507614 0.000914
1 0.243449
1 0.743596
0 0.829226 grgzi
4 0.22301 0.223067
0 0.629843 aqlil
2 0.108385 0.00053
0 0.96567 pfxcq
1 0.91079
2 0.537262 0.000797
3 0.80485 12
4 0.210428 0.21047
3 0.433438 0
3 0.579633 39
0 0.942122 hmuzd
1 0.760994
4 0.07628 0.076286
0 0.761392 wdtym
2 0.438096 0.00051
4 0.344021 0.344021
1 0.458909
3 0.835237 12
0 0.522176 ukabd
0 0.164055 meqcs
0 0.932735 aiwkm
0 0.931185 wllrq
4 0.465678 0.465694
1 0.987855
1 0.70349
2 0.855929 0.000544
2 0.536337 1.4e-05
4 0.550995 0.551038
1 0.843397
3 0.096953 39
4 0.819627 0.819712
1 0.750812
3 0.402719 0
4 0.279173 0.279242
4 0.131642 0.131689
4 0.974073 0.97411
2 0.346355 0.000282
1 0.882692
1 0.286317
4 0.999191 0.999269
3 0.824469 33
0 0.285175 hdpxv
0 0.715425 suksc
4 0.260722 0.260783
1 0.805836
3 0.524465 5
0 0.631114 ejdnc
2 0.500836 0.000722
2 0.108799 0.000589
4 0.467575 0.467612
4 0.183 0.183005
0 0.115199 qmzup
1 0.668936
3 0.863942 41
1 0.495056
1 0.549204
1 0.751821
1 0.096488
2 0.83687 0.000791
4 0.43746 0.437555
4 0.635349 0.63542
1 0.667706
2 0.426806 0.000228
0 0.636872 qpxgf
1 0.630055
3 0.32717 18
4 0.521319 0.521376
3 0.358189 0
2 0.312001 0.000547
1 0.463702
3 0.55029 9
2 0.710225 0.000141
0 0.125454 chrfb
0 0.509951 vzdhm
3 0.728262 42
4 0.602803 0.602897
1 0.914805
1 0.18386
2 0.031712 0.00015
3 0.720476 25
4 0.105141 0.105222
2 0.643031 0.000692
4 0.228485 0.228539
0 0.075554 xzltb
1 0.508803
4 0.129914 0.130012
3 0.561071 41
3 0.455931 3
3 0.482199 30
3 0.909961 23
2 0.323343 0.000804
1 0.040819
0 0.458351 rckej
0 0.501841 beafw
1 0.688494
0 0.898894 aqnmx
4 0.536585 0.536674
1 0.376281
1 0.996208
0 0.856788 bvwxj
1 0.044473
0 0.963537 appdo
0 0.721133 dldkw
0 0.86126 fpohs
2 0.945878 0.000913
0 0.147577 fkhwv
1 0.686167
1 0.296139
3 0.027774 5
4 0.748908 0.748925
1 0.633977
3 0.129073 15
3 0.618458 45
4 0.201034 0.201107
2 0.130529 0.000451
1 0.246814
2 0.361159 0.000571
0 0.563678 mnsvd
2 0.305027 0.000123
1 0.455357
1 0.670436
4 0.186771 0.186825
3 0.945574 0
4 0.66296 0.663035
1 0.309842
1 0.377502
1 0.37721
3 0.964227 20
3 0.492572 21
1 0.048692
2 0.187696 7.1e-05
2 0.212707 0.00078
0 0.883143 vyihi
2 0.496363 0.000653
2 0.235336 0.000847
4 0.612838 0.612841
4 0.384203 0.384286
2 0.719246 7e-06
3 0.427798 49
3 0.615494 23
0 0.344553 naaep
3 0.544086 0
0 0.556802 cnkwx
4 0.698508 0.698508
4 0.652591 0.652628
1 0.615599
3 0.485281 0
1 0.617127
3 0.450178 32
4 0.241518 0.241598
1 0.998625
4 0.197827 0.197852
1 0.754629
3 0.721711 20
1 0.422147
4 0.898744 0.898792
3 0.067688 37
1 0.683287
0 0.349097 ehwbt
3 0.215796 22
4 0.869537 0.869635
0 0.583716 zkujh
3 0.618275 45
2 0.741304 0.000783
2 0.605121 0.000422
4 0.47057 0.470581
3 0.953147 28
4 0.430107 0.430181
1 0.612796
1 0.785191
3 0.85388 19
2 0.708578 0.000429
4 0.142748 0.142828
3 0.561367 25
3 0.302671 8
2 0.424144 8e-05
1 0.894715
3 0.595376 14
2 0.261445 0.000673
3 0.745939 20
2 0.047482 0.00029
2 0.865853 0.000412
2 0.692635 0.000603
0 0.244415 otijj
0 0.228801 jkuub
3 0.231138 49
0 0.541811 mqfxs
4 0.349154 0.349173
3 0.341376 6
2 0.992698 0.000921
3 0.689035 13
4 0.204395 0.204458
2 0.660252 0.000595
1 0.010824
3 0.531996 12
2 0.156537 0.000126
2 0.043368 0.000759
1 0.494034
3 0.64149 6
2 0.499218 0.000412
1 0.491916
1 0.891671
3 0.361249 5
1 0.936113
2 0.078303 0.000708
0 0.089128 biuwj
3 0.45603 1
3 0.748367 36
3 0.906209 44
0 0.92178 mcexw
2 0.670144 0.000179
3 0.606257 23
3 0.495045 1
3 0.092981 9
4 0.756901 0.75694
0 0.702581 bcddg
2 0.3562 3.6e-05
1 0.286248
0 0.427262 hlkcq
2 0.631766 0.000353
3 0.877304 4
1 0.486637
0 0.083647 byzsl
3 0.959769 35
3 0.328802 37
1 0.03929
0 0.320078 zulmi
0 0.292316 lgazl
0 0.156305 ofspm
1 0.794686
3 0.85479 23
3 0.183592 10
1 0.739234
0 0.587019 hdahj
2 0.754505 0.000948
0 0.675512 siqga
1 0.43047
0 0.594236 wsrjt
4 0.396578 0.396644
0 0.135813 lzkiq
1 0.305936
0 0.590999 iflad
2 0.350127 6.9e-05
0 0.29695 volec
2 0.211056 9.3e-05
1 0.868323
3 0.367819 39
0 0.258475 kheew
2 0.318564 0.00048
2 0.670769 0.000625
4 0.020897 0.020991
0 0.317847 esgge
0 0.616367 vakqr
1 0.698147
2 0.627823 0.000925
0 0.468502 kzyul
3 0.776532 12
0 0.939578 akdse
4 0.559932 0.560028
3 0.413104 24
0 0.518076 zlhtz
0 0.585888 umwtn
0 0.495061 uvopb
3 0.694429 38
0 0.821478 ldqbs
3 0.688964 2
3 0.945231 4
1 0.702705
3 0.557359 47
0 0.605502 yiujf
0 0.753699 dlamv
0 0.799175 vsidf
1 0.239161
3 0.010244 17
0 0.229301 vdwjn
2 0.605116 0.000652
3 0.782706 19
4 0.065885 0.065984
0 0.339902 gzads
3 0.504212 25
1 0.259725
4 0.623088 0.623182
1 0.852389
2 0.069019 0.00064
2 0.098615 0.000567
3 0.032267 43
0 0.994338 zwzcd
3 0.42159 17
4 0.451872 0.451917
3 0.403498 39
0 0.214394 ggesj
1 0.145306
1 0.543306
1 0.786565
0 0.202971 uyytw
0 0.517129 ffaxm
4 0.838372 0.838451
0 0.552282 oregl
2 0.573937 0.000189
4 0.633595 0.63361
1 0.725521
3 0.232848 36
3 0.257892 39
3 0.775022 7
0 0.47237 leaqm
1 0.4205
4 0.263515 0.263553
1 0.712046
1 0.752623
0 0.292202 emgmj
1 0.47258
0 0.142928 sigib
3 0.23653 44
4 0.403093 0.403189
3 0.666608 37
4 0.895006 0.895074
0 0.233593 yytms
2 0.373846 0.000712
0 0.033126 autim
4 0.936545 0.936588
2 0.131589 0.000109
0 0.779838 rvxxg
3 0.86847 3
0 0.880158 fwmpu
0 0.07835 fmcjr
0 0.756536 amirw
1 0.951784
3 0.895777 9
1 0.620789
4 0.595916 0.595958
4 0.992427 0.992521
1 0.028717
4 0.920069 0.920141
1 0.286018
0 0.855912 nhtrh
0 0.876421 vxynb
2 0.49662 0.000611
1 0.171074
0 0.070858 alzxp
4 0.82301 0.823011
1 0.625381
3 0.12744 32
3 0.063325 19
0 0.724926 ylpyn
0 0.440818 ubxoq
2 0.503954 7.5e-05
2 0.923248 0.000451
2 0.746258 0.000604
0 0.887991 awpmn
2 0.787143 0.000214
0 0.851996 ffunr
4 0.884673 0.884763
3 0.243089 38
0 0.079516 cwykg
4 0.184206 0.184266
4 0.923817 0.923854
3 0.243105 34
3 0.287319 26
1 0.250588
1 0.717821
4 0.274365 0.274383
3 0.229855 21
4 0.846898 0.846936
1 0.892381
4 0.62231 0.622367
1 0.810822
2 0.16535 0.000511
2 0.408455 0.000146
0 0.212126 temyg
0 0.260901 vzoab
1 0.227102
0 0.262646 uimxs
3 0.53108 9
3 0.228591 36
3 0.197089 29
1 0.899764
3 0.326502 2
0 0.08435 rdgsn
4 0.480721 0.480752
1 0.743367
2 0.419104 0.00034
0 0.033107 xdybn
0 0.970659 tokwo
0 0.779518 fdhyj
4 0.825068 0.825124
2 0.4945 0.000268
2 0.261879 0.000372
2 0.233165 0.000479
2 0.251882 0.000798
1 0.499191
3 0.930128 42
4 0.248224 0.24828
3 0.925526 27
1 0.687179
0 0.735933 smzze
0 0.88526 aabxo
4 0.441377 0.441409
2 0.400846 0.000324
0 0.330974 gooqe
1 0.247401
3 0.224607 4
1 0.695443
0 0.235044 ngczk
2 0.286681 9.5e-05
2 0.154146 0.000825
1 0.25676
1 0.975097
1 0.882997
0 0.561982 lthqd
2 0.256935 0.000399
3 0.952378 45
4 0.252166 0.25221
1 0.425939
4 0.693229 0.693251
2 0.328054 0.000744
3 0.880077 41
1 0.279426
2 0.176115 0.000325
4 0.323014 0.323067
2 0.891671 0.00094
2 0.134371 0.00067
4 0.128468 0.128505
0 0.962166 nkibe
2 0.823639 0.000503
3 0.474794 33
0 0.572575 elejf
2 0.962042 0.000662
0 0.058334 srium
3 0.684531 38
0 0.33575 jxres
0 0.207483 xmnqr
2 0.776596 0.000736
2 0.364653 0.00013
0 0.877086 vxwbo
4 0.009662 0.009742
4 0.18826 0.188342
0 0.796102 xhxsw
1 0.945429
1 0.227172
3 0.961955 18
2 0.491688 0.000774
2 0.744083 0.00086
4 0.583486 0.583488
3 0.472335 16
2 0.562067 0.000272
4 0.98755 0.987569
1 0.609584
1 0.01
3 0.862779 16
2 0.20607 0.000438
2 0.168025 0.000559
4 0.176065 0.176098
4 0.920148 0.920193
3 0.503635 49
3 0.492322 15
2 0.05439 0.000239
2 0.04194 0.000159
0 0.651524 lflvk
3 0.197791 32
2 0.882169 0.000941
4 0.058234 0.05826
0 0.494735 xcivj
4 0.42634 0.426368
1 0.619726
2 0.082482 0.000602
0 0.564807 fycpb
0 0.061444 nuxfs
0 0.969537 dydgw
1 0.208233
2 0.585442 0.000314
4 0.205169 0.20517
3 0.992771 33
0 0.565275 hyzyt
4 0.30555 0.305642
4 0.780352 0.780396
4 0.266242 0.266308
4 0.266853 0.266916
4 0.790861 0.790909
2 0.376304 0.000362
3 0.097825 16
1 0.606948
4 0.139916 0.139939
1 0.639506
2 0.07892 0.000525
3 0.38447 20
3 0.164823 14
4 0.431065 0.431097
4 0.21427 0.214365
0 0.005132 fwaqc
0 0.351974 fryvb
4 0.75146 0.751558
0 0.274985 anxna
1 0.855086
4 0.406606 0.406656
0 0.829253 ahlyo
0 0.612848 siqun
2 0.057513 0.000877
2 0.038711 0.000714
0 0.256548 sctab
0 0.318403 cnble
4 0.858527 0.858568
3 0.586887 39
2 0.183573 0.000223
2 0.451238 6.3e-05
0 0.547115 yvnss
2 0.97724 0.000823
1 0.020606
1 0.659462
0 0.15538 mvqlt
0 0.661692 ofjzz
1 0.895437
0 0.992708 fvoig
1 0.521331
2 0.976711 5.5e-05
1 0.479993
0 0.662843 rtmqf
2 0.164161 0.000162
1 0.60836
0 0.572422 inayh
0 0.004434 lvvdq
3 0.249063 12
4 0.729056 0.729056
0 0.507909 qdnfk
3 0.108382 22
0 0.810337 ephpo
0 0.611654 hljko
2 0.056687 0.00054
4 0.921858 0.921907
4 0.449873 0.449883
1 0.025403
2 0.402271 0.000139
2 0.510653 0.000612
2 0.837342 0.000858
1 0.043193
4 0.306974 0.306999
3 0.010928 1
0 0.720252 xfzgd
4 0.552222 0.552307
0 0.686433 thgme
0 0.076112 gsqbl
0 0.439383 rpntq
2 0.016763 0.00071
1 0.826406
3 0.165559 7
1 0.128344
2 0.763991 0.000533
2 0.545135 0.000992
2 0.996597 0.000457
0 0.335047 njpzz
2 0.928041 0.000424
3 0.949722 8
3 0.032784 14
4 0.041767 0.04184
2 0.119325 0.00057
1 0.883316
3 0.047576 4
0 0.543258 eodch
2 0.106455 0.000783
4 0.705693 0.705769
3 0.601441 48
1 0.546657
2 0.70748 0.000926
2 0.521206 0.000275
4 0.780796 0.780826
0 0.7256 smdni
2 0.64725 0.000271
4 0.924034 0.924089
2 0.64521 6.3e-05
1 0.832461
4 0.452753 0.452848
1 0.771031
4 0.229119 0.229206
2 0.153746 0.000458
0 0.784477 iyvfl
4 0.57514 0.575224
0 0.003764 cmfec
3 0.687392 1
4 0.656497 0.656546
1 0.427529
3 0.316897 18
2 0.470643 0.000826
2 0.25512 0.000831
1 0.782479
1 0.686112
4 0.729133 0.729229
1 0.732897
2 0.300339 0.000617
4 0.315979 0.315979
3 0.164081 16
3 0.58103 42
2 0.34498 0.000439
2 0.320708 0.000435
0 0.321712 gzurd
3 0.852956 17
1 0.815569
2 0.494749 0.000908
4 0.89824 0.898327
1 0.989123
0 0.193852 fybii
3 0.030804 43
3 0.582964 7
3 0.049307 3
0 0.669643 jmlcj
0 0.495819 aglob
4 0.987317 0.987373
3 0.713371 5
0 0.268054 krbmw
2 0.592952 0.000346
0 0.218924 kgswv
1 0.131582
0 0.435458 kwneu
1 0.609059
2 0.617729 0.000902
0 0.200795 mapwr
2 0.152423 0.000609
4 0.990297 0.99031
1 0.861945
0 0.523206 wsuhm
4 0.684702 0.684762
3 0.04721 8
4 0.571635 0.571697
2 0.77243 0.000465
4 0.748911 0.748989
3 0.583091 1
4 0.42826 0.42831
0 0.303531 abtrn
1 0.286545
2 0.663305 0.000599
2 0.055975 0.000809
2 0.641559 0.000444
4 0.505156 0.505182
2 0.950485 0.000138
0 0.086851 ypjgr
2 0.491724 0.000393
4 0.834814 0.834814
2 0.23086 0.000897
4 0.894165 0.894261
3 0.95014 8
1 0.108051
4 0.973892 0.973952
1 0.533709
2 0.905171 0.000704
0 0.148752 vatwa
2 0.553891 0.000772
3 0.438891 29
0 0.64314 guvab
2 0.140103 0.000756
1 0.113996
1 0.655782
2 0.638065 0.000953
2 0.837666 0.000705
4 0.170444 0.170494
0 0.806891 elvag
4 0.949499 0.949591
4 0.770711 0.77074
2 0.058416 0.000176
0 0.454172 hestm
0 0.950718 ndrdr
1 0.390564
1 0.615098
3 0.499274 1
3 0.673719 2
0 0.631225 aqhmk
2 0.050463 0.000948
2 0.120234 0.000853
0 0.992767 xgpbr
1 0.726107
3 0.234704 34
2 0.203529 0.000805
1 0.082247
0 0.249417 cfvmw
2 0.283731 0.000173
0 0.821253 wvldi
2 0.501946 0.000536
0 0.55093 easng
1 0.959535
1 0.104115
2 0.812173 0.000961
2 0.059527 0.000286
4 0.726284 0.726301
0 0.857342 fzrko
0 0.41668 zmats
2 0.10416 0.000259
2 0.126028 0.000146
3 0.746495 9
3 0.572808 33
0 0.535095 jksvi
3 0.823 44
0 0.088649 ykvwr
1 0.795302
2 0.795284 0.000913
4 0.921312 0.921324
2 0.18416 2.1e-05
2 0.756968 0.000756
0 0.292063 aqyre
1 0.823206
0 0.212113 fjotm
0 0.459225 odler
3 0.832603 0
3 0.031976 18
2 0.252732 4.8e-05
2 0.335709 0.000725
0 0.852267 khqud
2 0.902206 0.00097
0 0.529829 ttzio
0 0.458049 dmarb
0 0.336382 dymal
2 0.849994 0.000342
1 0.04182
2 0.508828 0.000854
3 0.625798 41
2 0.23074 5.4e-05
1 0.076871
0 0.891374 pzjzw
4 0.926749 0.92677
1 0.440827
0 0.067339 tnter
0 0.510847 fkjjk
0 0.331238 bwpex
0 0.603745 ytmnm
2 0.779235 0.00089
2 0.362926 0.000415
4 0.257823 0.257832
0 0.661548 wrvki
2 0.712096 0.00016
3 0.300319 42
1 0.296268
4 0.901046 0.901118
2 0.897042 0.000617
2 0.955811 0.000204
4 0.411248 0.411278
4 0.055399 0.055404
0 0.469609 mojtt
4 0.308075 0.308154
1 0.352408
0 0.289808 iocks
4 0.480503 0.480514
1 0.952666
3 0.553572 15
0 0.586131 jcsqc
0 0.575409 ottxa
2 0.829529 0.000648
2 0.995591 0.00017
2 0.579052 0.000364
1 0.575907
3 0.422779 23
1 0.976351
3 0.519746 34
0 0.346254 irevg
2 0.477943 0.000362
1 0.888393
4 0.66696 0.667002
3 0.178904 14
2 0.757956 0.000929
0 0.333863 ydmrj
2 0.816451 0.000787
4 0.679058 0.679135
4 0.903026 0.903079
3 0.779688 46
0 0.133471 kjptn
2 0.6515 0.000227
3 0.087429 0
3 0.495154 43
4 0.753924 0.754018
1 0.88606
4 0.82352 0.823599
0 0.121373 lklgg
3 0.242193 23
3 0.250653 10
3 0.369233 6
2 0.297283 0.000314
0 0.973934 nxumd
3 0.267649 9
4 0.55198 0.55207
2 0.559775 0.00036
4 0.943747 0.943749
2 0.18594 0.000475
0 0.952946 yljxz
1 0.56341
1 0.6261
3 0.113866 43
1 0.668721
1 0.323962
3 0.08513 43
0 0.16001 xztpm
3 0.081757 14
0 0.034703 rxmsm
0 0.119961 yrbrl
3 0.692181 24
0 0.558266 tpphn
3 0.276428 40
3 0.007303 48
4 0.290288 0.290291
0 0.795587 dqegi
2 0.147147 0.00094
1 0.365695
0 0.873359 qlpjy
3 0.844596 34
2 0.637376 0.000974
2 0.644679 0.000874
1 0.934967
0 0.031094 qacau
1 0.620047
0 0.458584 hveha
4 0.106211 0.106267
0 0.672381 amksy
2 0.972959 0.000777
1 0.424279
2 0.394895 0.000185
2 0.890283 0.000866
1 0.453574
3 0.804051 8
4 0.521804 0.521842
1 0.851936
0 0.504958 komvb
0 0.651447 fqqoj
0 0.765208 hhwey
4 0.574793 0.574808
4 0.260002 0.260054
4 0.57494 0.575011
0 0.736187 dylpj
1 0.289449
4 0.438514 0.438577
4 0.016185 0.016269
2 0.297745 0.000932
2 0.712819 0.000673
4 0.914158 0.914224
2 0.186637 0.00082
4 0.721193 0.721206
2 0.107685 0.000652
2 0.534847 0.000991
3 0.373006 14
4 0.895317 0.895346
2 0.949229 0.000166
3 0.929636 11
2 0.759525 8.2e-05
0 0.892472 hgmjk
0 0.908775 fdxmy
3 0.95024 40
1 0.506355
4 0.852336 0.852372
3 0.801565 4
1 0.731201
2 0.578873 7.8e-05
4 0.695013 0.695063
3 0.406324 36
0 0.940104 ktalh
0 0.052384 hgwaq
3 0.446976 31
1 0.248541
2 0.572729 9.4e-05
4 0.151602 0.151627
0 0.362967 iqocn
1 0.218601
2 0.646096 2.8e-05
3 0.745694 12
2 0.795532 0.000988
4 0.868077 0.868165
1 0.957958
4 0.292979 0.293024
3 0.305426 1
2 0.841303 0.000708
4 0.915792 0.915874
4 0.103647 0.103658
1 0.371027
1 0.622892
1 0.960023
4 0.133779 0.133812
1 0.643867
1 0.760811
3 0.894902 8
3 0.71668 11
0 0.557983 bdkoz
0 0.10941 xhboj
0 0.261711 oqdzz
0 0.179226 hiift
3 0.520446 22
0 0.594782 zigvd
3 0.01333 2
3 0.296504 23
1 0.569584
1 0.117735
4 0.820223 0.820316
0 0.819563 pwqhl
2 0.773803 0.000408
1 0.065238
0 0.321094 mrqcs
3 0.533927 15
4 0.3796 0.379671
0 0.003336 eptsc
4 0.455375 0.455427
2 0.775903 0.000961
4 0.549706 0.549775
2 0.614944 0.000559
1 0.04584
2 0.70813 0.000265
4 0.430123 0.430215
1 0.481324
4 0.721782 0.721791
0 0.65904 fkfbe
3 0.290146 9
1 0.762108
0 0.546727 ujiqh
4 0.70969 0.709741
0 0.541286 dzjki
1 0.07266
1 0.857071
3 0.373043 15
3 0.227612 33
4 0.854074 0.854081
4 0.043556 0.04359
1 0.395061
0 0.915725 ftnwm
3 0.701848 14
2 0.89988 0.000574
4 0.273303 0.273328
4 0.41247 0.41254
3 0.256404 9
2 0.613711 0.000961
4 0.034097 0.034191
0 0.64886 fozic
1 0.269783
1 0.992731
2 0.1234 0.000334
4 0.977326 0.977366
4 0.978551 0.978592
0 0.800221 fqtym
1 0.991838
3 0.88999 45
3 0.217158 35
0 0.74499 nswbe
3 0.891546 21
4 0.868873 0.868936
3 0.363776 4
3 0.163998 10
1 0.412833
4 0.54639 0.546419
4 0.589649 0.58972
4 0.281767 0.281796
2 0.477725 0.000119
2 0.64563 0.000893
4 0.289915 0.289966
0 0.852238 shrzj
0 0.551306 ahwio
3 0.491446 17
2 0.364417 0.000156
2 0.454546 0.000435
4 0.806017 0.80604
4 0.655911 0.655968
0 0.524914 wzkcx
0 0.063825 rjhvb
2 0.677156 0.00054
0 0.461923 povlz
2 0.33099 5.2e-05
2 0.026097 0.000315
4 0.494767 0.494797
3 0.332027 24
3 0.588789 39
0 0.362609 dempm
2 0.106364 0.000911
2 0.365183 0.0004
4 0.679402 0.679437
3 0.426747 3
1 0.56396
0 0.368011 srxbs
2 0.88009 0.000315
2 0.365335 0.000139
0 0.044087 ayfif
1 0.44944
0 0.256956 jmsqv
1 0.092987
3 0.333214 27
4 0.762861 0.762917
4 0.317969 0.318068
4 0.674346 0.67438
0 0.532618 iikib
4 0.951418 0.951475
4 0.724726 0.72482
1 0.702306
0 0.167338 ccnfb
3 0.763585 43
2 0.081554 0.000442
3 0.272252 28
3 0.804871 3
3 0.857025 46
1 0.613764
1 0.409795
0 0.914043 tutur
1 0.490017
3 0.317287 2
1 0.080872
0 0.688513 ztobj
1 0.788606
0 0.843984 dohme
3 0.563272 30
0 0.53647 xcnwf
1 0.863331
3 0.128672 6
0 0.333538 aiizn
3 0.911677 19
4 0.557309 0.557396
4 0.333057 0.333081
3 0.412681 4
0 0.465504 copdk
4 0.340514 0.340544
4 0.80107 0.80109
4 0.456757 0.456757
0 0.579827 dfgpc
0 0.688359 scnlx
3 0.879221 8
1 0.020168
2 0.88686 0.000355
1 0.521726
1 0.407757
1 0.517905
4 0.657092 0.657125
0 0.858609 ktsnr
0 0.08533 guyua
0 0.545594 iluju
1 0.47746
0 0.720977 flfhi
3 0.834137 5
2 0.509919 0.000751
4 0.874059 0.87414
4 0.047787 0.047847
1 0.183703
0 0.348928 skpep
4 0.337933 0.337997
4 0.575262 0.575296
1 0.330497
2 0.825026 0.000817
1 0.382531
2 0.31237 0.000635
1 0.702782
3 0.067738 21
3 0.727671 25
0 0.076599 nkkva
2 0.712311 0.000741
4 0.803926 0.804002
0 0.134423 srfsy
0 0.188264 rhqnj
4 0.875148 0.87522
1 0.671288
1 0.337571
1 0.332921
4 0.975838 0.975847
1 0.05358
3 0.744539 8
0 0.395314 uvhce
2 0.812659 0.000273
4 0.220057 0.220098
0 0.410729 odlpb
3 0.349543 10
3 0.325381 21
1 0.895313
4 0.30305 0.303071
1 0.698364
3 0.357191 22
2 0.526266 0.000851
1 0.169539
0 0.459636 innrm
4 0.461407 0.461495
3 0.915429 19
4 0.547997 0.548017
4 0.602018 0.602071
0 0.920894 mjxwr
4 0.345254 0.345342
0 0.310339 tvmsn
1 0.326012
2 0.218473 6.2e-05
3 0.871157 32
4 0.419154 0.419158
0 0.537524 ankdw
4 0.48297 0.48297
1 0.344576
0 0.407946 vuvyf
0 0.008555 zedun
1 0.321398
1 0.033692
2 0.696751 0.000216
2 0.456858 0.000635
2 0.765512 0.000866
2 0.854564 0.000137
1 0.072805
1 0.748933
1 0.479127
0 0.86306 kjqhp
0 0.915656 mcsca
0 0.8377 ampvt
1 0.793804
4 0.965395 0.965465
4 0.602831 0.602834
0 0.59831 zevjx
3 0.479848 47
1 0.196288
4 0.919322 0.919394
3 0.572647 24
0 0.715535 xabrc
4 0.901813 0.901816
1 0.504645
3 0.955963 7
1 0.035966
2 0.762277 0.000985
0 0.242125 wlnmo
4 0.363627 0.363713
4 0.849437 0.84951
1 0.412314
3 0.403996 47
4 0.305809 0.305811
0 0.326806 eyamx
1 0.590422
3 0.364108 49
2 0.521625 0.000663
4 0.786173 0.786174
0 0.63561 ucjuy
4 0.753493 0.753497
4 0.197026 0.197036
2 0.08017 0.000276
1 0.515632
2 0.79091 8e-05
3 0.13981 13
4 0.443475 0.443484
2 0.197381 0.000934
3 0.218354 46
4 0.6742 0.674273
3 0.050395 0
4 0.732399 0.732428
0 0.257561 kxyid
2 0.57172 0.000685
2 0.71153 0.0009
2 0.671357 0.000661
4 0.38509 0.385185
0 0.603444 rddol
2 0.899519 0.000579
3 0.623848 29
1 0.720521
1 0.112246
0 0.299605 wjqac
2 0.538287 0.000289
3 0.694449 30
0 0.670429 nnxik
0 0.631917 yiklg
4 0.596251 0.596272
0 0.097581 frwtz
1 0.159912
1 0.960206
2 0.319805 0.000938
3 0.506586 14
4 0.769592 0.76968
2 0.807104 0.000205
4 0.038196 0.038214
4 0.595316 0.595403
2 0.207438 0.000154
0 0.635517 mrspk
3 0.485453 34
3 0.805259 22
1 0.311845
3 0.8532 39
1 0.700527
4 0.827184 0.82722
0 0.282802 sjvql
2 0.596396 0.000713
0 0.236961 aaksi
2 0.450094 0.000956
2 0.964432 0.000508
2 0.577411 3.5e-05
1 0.920947
3 0.894908 1
2 0.933314 0.000342
3 0.695511 41
0 0.093224 gduyp
2 0.880119 0.000186
2 0.501056 0.000632
4 0.950191 0.950207
2 0.997115 0.000827
0 0.448933 ajxny
0 0.491569 pbngx
0 0.882101 xyhhj
3 0.573698 1
2 0.263654 9.2e-05
4 0.206118 0.206125
3 0.61797 40
0 0.815298 jlgrt
4 0.023507 0.023577
3 0.122102 2
1 0.639226
2 0.407326 0.000276
2 0.011281 0.000326
4 0.807869 0.807901
3 0.277873 1
3 0.515056 23
0 0.440366 pdwcv
3 0.855229 4
0 0.002684 qjchp
3 0.666361 39
0 0.19504 cnchf
0 0.208813 ojkrc
3 0.331325 22
3 0.96304 3
4 0.724577 0.724666
1 0.654868
1 0.461133
4 0.048052 0.048099
0 0.531604 szlcv
4 0.844787 0.844878
1 0.996088
2 0.550442 0.00046
2 0.398119 3.2e-05
2 0.877511 0.000185
2 0.602088 0.000374
0 0.773308 jyrwc
0 0.439164 lfltg
0 0.847033 zfjsm
1 0.422084
1 0.073579
1 0.657451
3 0.364016 10
3 0.670992 5
3 0.105463 27
4 0.895173 0.895215
0 0.027495 cgviz
4 0.22114 0.221144
1 0.159323
3 0.412554 7
1 0.486133
0 0.347218 eaqmf
2 0.700978 0.000462
4 0.780867 0.780902
4 0.15565 0.155732
1 0.701292
0 0.335922 jkgao
3 0.56718 11
2 0.256946 0.000495
3 0.120516 34
4 0.414846 0.414932
2 0.286883 0.000164
4 0.1989 0.198984
2 0.675759 0.000386
4 0.874257 0.874335
4 0.726532 0.726631
0 0.799946 shoob
4 0.24575 0.245769
4 0.882618 0.882623
3 0.297465 41
0 0.1007 acwdq
3 0.33293 5
1 0.894608
2 0.608853 0.000159
2 0.925151 0.000783
0 0.474188 eyovs
3 0.471307 35
3 0.285124 28
0 0.902176 xazvy
2 0.418364 0.000589
0 0.829325 myuok
2 0.782913 0.000762
1 0.024724
3 0.531246 6
3 0.518905 41
1 0.320381
2 0.063338 0.000558
0 0.289688 pftvz
0 0.915769 dicff
3 0.922789 47
2 0.229495 0.000382
2 0.988289 0.000218
1 0.075813
4 0.930644 0.930719
2 0.904035 0.000372
3 0.603618 34
1 0.460771
0 0.710449 gaebt
1 0.815
4 0.130102 0.130201
3 0.875949 32
3 0.864238 2
4 0.940051 0.940112
3 0.716279 10
0 0.245651 vaxvh
1 0.374563
0 0.727101 wrlqe
4 0.537579 0.537615
2 0.413528 0.00037
0 0.277767 tegfu
1 0.903998
1 0.212453
4 0.283122 0.28316
3 0.892771 46
4 0.554063 0.554161
3 0.065795 37
0 0.90888 ptklz
1 0.866668
1 0.35556
0 0.287399 sxgxe
0 0.478978 cxuuk
3 0.431136 40
3 0.013283 28
3 0.922163 41
4 0.554931 0.554993
3 0.590069 31
2 0.461982 0.000773
1 0.907982
4 0.880478 0.880559
2 0.863484 0.000312
1 0.03818
1 0.406559
0 0.030521 lpjpt
4 0.805846 0.80588
3 0.87713 49
3 0.467199 32
0 0.445533 gvqxf
2 0.420794 0.000398
4 0.076222 0.076272
3 0.743591 13
4 0.627274 0.627282
0 0.433121 tanyb
2 0.564676 0.000104
1 0.596281
3 0.609204 42
0 0.737053 axlcw
2 0.265213 0.000528
3 0.525156 42
2 0.152431 0.00055
3 0.101904 45
0 0.928507 zlhgx
4 0.00865 0.008739
0 0.996893 axpnt
2 0.582169 0.000286
2 0.251697 0.000169
4 0.948691 0.948745
2 0.402594 0.000827
3 0.891091 24
2 0.706081 0.000569
3 0.11845 20
0 0.127101 luwyz
2 0.890393 0.000675
2 0.472562 0.000962
4 0.240611 0.240642
0 0.189303 pgnwv
0 0.605689 mpmnx
0 0.420242 nnotp
4 0.18665 0.186688
4 0.579932 0.579984
3 0.069082 13
0 0.695607 tpcka
4 0.23736 0.23741
1 0.975485
0 0.980666 biwgr
2 0.923409 0.00038
3 0.626412 18
3 0.206344 20
3 0.791778 35
0 0.003738 opovy
1 0.714387
4 0.796482 0.796507
4 0.2935 0.293534
3 0.21076 23
3 0.270453 34
3 0.084431 46
1 0.723371
1 0.138033
0 0.918321 qopto
1 0.617871
0 0.904518 foayj
2 0.02131 0.00023
0 0.291763 vbnwi
3 0.084054 34
0 0.518727 xrxfd
3 0.009343 28
0 0.203389 lbjxa
3 0.566385 7
0 0.787581 wyfvl
3 0.42999 36
4 0.852848 0.852911
1 0.643211
2 0.503754 0.000894
3 0.513097 22
3 0.232838 21
3 0.35285 24
0 0.911418 vyhip
3 0.821912 25
0 0.956437 flcyx
3 0.330326 24
2 0.841573 0.000607
1 0.887795
0 0.594505 jcbfy
0 0.988354 goset
0 0.536241 ogjli
4 0.242636 0.242695
3 0.85136 28
1 0.975319
4 0.150023 0.150079
4 0.072592 0.072609
1 0.503036
4 0.504032 0.504074
2 0.67443 0.000291
4 0.044917 0.044968
0 0.526873 wxazh
4 0.116456 0.116515
1 0.341836
2 0.734107 0.00053
0 0.564063 tevmg
2 0.259724 0.000685
1 0.934155
3 0.218775 22
0 0.031346 kbdnb
3 0.529109 36
4 0.287897 0.287919
1 0.022004
4 0.179094 0.179162
3 0.841648 1
4 0.039943 0.039978
3 0.915356 7
4 0.565682 0.565771
0 0.071628 qizoy
3 0.248138 12
0 0.84586 polny
0 0.39704 gfqwo
0 0.779618 ullko
4 0.794963 0.795001
4 0.520976 0.521067
2 0.292451 0.000229
1 0.351824
2 0.793297 0.000201
4 0.348689 0.348787
1 0.262082
1 0.300053
1 0.807181
0 0.382031 gpnvb
1 0.177913
2 0.73416 0.000532
1 0.090603
1 0.393177
2 0.863773 0.000353
4 0.173422 0.173476
0 0.038464 pqyqu
2 0.766481 0.0005
0 0.869633 aykor
2 0.398079 0.000838
2 0.498805 0.000441
3 0.408335 23
1 0.669688
0 0.521131 rvrbz
1 0.151448
4 0.376105 0.376186
1 0.2741
4 0.544346 0.544398
3 0.879028 30
3 0.793459 18
0 0.808617 onitx
0 0.931235 pgctn
0 0.990581 jeieb
3 0.365379 49
2 0.777009 0.000877
3 0.957917 38
1 0.692339
0 0.150003 mlmrx
3 0.9822 37
0 0.11264 wzbpw
1 0.010868
2 0.176101 0.000599
1 0.945695
3 0.847499 19
4 0.007017 0.007031
3 0.714355 21
0 0.86928 ahncb
0 0.93809 iivba
4 0.153983 0.154067
0 0.823591 gqhon
1 0.798401
4 0.583305 0.583307
1 0.774279
2 0.046236 0.000452
0 0.893166 lqvlg
4 0.161114 0.161115
2 0.81062 3.6e-05
1 0.88947
2 0.825285 4.1e-05
1 0.828547
0 0.459192 pxhhj
3 0.848007 22
3 0.1964 40
3 0.329553 43
0 0.713222 adhnz
1 0.659177
4 0.29629 0.296352
0 0.919091 yidpx
0 0.451169 qfjpn
4 0.864771 0.864824
4 0.652964 0.653033
3 0.978713 0
3 0.963682 4
1 0.139211
4 0.931988 0.932061
1 0.85108
2 0.695089 6.7e-05
1 0.759263
4 0.909571 0.909592
0 0.7251 kgris
0 0.266542 cxqhj
0 0.959702 jqlow
2 0.579424 0.000914
4 0.841492 0.841508
4 0.589748 0.589787
2 0.64097 0.000339
2 0.792091 0.00072
0 0.138717 wymer
3 0.307216 31
0 0.58722 giokz
4 0.786577 0.786676
1 0.735245
3 0.842581 34
1 0.846992
0 0.529895 olacf
0 0.791072 cztcz
3 0.415259 42
2 0.402587 8.1e-05
1 0.051838
4 0.393676 0.393748
1 0.98716
0 0.8574 xgvqv
4 0.204412 0.20446
4 0.861504 0.861524
2 0.825812 0.000825
1 0.37734
0 0.441801 busmj
4 0.570485 0.570513
3 0.944333 40
0 0.801733 hywks
4 0.775175 0.775186
0 0.636679 mbcwm
4 0.489679 0.489688
4 0.065199 0.0652
3 0.29915 30
3 0.44313 35
3 0.090623 5
1 0.418451
4 0.956571 0.956584
2 0.536862 0.000388
1 0.157544
0 0.859862 qyxyk
4 0.089675 0.089693
0 0.752977 sdris
0 0.472341 uwemx
0 0.990378 jqyvi
1 0.370954
1 0.56845
0 0.891286 ihjyn
0 0.748627 pkeys
1 0.96055
1 0.483735
1 0.848905
2 0.468444 0.000324
1 0.739563
3 0.067124 1
0 0.171295 bhnbs
2 0.540472 0.000835
4 0.289099 0.289184
1 0.322709
4 0.53889 0.538902
1 0.212392
4 0.395442 0.395491
1 0.426708
4 0.268676 0.268679
4 0.956323 0.95633
1 0.051609
0 0.227419 nhjuc
0 0.441839 ucdyi
0 0.769705 cckxz
3 0.687578 44
1 0.735481
0 0.99215 dtddn
2 0.675038 0.000516
4 0.915571 0.915579
0 0.478814 erqdx
3 0.131054 39
4 0.69883 0.698872
0 0.386408 tyuts
3 0.258645 14
3 0.794906 31
1 0.702774
3 0.781448 33
3 0.776614 8
2 0.196386 0.000827
0 0.385864 sunka
1 0.388825
2 0.188517 6.7e-05
3 0.738721 2
3 0.849035 42
2 0.163669 0.000369
3 0.653367 17
1 0.792672
1 0.123356
0 0.821817 ecwuc
3 0.052834 9
4 0.441659 0.441747
3 0.985078 21
1 0.995732
4 0.820769 0.820794
3 0.984438 44
2 0.154157 0.000763
0 0.946829 xzuts
3 0.801045 13
4 0.66602 0.666119
3 0.161459 9
1 0.361768
4 0.463607 0.463608
4 0.238558 0.238628
1 0.709247
3 0.817497 49
0 0.44726 feklj
4 0.640603 0.640667
0 0.076046 vrjrl
3 0.707446 18
4 0.946004 0.946043
0 0.655251 evqop
4 0.543264 0.543276
4 0.841159 0.841241
3 0.869023 49
1 0.165826
1 0.518452
4 0.562935 0.562966
3 0.398102 2
4 0.083123 0.083169
4 0.922414 0.922506
2 0.900413 0.000186
2 0.68763 0.000593
3 0.747246 5
2 0.588406 0.000539
2 0.973781 0.000488
4 0.139608 0.139633
3 0.476139 10
0 0.540158 wyokf
3 0.981952 32
3 0.398717 21
2 0.6027 0.000766
0 0.349946 llszz
1 0.619951
1 0.084446
3 0.364209 35
1 0.576601
3 0.190056 43
3 0.765946 34
3 0.26425 18
1 0.662967
1 0.080428
4 0.517157 0.517167
1 0.612081
0 0.58667 ahwly
4 0.594176 0.594227
0 0.807817 faxxf
1 0.508034
2 0.060773 0.000253
0 0.240092 dmyfa
3 0.839235 33
0 0.178131 hqgjo
4 0.320566 0.320569
3 0.178971 39
3 0.454069 44
1 0.478456
3 0.426844 9
4 0.666937 0.666942
2 0.915986 0.000479
3 0.816024 31
4 0.486248 0.486288
0 0.041363 wvdyi
2 0.798298 0.00099
3 0.928095 12
4 0.770758 0.770764
0 0.300374 ribgx
2 0.385427 0.00061
3 0.518359 41
1 0.439899
1 0.668599
3 0.150918 32
3 0.90936 34
3 0.23735 10
0 0.931412 dodzf
1 0.85443
2 0.898815 0.000241
1 0.284242
1 0.599469
3 0.216743 5
3 0.697246 7
3 0.364516 39
3 0.273876 26
4 0.511227 0.511263
4 0.442639 0.442666
0 0.527662 rzbkf
1 0.811433
1 0.61629
1 0.196085
4 0.736379 0.736469
4 0.949978 0.950077
4 0.314494 0.314583
3 0.588371 17
4 0.61595 0.615953
3 0.574941 30
4 0.102604 0.102696
2 0.019485 0.000183
2 0.835181 0.000616
0 0.967823 qatqb
3 0.056962 42
3 0.887809 33
3 0.47618 0
2 0.608482 0.000555
2 0.183423 0.000137
3 0.286027 29
0 0.305512 ybbpj
4 0.870534 0.87062
3 0.493871 29
4 0.067185 0.067208
2 0.426432 0.00026
4 0.556008 0.556023
1 0.739432
2 0.783812 0.000811
4 0.500482 0.500506
4 0.860254 0.860275
0 0.427038 gtbzy
1 0.913092
0 0.910431 wjbyx
1 0.347276
4 0.185566 0.185645
3 0.59087 41
4 0.154656 0.15473
0 0.883755 mawmq
2 0.920595 0.000131
2 0.244103 0.000223
2 0.670886 0.000406
1 0.752377
3 0.488547 28
4 0.189456 0.189502
4 0.146149 0.146218
0 0.644653 gfsod
3 0.519521 17
1 0.313628
2 0.783768 0.000577
3 0.013343 1
1 0.26075
3 0.083034 45
0 0.609514 estlz
4 0.590954 0.590959
4 0.531123 0.531214
4 0.502519 0.502598
2 0.964886 0.000916
2 0.864201 3.6e-05
4 0.523971 0.52405
1 0.854627
1 0.872324
1 0.370627
1 0.063528
2 0.100922 0.000793
1 0.730626
2 0.120862 0.000631
3 0.168337 23
3 0.670857 4
2 0.152095 0.000722
0 0.016296 mcrei
0 0.377619 epogk
0 0.728873 xgdgv
3 0.209399 48
3 0.018734 7
