3 0.179753 20
1 0.035179
3 0.09393 5
2 0.581773 0.000572
3 0.874907 44
4 0.736023 0.736023
4 0.630473 0.63049
4 0.474787 0.474881
1 0.032863
3 0.182042 3
4 0.094834 0.094891
3 0.867417 38
3 0.961347 43
3 0.543121 16
3 0.93438 12
2 0.875695 0.000581
2 0.820267 0.000368
3 0.506194 32
1 0.204588
0 0.148767 wfdxy
4 0.630909 0.630942
1 0.899909
1 0.114914
2 0.077713 0.000141
3 0.69663 29
1 0.033563
2 0.753094 0.000932
0 0.957682 nuoix
0 0.746723 yndrs
2 0.596604 0.000503
1 0.033397
1 0.601198
3 0.388328 10
3 0.10038 2
3 0.137312 27
2 0.036098 0.000243
2 0.918646 0.000966
3 0.370411 29
1 0.628713
1 0.571443
1 0.182827
3 0.036038 33
3 0.424366 46
4 0.524746 0.524746
2 0.17841 3e-05
1 0.035764
3 0.613038 32
2 0.891182 0.000995
3 0.86602 11
0 0.437463 oircj
3 0.180662 46
4 0.974007 0.974055
3 0.668769 28
0 0.338916 myycq
3 0.276604 2
4 0.582672 0.58276
2 0.871297 0.000593
4 0.930529 0.930617
4 0.98741 0.987507
2 0.820654 0.000756
2 0.474823 0.00051
0 0.841068 drqmc
3 0.527093 21
0 0.724108 msaau
1 0.179049
2 0.183034 0.000929
1 0.4161
2 0.981891 0.00033
0 0.915753 rvdzj
1 0.613395
3 0.631321 27
1 0.512009
0 0.338461 qxsjx
2 0.127053 0.000147
0 0.059506 epmfg
3 0.582716 42
2 0.59169 0.000822
1 0.304408
1 0.817101
4 0.181032 0.181115
0 0.033536 wyvug
0 0.951472 msaic
0 0.586102 kzsqv
4 0.050157 0.050226
2 0.38361 0.000418
4 0.035704 0.035777
4 0.363085 0.363105
4 0.771403 0.771417
1 0.239227
1 0.392606
4 0.875822 0.875917
2 0.910885 0.000143
1 0.012898
2 0.90499 0.000967
4 0.2886 0.288637
0 0.033818 fubmu
1 0.115256
4 0.852024 0.852079
2 0.753263 0.000247
3 0.18653 44
1 0.032975
1 0.300852
4 0.529633 0.52969
1 0.749722
2 0.476503 4.1e-05
0 0.582161 ymuxw
0 0.511083 ixlgc
2 0.487082 0.000122
2 0.775546 0.00014
0 0.485352 cwijj
1 0.035318
4 0.658899 0.658906
3 0.509436 35
4 0.211996 0.212015
2 0.184172 0.000402
0 0.182942 lyevh
1 0.959619
1 0.960909
0 0.007612 bssiz
0 0.645273 eeifq
4 0.875288 0.875318
3 0.761413 30
2 0.986812 0.00048
3 0.797431 31
2 0.747527 0.000893
0 0.033069 fzfyx
4 0.03221 0.032225
2 0.906722 0.000295
2 0.481759 2.8e-05
2 0.399674 0.000793
4 0.736504 0.73651
3 0.824113 39
2 0.258358 0.000939
4 0.130126 0.130171
3 0.79426 15
0 0.182378 gdady
4 0.371306 0.371375
4 0.208099 0.208169
2 0.031705 0.000152
4 0.169093 0.16911
3 0.475309 22
3 0.861019 2
3 0.082934 28
0 0.522823 qstkq
2 0.854944 0.000594
4 0.581804 0.581831
0 0.199183 haykd
4 0.411878 0.411911
4 0.78925 0.789285
4 0.872184 0.872247
4 0.475527 0.475624
4 0.90938 0.909416
3 0.811974 45
3 0.439019 27
0 0.614122 zbsxc
1 0.875571
1 0.949776
1 0.53253
0 0.460315 pcawk
3 0.962732 4
3 0.035715 29
0 0.990054 ktjhz
3 0.273504 6
4 0.91852 0.918607
0 0.468172 binfw
3 0.035913 18
0 0.683032 pvxka
0 0.793809 yiqqw
4 0.68104 0.681111
4 0.30388 0.303941
1 0.0947
4 0.403436 0.403492
3 0.582329 40
1 0.873876
2 0.289164 0.000774
3 0.582091 32
2 0.434638 0.000317
3 0.495895 8
4 0.956966 0.956985
1 0.283979
3 0.87498 22
0 0.599081 pmfdu
1 0.514096
1 0.142941
4 0.693417 0.693429
2 0.179874 1e-05
0 0.158381 hymjm
3 0.531392 37
4 0.398366 0.398385
0 0.988258 gduuo
1 0.035334
4 0.897833 0.89784
3 0.088084 30
0 0.774229 wcfwp
3 0.672269 22
0 0.033657 edcij
0 0.773275 rdcxg
0 0.912389 phzuv
0 0.200563 egzru
2 0.687707 0.000869
2 0.18061 0.000979
0 0.669845 agfyg
0 0.588979 tkutq
3 0.352392 46
3 0.510784 47
3 0.736245 24
1 0.153929
3 0.772116 36
4 0.979941 0.980024
4 0.477393 0.477447
3 0.874976 20
4 0.225377 0.225442
2 0.350172 5.7e-05
3 0.67553 43
0 0.509585 ethxe
3 0.094156 26
4 0.317209 0.317271
2 0.240663 0.000452
4 0.147369 0.14739
0 0.917013 kgodg
0 0.182519 ngvsz
3 0.110136 8
0 0.340362 txftk
3 0.944953 2
3 0.789475 22
3 0.035325 0
2 0.756823 0.000804
4 0.379653 0.379747
3 0.6937 42
4 0.069955 0.070034
4 0.036169 0.036193
2 0.025491 0.000125
0 0.486797 lymdd
1 0.094063
0 0.513201 jcckf
0 0.582215 xrlev
0 0.043719 dudan
0 0.902681 xwxgj
4 0.344079 0.344166
4 0.004189 0.004234
3 0.736748 16
4 0.827898 0.827985
3 0.475627 40
0 0.519346 hvncz
4 0.320852 0.320862
3 0.875846 39
0 0.171178 oztlv
0 0.03954 onony
2 0.963927 0.000904
3 0.501696 20
0 0.630767 hqqsu
4 0.110053 0.110131
4 0.359068 0.359073
4 0.043883 0.043916
4 0.083423 0.083505
0 0.182942 vvkto
2 0.738122 0.000613
0 0.915417 khlbp
3 0.292104 15
4 0.651172 0.651244
3 0.63071 30
0 0.938912 qjkxv
1 0.375826
2 0.22655 0.000301
0 0.220555 jfoas
2 0.475589 0.000476
4 0.722474 0.722523
1 0.019232
1 0.925518
4 0.36935 0.369363
1 0.094322
3 0.217468 46
0 0.847769 bpllp
3 0.250868 34
0 0.018977 gfaxq
4 0.179865 0.179889
3 0.198377 10
0 0.040019 kromk
4 0.425016 0.425105
1 0.716232
1 0.094401
0 0.50243 lyacr
2 0.223126 0.000653
1 0.00155
1 0.718829
2 0.033081 0.000208
3 0.217621 0
0 0.642638 yswlr
4 0.098949 0.099036
1 0.81346
3 0.47545 36
0 0.524316 repdj
0 0.391317 qldwr
2 0.451209 0.000926
3 0.842783 4
4 0.736051 0.736069
2 0.418978 0.000467
1 0.479641
3 0.926321 10
0 0.698188 cedfr
4 0.582213 0.582236
1 0.350001
4 0.641199 0.641283
3 0.89284 43
0 0.135221 qqxpx
1 0.47529
1 0.819998
0 0.462335 lknkn
1 0.759226
4 0.751537 0.751616
3 0.582321 29
4 0.422458 0.42246
2 0.429237 0.000702
3 0.108373 45
1 0.230183
3 0.036059 49
3 0.712112 10
2 0.147483 5.9e-05
0 0.859377 ibetq
0 0.854967 eslqz
3 0.736793 35
3 0.05152 0
4 0.7894 0.789499
0 0.017865 kzcfi
3 0.842469 9
0 0.179876 hnrpa
2 0.924171 0.000784
3 0.830941 20
1 0.398814
2 0.793413 0.000214
1 0.035464
4 0.404132 0.40419
1 0.94521
3 0.366798 12
3 0.425268 37
4 0.582677 0.582724
2 0.746075 0.000531
0 0.093369 ydzpx
4 0.400899 0.400938
1 0.944184
3 0.581824 25
3 0.158849 39
1 0.584117
2 0.562067 0.000979
2 0.383971 7.8e-05
4 0.035219 0.035287
0 0.231441 rqrsl
4 0.347881 0.347909
2 0.187546 0.000323
3 0.488773 46
0 0.875284 mugtm
3 0.705058 43
0 0.06045 ronzd
1 0.965665
1 0.282892
3 0.182487 4
0 0.02257 dixsa
0 0.976781 aipfm
4 0.778598 0.778646
2 0.379815 0.000992
2 0.180565 7.8e-05
3 0.06571 9
2 0.599507 0.000715
4 0.622078 0.622147
4 0.849361 0.849388
1 0.033389
1 0.956535
4 0.669726 0.66973
0 0.725827 hedsb
1 0.140198
2 0.033219 0.000679
3 0.037423 23
1 0.163292
0 0.309559 idyqp
2 0.781215 0.00091
3 0.474869 10
0 0.418253 tsfhc
4 0.083355 0.08336
0 0.921475 etlqr
2 0.146093 0.000464
3 0.033373 41
0 0.951765 sxgux
3 0.037074 27
3 0.91452 26
0 0.514227 odowm
0 0.875867 wybqh
0 0.807795 cfwwl
1 0.782247
1 0.644362
1 0.099294
2 0.630935 0.000635
2 0.025164 0.000848
0 0.358892 auckk
2 0.358466 0.000949
2 0.682613 0.000468
4 0.475184 0.475196
4 0.382675 0.382749
2 0.481969 0.000608
0 0.028648 kjbwk
2 0.290479 0.000385
2 0.182793 0.000828
2 0.145052 0.000832
0 0.17952 cjhqk
3 0.16918 44
2 0.167502 0.000953
0 0.736502 tvqkd
4 0.229542 0.229566
3 0.693645 4
0 0.838697 kbxro
3 0.98675 42
3 0.475367 35
2 0.416905 0.000935
2 0.361385 0.000434
0 0.377219 gjmxl
1 0.039454
2 0.581814 0.00046
2 0.650286 0.000184
2 0.637036 0.000527
0 0.825671 dwcac
3 0.541925 2
2 0.035272 0.000379
4 0.254902 0.254929
2 0.810709 0.000531
2 0.205212 0.000572
3 0.650637 8
2 0.474823 0.000817
3 0.122602 25
2 0.88616 0.00019
0 0.428086 jszuh
2 0.233928 0.000699
1 0.033798
0 0.267973 uayhb
3 0.099317 31
0 0.929587 kskpd
2 0.06433 0.000835
2 0.036113 0.000448
1 0.410633
1 0.242079
4 0.473786 0.473875
4 0.717294 0.717318
1 0.033197
1 0.704549
2 0.87362 0.000633
1 0.298935
2 0.847446 0.000424
4 0.582707 0.582794
2 0.822382 0.000668
2 0.737234 0.000747
3 0.21102 36
2 0.444666 6e-05
0 0.182059 ncmyv
2 0.405971 0.000892
1 0.392747
1 0.882164
0 0.612386 roytp
1 0.094009
1 0.564271
2 0.382468 0.000602
0 0.324949 dvgzj
3 0.002581 2
1 0.035518
2 0.928013 7.7e-05
0 0.873872 ceyca
2 0.928687 2.8e-05
3 0.821785 46
2 0.630911 0.00016
3 0.211287 42
3 0.213869 46
1 0.550981
3 0.722001 10
1 0.035765
0 0.081795 oqpji
0 0.082609 aklkx
4 0.009839 0.009859
2 0.952931 0.000993
3 0.736084 25
1 0.643672
4 0.228086 0.228101
0 0.066419 xyyhg
4 0.857825 0.857861
1 0.474811
4 0.427837 0.4279
4 0.503696 0.503742
0 0.309776 izzeo
1 0.950092
4 0.475432 0.475523
1 0.158653
1 0.524023
3 0.688446 12
1 0.883916
4 0.474805 0.474881
4 0.995066 0.99514
4 0.304842 0.304892
4 0.97168 0.971684
2 0.314893 0.000996
3 0.630997 13
4 0.175529 0.175615
3 0.966467 32
2 0.975103 0.0005
3 0.791116 28
2 0.182762 0.000718
3 0.484563 21
4 0.972595 0.97262
3 0.287488 23
1 0.718062
4 0.475141 0.475168
3 0.619244 46
3 0.765346 2
3 0.974981 18
3 0.643283 14
2 0.094422 0.000919
0 0.349431 mikuq
3 0.834769 45
2 0.436996 0.000101
1 0.270362
0 0.179796 ztvox
0 0.866009 jbpwo
4 0.863586 0.863639
1 0.536313
0 0.693637 ngnbd
1 0.035363
2 0.067003 0.000227
4 0.130414 0.130418
4 0.185307 0.185372
0 0.104617 fnqob
4 0.582445 0.582479
2 0.794237 0.000915
2 0.843399 0.000245
1 0.408738
1 0.228622
0 0.036118 drvyo
0 0.910982 otxjg
4 0.972052 0.972129
3 0.242338 40
0 0.816254 nnrqt
4 0.736454 0.736455
2 0.182489 0.000307
4 0.988854 0.988884
2 0.899837 0.000786
0 0.429592 siyea
1 0.094501
3 0.918133 47
1 0.997811
2 0.436751 0.00011
3 0.998182 13
2 0.094901 0.000878
4 0.697078 0.697145
1 0.152298
1 0.055903
3 0.006069 19
0 0.58264 xuuow
3 0.5958 46
1 0.062528
4 0.281589 0.281654
0 0.113564 xpszf
1 0.630839
4 0.546638 0.546723
4 0.574255 0.574314
3 0.448444 43
3 0.386682 38
2 0.736546 0.000363
1 0.300464
0 0.026921 fhgpo
1 0.167112
3 0.90148 29
4 0.875365 0.87539
0 0.051543 nlgwt
0 0.389038 bovmg
3 0.743133 47
3 0.644191 48
2 0.035626 0.000935
0 0.055391 ggnah
4 0.429652 0.429706
2 0.836207 0.000165
3 0.225245 9
0 0.036046 qdxkg
0 0.900279 yikyb
2 0.133343 0.000479
0 0.575825 glbwh
2 0.744837 3.6e-05
2 0.182323 0.00072
3 0.814813 26
0 0.0474 fzlhw
2 0.368565 0.000342
4 0.01826 0.018281
1 0.630783
2 0.623657 0.000448
4 0.368494 0.368579
2 0.811343 0.000876
3 0.668415 34
3 0.094715 16
0 0.207816 ypnsf
4 0.991921 0.992014
0 0.102359 nxnlv
3 0.453435 42
0 0.179843 bjpvx
2 0.114857 0.000972
3 0.719952 0
3 0.693613 23
4 0.201887 0.201903
1 0.180013
2 0.731641 6.6e-05
3 0.185076 10
3 0.482559 31
1 0.448456
3 0.736878 14
4 0.703179 0.703273
2 0.789581 0.0001
2 0.278404 0.000956
1 0.980173
3 0.582541 41
1 0.695186
4 0.059942 0.060041
0 0.058853 xgowg
2 0.708377 0.000233
2 0.180674 0.000489
0 0.923245 krtuo
1 0.635644
2 0.282062 0.00051
3 0.412719 4
4 0.032899 0.032924
0 0.799206 bkrdo
1 0.286558
4 0.152981 0.153071
2 0.665227 2.6e-05
1 0.736415
2 0.617292 0.000806
2 0.463495 0.000525
3 0.743002 36
3 0.055038 11
3 0.033681 30
1 0.684263
2 0.166246 0.000278
0 0.538588 uxeog
1 0.684407
4 0.736751 0.736832
1 0.908036
3 0.014779 5
3 0.356841 45
3 0.366599 15
1 0.182265
0 0.598409 vslpc
1 0.194042
3 0.259073 16
3 0.382638 44
4 0.093964 0.094025
4 0.517808 0.517862
0 0.050178 tarwb
4 0.820529 0.820571
2 0.804354 0.000845
1 0.035269
0 0.856584 awvry
1 0.960437
0 0.002869 bvbhc
3 0.630616 3
2 0.474888 0.000892
2 0.894455 0.000737
3 0.982953 1
4 0.089483 0.08952
2 0.597932 0.000112
2 0.035558 0.000168
0 0.861905 aoxun
2 0.572491 0.000119
1 0.965351
2 0.82848 0.000743
0 0.582106 gceyj
1 0.342821
1 0.435486
4 0.810275 0.810281
1 0.188532
4 0.58253 0.582579
0 0.106601 poyni
0 0.122872 zedav
1 0.724809
4 0.978827 0.978909
0 0.033285 tawsb
2 0.539249 0.00032
2 0.64585 0.00024
1 0.234154
4 0.537291 0.537292
2 0.094444 0.000673
4 0.082592 0.082626
3 0.061419 18
0 0.992084 notpu
0 0.110931 zmblx
3 0.094858 48
3 0.012237 21
2 0.163103 0.000546
1 0.245696
2 0.638844 0.000115
2 0.09433 0.00052
2 0.991812 0.000728
3 0.619096 49
2 0.167347 0.000423
4 0.998543 0.998572
3 0.182351 8
2 0.633148 0.000163
0 0.962365 ctjon
3 0.918879 34
0 0.111186 fvpvn
3 0.180298 37
1 0.302798
3 0.997421 9
3 0.023675 8
2 0.523476 0.000325
1 0.631041
0 0.430771 cippd
1 0.887727
2 0.579253 0.000873
2 0.749564 0.000418
4 0.033033 0.033061
3 0.839388 4
3 0.112122 32
3 0.148364 42
4 0.804284 0.804373
3 0.036031 22
3 0.766218 1
1 0.345472
4 0.113305 0.113393
4 0.862964 0.863007
3 0.875 25
3 0.787081 47
0 0.921394 ycnmt
3 0.328786 17
2 0.42656 0.00037
1 0.582288
3 0.187008 3
4 0.566325 0.566423
2 0.546459 2.2e-05
0 0.398686 vwezs
4 0.736122 0.736135
0 0.237885 hqboi
1 0.477708
3 0.673351 16
3 0.864635 43
1 0.736469
0 0.208891 qdpvg
2 0.139882 0.000435
3 0.249947 21
4 0.936229 0.93626
3 0.875281 41
2 0.190725 1e-05
2 0.055361 0.000403
0 0.065346 dcxws
2 0.853779 0.00081
3 0.874935 35
1 0.044651
1 0.91922
4 0.010114 0.010167
3 0.043841 45
2 0.475236 0.000927
0 0.72255 vverx
3 0.692771 0
0 0.655364 eatnz
1 0.942097
2 0.581991 0.000899
4 0.273965 0.273989
1 0.866722
0 0.55325 ozyjg
0 0.795624 tpjmx
4 0.033243 0.03331
4 0.074829 0.07486
2 0.543392 1e-06
4 0.572149 0.572215
3 0.31912 40
3 0.582189 48
3 0.360592 25
3 0.341763 24
0 0.07574 epfsz
1 0.319151
2 0.182213 0.000371
3 0.07432 39
3 0.909792 30
3 0.298515 5
4 0.628465 0.628548
3 0.03382 17
3 0.745049 6
1 0.040616
3 0.656634 4
4 0.615413 0.615437
0 0.736848 ykowj
4 0.916565 0.916636
0 0.54503 wnpbh
0 0.960064 lugct
2 0.97448 0.000956
0 0.581858 xczjd
3 0.105454 5
0 0.435526 qklyh
3 0.932772 8
4 0.809081 0.809086
2 0.630907 0.000192
4 0.885934 0.885982
3 0.557372 0
4 0.937067 0.937107
0 0.934812 tkkkg
4 0.582353 0.582389
0 0.181439 mhgoy
4 0.140163 0.140253
4 0.54245 0.542488
4 0.616174 0.616264
0 0.180695 zbmpp
3 0.194693 9
1 0.500626
2 0.935813 0.000417
4 0.618704 0.618769
4 0.182916 0.18296
0 0.044676 rzmjy
0 0.967307 fkyew
1 0.601842
2 0.638197 0.00055
0 0.875779 swzqr
3 0.196011 16
1 0.240687
0 0.061132 bbaro
2 0.94859 0.000673
0 0.035261 urdyi
4 0.412881 0.412959
4 0.45767 0.457732
3 0.648681 23
4 0.403682 0.403695
1 0.736114
0 0.719644 dzyuy
0 0.328565 oixwd
3 0.250755 5
1 0.399524
1 0.474896
4 0.317228 0.317319
4 0.524642 0.524647
4 0.516085 0.516163
3 0.258865 20
2 0.475394 0.000883
2 0.232473 0.000757
3 0.851997 35
4 0.884403 0.884494
3 0.890831 11
3 0.47575 31
1 0.681957
3 0.078382 42
1 0.552443
2 0.539239 9e-05
1 0.182151
0 0.405522 yvabc
3 0.906548 13
1 0.88691
3 0.611398 17
2 0.630642 0.000169
3 0.880212 36
1 0.853471
0 0.677301 rduvz
0 0.593377 gsdxs
1 0.630966
2 0.848524 0.000913
4 0.581005 0.581104
0 0.474526 lzunj
4 0.030284 0.030322
3 0.475751 14
0 0.161672 bxscp
0 0.673159 dqrvt
0 0.856299 dqmgb
4 0.013477 0.013547
1 0.736348
0 0.294049 eqpcz
0 0.360231 cbohi
0 0.441531 pluhi
0 0.408159 ipfus
2 0.581895 0.000326
2 0.388667 0.000399
4 0.401869 0.401876
0 0.632665 oashw
1 0.11301
4 0.581779 0.581793
3 0.018975 14
0 0.692814 zlwzw
3 0.571771 28
3 0.491475 0
0 0.475282 jxhwj
1 0.12646
1 0.641049
1 0.373975
4 0.586441 0.586532
1 0.736438
0 0.429764 wzlav
4 0.192207 0.192224
3 0.325075 12
0 0.648843 cswgy
3 0.631303 32
0 0.380273 xmclq
1 0.551751
0 0.181423 cutui
2 0.310095 0.000432
4 0.094322 0.094402
3 0.575012 36
1 0.251099
1 0.038558
4 0.850292 0.85036
3 0.09399 49
0 0.950472 gkgkq
4 0.222183 0.222256
2 0.73912 0.000563
4 0.721864 0.721959
0 0.035325 gdqee
4 0.247829 0.247883
4 0.213241 0.213244
1 0.163713
3 0.944374 38
4 0.094359 0.094384
1 0.450901
3 0.563443 18
4 0.386413 0.386512
2 0.914559 0.000379
2 0.180264 0.000243
1 0.784266
4 0.703813 0.703834
1 0.383878
1 0.318705
3 0.033616 27
3 0.764014 30
4 0.327457 0.327457
0 0.71387 vczph
0 0.149868 ciqii
0 0.036014 zjuph
2 0.651326 0.000892
1 0.251256
1 0.712931
4 0.202176 0.202229
3 0.736962 1
2 0.486807 0.000109
3 0.159951 36
4 0.536908 0.536992
2 0.297744 0.000633
1 0.179796
2 0.476256 0.000288
0 0.243865 xlcri
4 0.644889 0.644891
3 0.71919 41
3 0.736407 37
4 0.767293 0.767316
1 0.065037
2 0.209445 0.000487
4 0.04684 0.046936
3 0.631338 35
0 0.114739 lnjjk
4 0.437449 0.437451
4 0.8881 0.888179
3 0.51164 48
3 0.475689 22
2 0.390741 0.000912
4 0.474137 0.474149
3 0.262916 27
3 0.470008 18
3 0.581958 28
4 0.629634 0.629716
3 0.034086 12
4 0.062078 0.06209
2 0.454842 0.000469
2 0.582331 0.00033
0 0.263048 rtghi
2 0.620887 0.000531
4 0.139533 0.139601
2 0.086877 5.4e-05
1 0.180168
4 0.324571 0.324599
3 0.295765 49
0 0.379831 vlutn
4 0.08024 0.080253
1 0.736038
1 0.584976
3 0.887444 45
3 0.599498 46
3 0.86199 12
2 0.179773 0.000678
1 0.429563
0 0.582166 clhaq
3 0.745278 6
1 0.295715
2 0.035299 0.000318
1 0.88725
3 0.208882 38
1 0.796446
0 0.178424 nidqw
0 0.475776 grlso
1 0.888812
0 0.029898 wfkmw
1 0.093877
1 0.774059
3 0.474952 41
2 0.441268 0.000971
0 0.513233 zgkfq
1 0.688895
1 0.406317
4 0.474885 0.474969
3 0.589807 8
1 0.683684
1 0.99497
0 0.034071 eezmr
1 0.581981
2 0.139017 0.00079
3 0.03636 38
4 0.442678 0.442775
4 0.911597 0.911644
3 0.87585 46
4 0.849362 0.849431
1 0.883433
0 0.198406 bzexm
4 0.073243 0.073248
3 0.736811 24
2 0.344818 0.000873
1 0.256416
1 0.840592
3 0.518127 35
2 0.475658 0.000334
3 0.824163 40
1 0.081582
1 0.590466
2 0.676767 6.2e-05
4 0.180077 0.180113
4 0.871581 0.871635
4 0.27109 0.27116
2 0.111682 0.000226
0 0.930569 vnryc
2 0.736956 0.000297
4 0.398752 0.398761
3 0.578814 28
1 0.577966
2 0.661007 0.00019
1 0.036005
1 0.865214
3 0.111662 16
4 0.82999 0.830026
3 0.696541 41
0 0.475471 ubmpy
2 0.479191 0.000489
3 0.977346 46
0 0.863434 heipg
0 0.726812 muknn
0 0.180055 slrew
0 0.850616 qcdua
4 0.82306 0.823108
1 0.571514
0 0.194466 vhyir
2 0.5819 0.00036
1 0.437429
0 0.629624 uhfmm
4 0.640725 0.640811
3 0.059239 40
0 0.033119 sxkup
3 0.316712 34
3 0.201148 13
0 0.321484 onuba
4 0.847994 0.848026
1 0.180272
2 0.73731 0.000261
4 0.22197 0.221988
3 0.384744 10
4 0.985148 0.985171
3 0.582064 47
0 0.706127 rdydo
2 0.748123 0.000579
0 0.269546 nkqjk
4 0.570235 0.570276
2 0.582209 0.000128
3 0.387931 12
1 0.256223
2 0.517918 0.000702
1 0.880461
0 0.032903 kimyk
2 0.511462 0.000206
0 0.799871 pnquz
3 0.795901 41
4 0.832365 0.832369
4 0.094507 0.094592
1 0.215219
2 0.808396 0.000259
0 0.179736 owooa
2 0.799701 0.000521
3 0.582224 24
1 0.528704
0 0.546473 txflu
1 0.785489
4 0.408848 0.408859
1 0.093992
1 0.429078
3 0.596835 29
0 0.912888 iydgu
0 0.973229 locas
4 0.736405 0.736484
1 0.26923
0 0.936862 xxlce
2 0.139279 0.000744
2 0.052167 0.000698
2 0.630697 0.000296
3 0.690093 39
4 0.644031 0.644083
3 0.799521 7
1 0.256852
1 0.582231
3 0.313427 37
0 0.361442 vdugt
4 0.894626 0.89464
0 0.508202 euppd
4 0.180305 0.180319
3 0.931405 10
2 0.142248 0.00012
2 0.972027 0.000208
2 0.849822 1.7e-05
3 0.036028 49
4 0.070615 0.070712
1 0.308678
4 0.609059 0.609139
1 0.48409
0 0.094531 bhlhg
3 0.491324 25
1 0.485553
4 0.182961 0.18297
4 0.674544 0.674602
1 0.582633
1 0.377504
1 0.596927
4 0.537563 0.53758
1 0.013212
0 0.630532 snxqh
4 0.911814 0.911863
3 0.611127 8
4 0.285671 0.285739
0 0.862776 kixzk
2 0.182984 6e-06
3 0.284602 30
4 0.130661 0.130679
1 0.24172
4 0.996585 0.996639
0 0.47567 niwmj
3 0.01136 7
3 0.301358 23
0 0.088092 ybqom
1 0.430468
0 0.180635 clrli
1 0.703978
0 0.62326 qykwj
4 0.989896 0.98996
4 0.237148 0.237156
3 0.182477 41
0 0.039903 nitfz
1 0.399873
0 0.104695 ygvnj
3 0.907662 18
4 0.875702 0.875707
4 0.258856 0.258949
2 0.605015 0.00088
4 0.632207 0.63229
2 0.71015 0.000197
3 0.033374 17
0 0.025463 kojro
2 0.819796 0.000638
3 0.35291 35
0 0.155877 qiwur
0 0.736113 kycaz
4 0.41137 0.411458
2 0.851298 0.000521
2 0.644229 0.000979
4 0.464025 0.464042
4 0.582269 0.582334
4 0.640456 0.640507
3 0.155648 39
3 0.591623 31
4 0.553148 0.553209
1 0.736529
0 0.048212 hywzr
0 0.016763 srjuk
3 0.65904 0
0 0.194445 aitnw
4 0.581961 0.581965
4 0.703046 0.703121
3 0.095203 18
0 0.647941 qodvb
3 0.592829 26
2 0.475736 0.000666
0 0.00556 vfybo
2 0.078619 0.000278
1 0.781666
0 0.774592 jfqfv
4 0.582056 0.582088
4 0.31756 0.317621
1 0.803539
0 0.245424 gckga
0 0.274541 bonnw
1 0.182394
4 0.405666 0.405687
1 0.144238
4 0.310039 0.310061
3 0.143951 34
1 0.87515
4 0.007617 0.007668
4 0.426843 0.426934
0 0.355627 muumt
2 0.005331 0.000724
4 0.736358 0.736445
1 0.234726
0 0.375182 wkagq
3 0.984583 9
0 0.561762 lkfsf
4 0.875358 0.875391
2 0.805528 6.4e-05
2 0.043125 0.000399
4 0.092247 0.092324
1 0.467429
4 0.182774 0.182869
0 0.740667 yvaeq
0 0.287642 duqym
4 0.365435 0.365462
3 0.622642 3
4 0.094814 0.094911
1 0.318743
2 0.766962 0.000827
4 0.572987 0.573082
0 0.233359 rswhl
1 0.736479
4 0.468457 0.4685
4 0.68576 0.685798
4 0.654167 0.654194
1 0.092051
1 0.875235
1 0.485622
4 0.064561 0.064578
0 0.814272 jkesq
0 0.568878 urzqs
3 0.033625 19
2 0.985488 0.00082
0 0.710099 lolkw
4 0.836057 0.836117
1 0.771451
4 0.03581 0.035883
4 0.408664 0.408714
4 0.582505 0.582527
4 0.442107 0.442139
2 0.955876 0.000969
2 0.875039 1.5e-05
0 0.939805 mvhqb
2 0.269816 3.5e-05
3 0.875908 16
2 0.567229 0.000682
4 0.033611 0.033611
2 0.21448 0.000492
1 0.716801
1 0.380924
2 0.711008 0.000291
0 0.475765 wqooa
1 0.716252
1 0.46925
1 0.865566
2 0.88945 0.000436
2 0.032983 0.000678
2 0.280996 0.000831
4 0.178272 0.178291
4 0.686564 0.686603
0 0.857163 rddzn
3 0.631013 1
2 0.112458 0.000935
0 0.963246 akdle
2 0.045228 3.7e-05
3 0.2235 6
3 0.47572 31
1 0.519824
1 0.325834
3 0.24191 33
1 0.488802
4 0.094399 0.094462
3 0.877229 39
0 0.125109 xejpf
2 0.998091 0.000191
0 0.28619 cpzka
3 0.180029 37
4 0.886162 0.886187
3 0.009983 41
4 0.887213 0.887245
4 0.528674 0.528703
1 0.581968
3 0.494054 38
3 0.780245 15
0 0.151804 xbjze
0 0.885226 ucddq
4 0.474915 0.475009
2 0.928457 0.000295
3 0.424421 40
3 0.434827 31
1 0.731424
1 0.033527
0 0.248777 dnsnv
3 0.615932 16
1 0.894329
3 0.847855 7
4 0.475602 0.475701
3 0.329657 37
2 0.399238 0.000744
2 0.166386 0.000363
2 0.06105 0.000445
2 0.094886 0.000986
0 0.31125 pymsv
3 0.770057 11
3 0.675324 28
2 0.521364 0.000435
2 0.631099 0.000524
2 0.715341 0.000748
0 0.658138 dtmau
2 0.423309 0.000478
0 0.548879 zvoia
4 0.736765 0.736841
2 0.563976 0.00076
3 0.270602 36
1 0.502295
0 0.370936 sjmzv
0 0.582318 bgrmy
1 0.475605
1 0.947923
2 0.18728 0.000451
0 0.751256 kaclk
2 0.094924 0.000369
3 0.440174 13
0 0.550446 jxesj
3 0.094488 12
3 0.674027 35
3 0.475105 18
4 0.436913 0.436991
4 0.93363 0.933718
0 0.317634 lglmi
0 0.513654 putew
2 0.180443 0.000309
2 0.624825 0.000969
4 0.450143 0.45018
0 0.403409 sdfnh
2 0.33579 0.000988
2 0.475744 5e-06
3 0.506515 44
0 0.468822 wisei
2 0.231124 0.000853
3 0.197619 40
4 0.182533 0.182604
2 0.928525 0.000149
4 0.647513 0.647539
4 0.577722 0.577805
4 0.57022 0.570318
3 0.094444 33
2 0.402813 0.000915
1 0.150289
3 0.535069 8
0 0.033815 sgstp
3 0.182738 37
4 0.294419 0.294489
0 0.380991 yrawg
0 0.305812 gabuh
1 0.406863
2 0.87511 0.000832
1 0.451244
1 0.951478
0 0.463064 oipkj
2 0.614408 0.000666
1 0.630691
2 0.514832 2e-05
2 0.090138 0.000942
4 0.497001 0.497075
3 0.401857 27
0 0.582756 jpczg
0 0.041305 tjogx
4 0.785494 0.785509
2 0.300326 0.000687
1 0.390464
4 0.032918 0.033001
2 0.466685 0.000251
1 0.366558
4 0.275405 0.275432
4 0.214075 0.21408
0 0.875191 ciuik
2 0.274007 0.000562
0 0.672898 gghcy
1 0.151576
2 0.199637 0.000729
0 0.736868 gowkw
1 0.710013
3 0.329106 45
3 0.031342 42
2 0.033904 0.000829
0 0.630996 jnkqf
2 0.173489 0.000742
1 0.697976
2 0.299278 0.000538
4 0.040006 0.040038
1 0.736087
1 0.703088
2 0.909859 0.000962
3 0.92304 33
3 0.451236 8
4 0.033456 0.033487
3 0.419434 24
4 0.11741 0.117423
2 0.553948 0.000855
1 0.500781
1 0.03374
2 0.637499 0.000284
3 0.949461 0
3 0.543196 0
2 0.933455 0.000784
3 0.033103 41
2 0.230266 0.000883
0 0.871231 oqqni
4 0.326676 0.326743
2 0.92429 0.000566
1 0.4755
3 0.584224 14
2 0.517679 0.000448
1 0.457654
1 0.334983
3 0.03576 18
2 0.226933 0.000793
1 0.359762
2 0.25117 0.000438
4 0.716947 0.716975
0 0.582587 skqzc
4 0.062539 0.062636
4 0.713717 0.713749
2 0.19606 0.000233
0 0.626978 keeol
1 0.1799
3 0.82292 32
1 0.381763
3 0.304946 37
2 0.644388 0.000845
3 0.094862 45
1 0.117706
0 0.349359 iwsef
0 0.166752 ubfsc
0 0.566519 eqbdq
4 0.736638 0.73671
4 0.400547 0.400616
0 0.034606 qmxyi
1 0.551274
2 0.931826 0.000712
0 0.475339 aluyi
1 0.580889
0 0.97171 zlqfs
3 0.37965 13
0 0.311394 vkvwo
1 0.582095
2 0.315233 0.000874
0 0.865049 kgvtw
3 0.808864 13
0 0.148599 txics
4 0.179834 0.179926
3 0.923952 49
2 0.739535 0.000123
4 0.054768 0.054817
1 0.43617
0 0.475126 rzfnu
4 0.386103 0.386118
4 0.104582 0.104655
0 0.650808 yxomb
1 0.559795
1 0.630859
0 0.975074 laowe
0 0.793603 ajgjr
4 0.309372 0.309427
2 0.957718 0.000415
2 0.475482 0.000875
1 0.941842
1 0.500097
0 0.870879 mrowv
4 0.777991 0.778017
2 0.582157 0.000915
1 0.02878
0 0.635523 ubkah
0 0.012278 iqsep
2 0.516454 0.000351
3 0.180648 46
3 0.747273 3
3 0.192869 39
1 0.164785
4 0.432491 0.432499
3 0.033112 7
3 0.873527 39
0 0.343999 xjtsh
4 0.252111 0.25216
4 0.028409 0.028442
2 0.033666 4e-06
4 0.273588 0.273614
0 0.590248 xmktm
2 0.732625 0.00096
2 0.592977 0.000375
0 0.736222 qloio
1 0.35259
3 0.49195 43
4 0.507969 0.508003
2 0.472832 0.000934
4 0.582335 0.582401
0 0.000187 ncuvc
4 0.851003 0.851011
0 0.121711 nklhs
4 0.08044 0.080478
4 0.094701 0.094746
4 0.275587 0.275628
2 0.543149 0.000559
2 0.059689 0.000238
1 0.169205
4 0.875554 0.875569
0 0.65471 ebepr
3 0.561805 36
2 0.182919 0.000609
1 0.276864
0 0.475399 hinvz
0 0.226821 hsakt
0 0.231912 besxa
0 0.700353 lyydr
4 0.465698 0.465739
1 0.033026
1 0.131884
0 0.138938 xfkdd
4 0.903515 0.903603
2 0.077398 0.000844
2 0.035704 1e-06
1 0.56615
1 0.484256
4 0.088382 0.088431
0 0.856044 vranb
1 0.475654
4 0.950772 0.95078
0 0.769812 qepce
0 0.01963 igarz
3 0.45436 21
3 0.182051 3
2 0.485433 0.000339
3 0.881782 8
3 0.348906 17
0 0.118719 okewf
2 0.035793 0.00037
3 0.141836 43
3 0.366007 1
0 0.257748 kanez
1 0.59973
3 0.630798 8
2 0.235477 0.000329
4 0.158733 0.158828
2 0.101619 0.000157
1 0.179341
2 0.875504 0.000653
2 0.836903 0.000754
2 0.525463 0.000697
0 0.416363 roqkv
4 0.747452 0.747532
1 0.180462
1 0.543212
0 0.828238 lurbo
4 0.843969 0.844064
4 0.181723 0.18182
0 0.180423 lsmsc
4 0.277018 0.277056
2 0.547504 0.00091
4 0.919585 0.919607
1 0.747823
4 0.180213 0.18026
1 0.495781
4 0.400838 0.400895
2 0.668793 0.000629
2 0.385815 0.000451
3 0.474873 6
3 0.493924 30
2 0.206834 0.000114
2 0.979308 0.000233
2 0.350804 0.000373
4 0.09439 0.094435
2 0.21265 0.000254
1 0.397795
1 0.244355
1 0.184687
3 0.475056 27
0 0.047545 mwfnj
1 0.555059
3 0.617195 34
2 0.103459 0.000856
4 0.736418 0.736429
1 0.83119
2 0.140793 0.000153
2 0.365977 0.000424
4 0.919598 0.919601
1 0.582703
2 0.838589 9.6e-05
4 0.393648 0.393662
4 0.142432 0.14253
1 0.52064
2 0.033552 0.000298
1 0.543232
3 0.6264 35
0 0.508729 uzdli
1 0.09968
2 0.182842 0.00067
4 0.620714 0.620798
3 0.162264 12
4 0.408206 0.408303
4 0.120248 0.120296
0 0.630693 mptbh
4 0.612945 0.612983
2 0.228977 0.000342
3 0.683599 42
3 0.531868 8
0 0.094402 uysio
0 0.851354 xexww
1 0.390707
0 0.065505 xgevk
3 0.948933 41
2 0.035528 0.000723
3 0.654821 43
0 0.564295 qituz
3 0.799507 26
4 0.682735 0.682771
1 0.180709
3 0.306974 5
1 0.255907
1 0.374055
1 0.131597
4 0.094508 0.094588
0 0.861873 mxxun
1 0.778548
1 0.583461
4 0.828829 0.828893
4 0.035663 0.035759
1 0.6412
0 0.207025 zcaoe
2 0.471942 0.000785
2 0.850168 0.000894
0 0.875466 ouuel
1 0.206465
4 0.997403 0.997441
3 0.207551 14
1 0.673606
1 0.475153
3 0.950032 15
3 0.382817 44
1 0.608063
4 0.999284 0.999331
3 0.094231 24
2 0.559234 0.000489
2 0.556637 0.000127
2 0.764188 0.000493
3 0.954147 37
4 0.582003 0.582061
0 0.996883 tmayv
0 0.132838 jyavx
4 0.663841 0.663869
3 0.220478 7
1 0.582614
3 0.91819 11
4 0.799145 0.799236
2 0.734515 0.000826
1 0.547579
4 0.094856 0.094917
0 0.449689 rijst
4 0.453038 0.453101
4 0.242706 0.24274
2 0.886548 0.000752
4 0.033124 0.033176
2 0.043776 0.000678
3 0.107707 12
0 0.644339 abgea
3 0.10706 12
3 0.094647 41
4 0.040951 0.041016
4 0.744056 0.744085
3 0.830956 40
2 0.631259 0.000218
2 0.736389 4.9e-05
1 0.231204
3 0.459244 35
0 0.109713 uasey
0 0.518561 bimzz
2 0.582022 5e-05
4 0.543467 0.543519
2 0.988744 0.000518
3 0.594712 24
1 0.053956
0 0.1824 dzcwe
1 0.24627
1 0.882967
4 0.580565 0.580591
2 0.825221 0.000375
3 0.875469 44
3 0.580081 3
0 0.581155 wehsd
2 0.454112 0.00092
2 0.061935 0.000847
0 0.630992 cudhv
0 0.004356 agrku
2 0.071139 0.000506
2 0.359771 0.000465
2 0.704801 0.000445
1 0.736839
1 0.067212
1 0.561759
3 0.742536 48
2 0.202181 0.000644
1 0.035985
0 0.756272 dayjv
3 0.831605 48
2 0.536406 0.000393
4 0.728024 0.728034
0 0.582626 fqvra
3 0.32703 34
2 0.752383 0.00084
4 0.508655 0.50869
1 0.208631
3 0.736998 8
4 0.859382 0.859386
3 0.587406 14
0 0.568983 opbrx
0 0.59741 doyvd
2 0.033387 0.00026
0 0.724542 wvenu
2 0.774485 0.000957
0 0.631051 elhbs
1 0.282166
1 0.582581
0 0.452458 eegiz
4 0.32022 0.320223
2 0.634149 0.000973
0 0.268905 uxglx
2 0.035921 0.0003
4 0.47526 0.475333
0 0.960334 hxuzx
1 0.564275
1 0.757692
2 0.035527 0.000799
1 0.336605
1 0.56198
0 0.720667 zmplh
3 0.729904 32
3 0.631335 13
0 0.756027 ipumc
3 0.878824 14
1 0.658975
2 0.641806 0.000704
3 0.03519 5
3 0.586085 27
3 0.832341 11
2 0.955677 0.000529
4 0.713492 0.713531
3 0.182896 18
1 0.503707
4 0.233345 0.233353
4 0.473995 0.474061
0 0.276625 qusxx
3 0.180168 40
2 0.770444 0.000171
3 0.483937 10
1 0.044407
1 0.117482
2 0.182913 0.00048
4 0.079843 0.079918
1 0.222518
0 0.153561 ghhmr
3 0.543992 27
0 0.58268 oenyq
1 0.813491
2 0.550004 3.2e-05
1 0.464484
2 0.823716 0.00096
0 0.094841 nnwhe
4 0.803487 0.803531
0 0.193791 fwrsx
1 0.283402
2 0.064374 5.1e-05
3 0.094073 39
0 0.589455 zovtx
2 0.577378 0.00093
2 0.234348 0.00077
3 0.829053 11
3 0.87494 48
0 0.763787 vxash
3 0.934906 38
0 0.040713 tdzsp
0 0.044461 qabti
4 0.03541 0.035429
1 0.310682
4 0.667405 0.66744
1 0.617244
3 0.465525 9
2 0.875077 0.000744
4 0.141103 0.14113
3 0.074461 39
0 0.867258 vboci
0 0.656248 ejmmy
4 0.180021 0.180056
1 0.657077
0 0.756765 ivqvv
2 0.865516 0.000815
2 0.732774 0.000266
2 0.582452 0.000884
3 0.378326 25
1 0.098759
1 0.979235
3 0.867163 5
0 0.875213 nylqh
4 0.632987 0.633042
0 0.187394 krqjh
1 0.175678
1 0.352604
0 0.581849 hqvbv
3 0.666729 45
4 0.690613 0.690663
4 0.9892 0.989229
1 0.669655
4 0.63131 0.631376
4 0.128085 0.128129
4 0.433217 0.433265
4 0.480866 0.480877
2 0.024103 9.5e-05
1 0.094266
2 0.338879 0.000321
0 0.965929 hjoad
0 0.156249 ccjmx
2 0.601478 0.000875
0 0.581797 rwhbt
3 0.913055 26
2 0.933728 0.000616
1 0.504235
0 0.964271 izejm
1 0.875496
2 0.089144 0.000816
4 0.145239 0.145248
3 0.475026 8
2 0.281096 0.000555
0 0.582162 zvsvt
4 0.955087 0.955109
0 0.917957 kfwns
1 0.457281
3 0.5072 22
0 0.180293 ekejw
1 0.624237
1 0.256683
3 0.959957 44
4 0.431396 0.431413
4 0.475145 0.475192
4 0.88001 0.8801
3 0.337831 43
0 0.693913 atnpx
3 0.322767 32
0 0.032881 ejmzz
1 0.838905
4 0.599721 0.599736
2 0.470597 0.000978
4 0.798755 0.798764
4 0.8759 0.875971
4 0.401265 0.401316
3 0.240384 35
3 0.703741 6
1 0.853486
3 0.475344 34
0 0.021937 mciux
2 0.015662 0.000109
2 0.7778 0.000535
2 0.613571 0.000415
2 0.03326 0.000959
1 0.600138
0 0.773854 qyeff
2 0.371781 0.000295
4 0.368752 0.368815
4 0.035345 0.035359
3 0.144966 49
0 0.274889 yeths
2 0.60638 5.4e-05
0 0.896586 lcztd
2 0.475424 0.000695
0 0.627141 iuzle
2 0.203663 2.1e-05
1 0.350128
1 0.668781
2 0.736248 0.000806
0 0.227811 kksyi
1 0.154943
3 0.364535 39
3 0.508028 37
4 0.035606 0.03567
4 0.908448 0.90853
4 0.499636 0.499699
4 0.140388 0.140406
4 0.947195 0.947261
2 0.094166 8.9e-05
3 0.439134 32
1 0.803669
1 0.866267
2 0.92041 0.000476
1 0.736423
3 0.774704 34
4 0.27434 0.274437
3 0.414729 17
2 0.878276 0.000733
0 0.630566 ekbqw
1 0.349158
2 0.147945 0.00092
0 0.994681 ocjko
2 0.798388 0.000547
1 0.631156
1 0.947904
4 0.999638 0.999655
0 0.076731 vxupl
3 0.310367 0
3 0.736559 24
1 0.152969
3 0.976302 36
1 0.114849
2 0.60583 0.000477
3 0.035736 2
0 0.299514 rgrtm
1 0.558907
2 0.728731 0.00041
2 0.784029 0.000947
1 0.630527
1 0.335305
3 0.019981 9
3 0.72081 47
2 0.853192 0.000106
2 0.180123 0.000216
3 0.079718 1
1 0.638625
3 0.602434 36
1 0.902815
0 0.094533 bawih
0 0.229417 kzjbd
4 0.614306 0.614352
4 0.663874 0.66389
2 0.957025 0.000967
3 0.094511 26
2 0.332268 0.000241
2 0.322871 0.000662
3 0.165132 14
2 0.087154 8.3e-05
1 0.180531
4 0.894061 0.894145
1 0.636262
0 0.921262 fpsja
1 0.670308
4 0.033848 0.033867
4 0.969999 0.970056
3 0.045313 6
2 0.382748 0.000523
1 0.000979
1 0.094667
3 0.047655 47
3 0.505837 34
2 0.424564 0.000899
3 0.611224 43
0 0.180523 upndl
1 0.654728
3 0.342259 41
4 0.858912 0.858966
1 0.457001
2 0.0336 0.00096
4 0.198794 0.19887
3 0.359539 0
4 0.38719 0.387194
1 0.414312
3 0.035378 37
2 0.773927 8.2e-05
3 0.749819 8
2 0.617573 0.000627
3 0.409187 0
3 0.58211 21
1 0.822371
1 0.681744
2 0.024153 0.000348
0 0.438465 qvywc
1 0.094756
4 0.286793 0.286822
4 0.88042 0.880452
1 0.872522
1 0.091591
2 0.582002 0.000696
1 0.675973
0 0.513779 kesmz
2 0.815441 0.000624
0 0.084528 wkmpf
3 0.180333 46
3 0.393523 34
2 0.762538 0.000513
0 0.252164 xxhly
4 0.845145 0.84523
4 0.093966 0.093985
1 0.559755
4 0.576273 0.576276
2 0.779745 0.000884
4 0.372091 0.372143
3 0.630634 40
4 0.847678 0.847708
2 0.129973 0.000294
3 0.880865 41
0 0.300009 fopmu
3 0.033119 23
0 0.602492 cublf
3 0.880911 49
4 0.728589 0.728618
3 0.858563 23
1 0.736815
4 0.612997 0.613033
1 0.639899
2 0.528339 5.5e-05
0 0.026948 dcwsv
2 0.582306 0.000815
2 0.210017 0.000405
2 0.592686 0.00032
2 0.609099 0.000748
4 0.451243 0.45128
4 0.582506 0.58254
0 0.762789 fywjg
1 0.297861
3 0.283282 25
1 0.012097
2 0.875288 0.000681
4 0.445951 0.446032
2 0.891435 2.4e-05
1 0.466269
1 0.939887
0 0.094074 qxujx
4 0.911533 0.911598
1 0.891908
1 0.563773
2 0.310887 0.00098
1 0.875139
3 0.790429 19
3 0.82424 39
1 0.280479
1 0.712877
3 0.875057 8
2 0.998675 0.000902
0 0.614292 kjoqy
3 0.722035 39
0 0.122542 jwdpb
3 0.736066 27
2 0.221528 0.000419
3 0.744679 29
1 0.259706
3 0.250408 48
3 0.875426 27
4 0.145554 0.145622
0 0.268096 vvhmz
3 0.750965 0
3 0.272244 43
1 0.58271
0 0.266791 kwqxb
4 0.99688 0.996943
1 0.64319
0 0.273316 odbgp
0 0.582478 xhshy
3 0.592619 49
0 0.85941 bcoog
1 0.525421
1 0.563329
3 0.736533 47
2 0.806515 0.000185
3 0.028805 8
0 0.514445 qmhen
0 0.681921 fyyqi
1 0.63055
3 0.584186 40
3 0.420831 2
0 0.864536 eiraj
1 0.86102
3 0.035425 6
1 0.573519
1 0.904213
0 0.803085 phmae
1 0.047683
4 0.630489 0.630579
2 0.480786 0.000343
1 0.343712
0 0.211163 zntru
2 0.034288 0.000398
1 0.630566
2 0.41103 0.000259
4 0.763751 0.763769
4 0.931865 0.931958
1 0.611234
0 0.09396 fskij
4 0.459941 0.459945
0 0.95245 alqap
1 0.802641
1 0.731811
3 0.035838 35
4 0.4822 0.482221
1 0.725144
3 0.094292 23
0 0.30108 pqhvd
1 0.033714
2 0.245147 0.000288
3 0.564141 4
1 0.244126
4 0.744262 0.744347
2 0.630606 0.00045
2 0.572527 0.000742
0 0.856709 kjyua
3 0.233828 40
4 0.329031 0.32909
3 0.179809 24
3 0.097182 0
3 0.94632 12
1 0.277658
1 0.716568
2 0.094079 0.000584
1 0.117471
4 0.988863 0.988866
4 0.739043 0.739138
3 0.068075 7
4 0.475234 0.475254
2 0.30663 0.000923
0 0.769302 pzozl
4 0.03336 0.03344
3 0.088296 18
4 0.875786 0.875786
2 0.108374 0.000475
4 0.536481 0.536547
1 0.42097
4 0.909173 0.909196
1 0.736621
4 0.144954 0.144964
4 0.818024 0.81809
2 0.215404 1.9e-05
3 0.711324 45
1 0.87528
3 0.5294 0
4 0.582234 0.582301
0 0.003204 tftfj
0 0.261979 ddxpx
2 0.035505 0.000687
1 0.536473
3 0.410656 47
1 0.863296
4 0.850634 0.850725
3 0.033553 34
4 0.659669 0.659732
4 0.951806 0.951848
2 0.90525 0.000683
4 0.160365 0.160455
3 0.032869 37
1 0.664066
3 0.209288 0
0 0.212539 trzng
3 0.544269 31
4 0.180296 0.180322
4 0.419793 0.419802
4 0.09651 0.096561
2 0.276451 0.000219
0 0.154588 nooxo
2 0.035284 0.000564
1 0.323176
4 0.006037 0.006044
4 0.529121 0.529188
4 0.776647 0.776711
2 0.033077 0.000759
2 0.066666 0.00033
3 0.221254 40
0 0.180988 qfuxu
2 0.338498 0.000666
1 0.582678
3 0.455176 25
2 0.231823 0.000989
1 0.561383
4 0.019623 0.019717
1 0.875733
0 0.358514 ytyeu
4 0.119615 0.119681
4 0.523281 0.523345
2 0.449336 0.000669
0 0.875522 aizbd
4 0.662564 0.662612
0 0.787388 pfyji
2 0.536688 0.000115
4 0.656304 0.656385
3 0.736483 24
2 0.212723 0.000786
1 0.320338
1 0.653597
1 0.432896
3 0.582714 43
1 0.871216
4 0.577808 0.577847
3 0.14797 29
4 0.187326 0.187361
0 0.582361 ddhdo
3 0.691895 13
2 0.349257 0.00066
1 0.363265
0 0.783104 ehaea
1 0.182833
4 0.020835 0.020913
2 0.538857 0.000551
0 0.18134 rivxe
0 0.730403 tulmz
0 0.182661 hezcb
1 0.140659
4 0.117854 0.117944
1 0.656711
3 0.573788 1
1 0.035815
2 0.668446 0.000391
4 0.2952 0.295259
1 0.285219
1 0.3148
3 0.474852 30
1 0.50686
3 0.902337 46
2 0.764727 0.000465
1 0.017021
0 0.475212 qqopm
3 0.586518 7
4 0.871737 0.871796
4 0.999888 0.999969
4 0.514953 0.514966
0 0.094247 ssfwn
1 0.339784
4 0.543435 0.543444
1 0.63644
3 0.620195 38
1 0.63095
3 0.906107 23
1 0.336488
2 0.625996 0.000102
4 0.680513 0.680579
2 0.875281 0.000757
4 0.40644 0.406481
3 0.466227 2
1 0.102667
2 0.554146 0.000207
0 0.73624 hieej
2 0.609054 0.000705
1 0.805919
3 0.700558 45
2 0.068932 0.000902
1 0.736774
3 0.147249 5
2 0.948556 0.000201
0 0.118648 sgznv
0 0.630838 becib
3 0.630782 38
0 0.939563 qshzv
2 0.943127 0.000213
1 0.925329
3 0.907869 44
0 0.736251 urjrh
4 0.0443 0.044321
0 0.129878 ooprq
1 0.800761
2 0.583866 7.3e-05
0 0.631282 pxrog
0 0.253683 ippoy
1 0.821843
2 0.871629 0.000722
2 0.45294 0.000111
2 0.182615 0.000572
0 0.864998 xrvpy
0 0.454821 yafau
2 0.872217 0.000921
3 0.294475 16
3 0.03361 46
1 0.692559
1 0.63174
4 0.879541 0.879639
4 0.145297 0.145332
1 0.875603
2 0.532061 0.000868
0 0.838463 aluvu
2 0.098988 0.000773
2 0.795178 0.000872
0 0.036156 aoqjy
2 0.868457 0.000933
0 0.380504 kcfii
0 0.265801 rhkch
2 0.232455 0.000235
1 0.630848
1 0.121925
4 0.759378 0.759425
2 0.289832 0.000314
1 0.446118
2 0.180516 0.000852
2 0.666817 0.000584
3 0.308006 46
3 0.251336 20
0 0.000143 wpgvl
3 0.180417 23
4 0.432496 0.432586
0 0.878614 vwufr
1 0.468172
0 0.464824 woqai
2 0.875739 0.000832
2 0.681243 0.000117
4 0.634953 0.635034
4 0.143989 0.144067
4 0.044104 0.044148
0 0.582628 svlqx
2 0.557495 0.000865
1 0.550656
4 0.385137 0.385157
1 0.753321
4 0.183025 0.183071
2 0.738055 0.000735
2 0.094964 0.000192
2 0.313817 0.000699
2 0.817672 0.000166
1 0.582179
3 0.200969 23
1 0.751625
2 0.796874 0.000297
1 0.550195
3 0.631245 26
4 0.839827 0.83989
1 0.451143
0 0.07756 lsyzq
3 0.405035 47
2 0.033113 0.000732
0 0.67124 gmcae
2 0.82214 0.000206
3 0.759699 35
2 0.422813 0.000529
4 0.03579 0.035886
1 0.656837
1 0.191861
1 0.459243
4 0.611204 0.61125
2 0.631373 0.000495
1 0.088054
2 0.312923 0.000547
1 0.377709
1 0.462521
3 0.094792 35
4 0.404826 0.404859
2 0.061663 0.000501
0 0.095199 ddfnd
1 0.819381
2 0.474881 0.00038
2 0.740641 0.000516
1 0.443239
0 0.302189 oysan
0 0.889673 uwgvk
1 0.182608
0 0.280155 zeupd
0 0.310421 nkens
4 0.435447 0.435536
3 0.662587 28
3 0.032936 34
4 0.807869 0.807927
2 0.40842 0.000976
2 0.204927 0.000628
2 0.607885 0.000526
2 0.182091 0.000134
4 0.294845 0.294928
3 0.246644 25
3 0.909231 5
3 0.461491 43
1 0.180675
2 0.808607 0.000342
4 0.794067 0.794088
4 0.631996 0.632054
0 0.636488 wslwj
4 0.630851 0.630931
4 0.547961 0.547996
2 0.009452 3.1e-05
0 0.638082 befzh
0 0.853987 iczhm
4 0.630834 0.630891
2 0.095448 0.000965
3 0.734178 45
4 0.28214 0.282173
1 0.807944
1 0.63145
2 0.130148 0.000249
0 0.194285 xonvn
1 0.563396
3 0.568497 10
1 0.032986
4 0.612736 0.612756
3 0.894876 3
1 0.702821
4 0.294254 0.294353
3 0.475635 11
3 0.913437 20
2 0.838009 0.000981
3 0.401406 29
0 0.700868 ouutj
4 0.736414 0.73645
1 0.822564
3 0.456382 15
1 0.981528
3 0.837456 41
3 0.582273 5
1 0.830275
3 0.749975 47
1 0.358015
3 0.303307 27
0 0.180058 ngbjs
0 0.474596 cojpp
1 0.904317
4 0.681063 0.681135
0 0.511338 ngnmb
3 0.474862 49
4 0.71238 0.712395
3 0.409813 46
0 0.563628 tvhdm
1 0.132618
2 0.035246 0.000757
4 0.525652 0.525733
1 0.798471
1 0.087709
1 0.44509
1 0.035695
3 0.30965 31
4 0.935787 0.935848
0 0.36154 cjjmy
0 0.337209 tgslh
1 0.875879
2 0.648703 0.000414
3 0.64395 36
1 0.391413
3 0.852234 24
0 0.18301 lgzjv
0 0.458841 kabqs
2 0.364402 0.000214
2 0.005951 0.000917
1 0.428636
3 0.182675 29
3 0.827558 5
3 0.921989 23
1 0.720631
3 0.286533 4
1 0.182724
0 0.067105 jjasm
1 0.616274
3 0.8988 44
3 0.759989 28
2 0.033177 8.3e-05
2 0.898589 0.000337
0 0.74555 spmta
3 0.680482 11
1 0.51323
1 0.47557
4 0.080406 0.080441
1 0.914886
1 0.820191
0 0.406041 fwjgz
4 0.035863 0.035897
4 0.021281 0.021321
0 0.701764 fpgrt
4 0.428658 0.428695
2 0.084945 0.0003
3 0.035932 13
0 0.363665 ekbtg
0 0.85159 siogk
0 0.795429 uqual
4 0.331677 0.331753
4 0.875388 0.875457
0 0.937744 krcjy
2 0.124875 0.000245
2 0.393961 0.000275
3 0.256487 7
3 0.094217 25
0 0.587189 btivh
2 0.104332 0.000839
2 0.558428 0.000381
3 0.897264 6
2 0.035898 0.00069
2 0.583994 0.000599
1 0.036553
2 0.177251 0.000475
1 0.761176
2 0.63135 9.4e-05
2 0.418246 0.000896
4 0.410085 0.410126
2 0.517818 0.000341
3 0.318774 15
1 0.736066
1 0.737881
2 0.206084 0.000435
2 0.383336 0.000262
3 0.660864 2
1 0.182844
4 0.946927 0.946978
0 0.357013 gbvbc
3 0.7941 25
2 0.947987 0.000269
4 0.582578 0.582634
2 0.206493 0.00027
1 0.867358
2 0.615494 0.00099
3 0.784297 40
1 0.180097
4 0.33397 0.333997
4 0.146194 0.146231
1 0.281772
0 0.095369 xgqol
3 0.736891 0
3 0.484591 46
0 0.802994 qvrzt
3 0.198739 30
1 0.55202
1 0.094378
0 0.311123 hwlhn
3 0.88326 32
1 0.54816
2 0.611474 0.000258
2 0.875117 0.000498
1 0.81237
2 0.770841 0.0005
0 0.839213 rvhvs
0 0.061818 ahgna
1 0.180489
2 0.628824 0.000347
2 0.075997 1e-06
2 0.591496 0.000102
2 0.34672 0.000295
4 0.182789 0.182801
1 0.262076
0 0.298567 bdisv
1 0.029788
1 0.730243
1 0.182265
2 0.951417 0.000224
1 0.059265
4 0.337928 0.338013
4 0.337499 0.337581
0 0.630785 acdgf
3 0.783782 43
1 0.81357
1 0.468089
1 0.098502
1 0.631103
1 0.324628
0 0.688277 qkecc
4 0.462655 0.462715
3 0.18733 34
4 0.180041 0.180076
1 0.721134
2 0.191992 0.000576
0 0.806846 obhjn
3 0.796314 3
1 0.475348
0 0.318697 hfous
2 0.852152 0.000127
0 0.904539 dcmrp
1 0.583586
3 0.58217 5
1 0.246711
3 0.63625 9
1 0.569811
4 0.414365 0.414397
2 0.58217 4e-06
0 0.385876 qbwch
2 0.717934 0.000773
0 0.758913 ojoqg
1 0.658618
4 0.630841 0.630846
1 0.8011
2 0.65752 8.3e-05
1 0.146525
0 0.920124 spqco
0 0.035242 dhbsr
1 0.650693
3 0.109728 31
4 0.912096 0.912182
0 0.713196 cxbvj
1 0.630622
1 0.36632
2 0.253018 0.00036
3 0.222081 15
4 0.53565 0.535682
0 0.630506 dqhvk
0 0.180546 infeo
2 0.090376 0.000213
1 0.705282
0 0.548498 egkjv
3 0.875282 11
0 0.643408 ybrtj
4 0.881061 0.881071
2 0.22359 2.9e-05
4 0.127672 0.127678
2 0.179945 0.000753
3 0.658789 11
3 0.546051 24
0 0.558945 jkuyz
4 0.844413 0.844469
1 0.475075
0 0.742759 rstai
1 0.517764
2 0.213439 0.000458
1 0.9792
3 0.47519 4
3 0.074831 24
3 0.012424 24
4 0.13418 0.134232
1 0.653349
0 0.032973 ftolc
1 0.907956
3 0.075761 14
0 0.935999 yccxt
2 0.823854 0.000718
1 0.8758
0 0.258403 pilts
3 0.425593 20
2 0.992522 0.000721
4 0.77289 0.772972
3 0.581777 14
4 0.988334 0.988428
1 0.812188
4 0.901589 0.901658
4 0.978482 0.978531
2 0.094475 0.000778
3 0.541215 21
3 0.773973 43
1 0.431039
0 0.844483 zrsrp
2 0.182877 0.00095
4 0.488424 0.488443
0 0.983258 mxkds
2 0.430853 0.000872
3 0.327781 47
3 0.033726 17
2 0.403512 0.000637
3 0.528476 46
4 0.483485 0.483516
4 0.563611 0.563618
0 0.736609 ngnbr
1 0.803316
3 0.995619 15
1 0.930753
3 0.670689 22
2 0.182889 2.9e-05
2 0.754992 0.000867
3 0.892438 30
2 0.098256 0.000507
2 0.067842 0.000294
3 0.033391 13
1 0.762626
2 0.382271 0.000452
2 0.965724 0.000493
4 0.482837 0.482883
0 0.63125 ffjvc
4 0.506075 0.506159
3 0.573917 31
3 0.878744 21
1 0.335057
3 0.03593 1
3 0.525828 44
2 0.008665 4e-05
4 0.252701 0.252769
1 0.768082
3 0.03542 19
1 0.843577
4 0.772245 0.772305
2 0.167341 0.000282
3 0.01875 12
0 0.582686 amzjv
2 0.944917 0.000412
3 0.865005 46
1 0.30296
4 0.066124 0.066155
0 0.180425 tituc
0 0.58401 zyyct
4 0.936419 0.936456
0 0.995366 alkyo
3 0.292571 39
4 0.631021 0.631103
0 0.419163 sbrhi
4 0.15644 0.15647
0 0.135952 xkvnv
4 0.9368 0.936895
1 0.475733
4 0.702478 0.702518
3 0.262894 41
0 0.568686 rdpqk
0 0.706393 alpdp
2 0.180571 0.000273
2 0.300066 0.000849
0 0.382555 lkupn
0 0.423281 kjxvr
1 0.952508
3 0.182617 47
4 0.30773 0.307794
3 0.576782 35
2 0.782635 0.000453
3 0.947602 8
1 0.875188
3 0.568675 12
0 0.034346 zxuyv
3 0.685661 24
4 0.193559 0.193568
1 0.182972
0 0.448723 mmtft
0 0.758072 zbtbm
2 0.553391 0.000856
2 0.8079 0.000367
2 0.18254 0.000456
3 0.628807 2
3 0.636539 35
1 0.085262
0 0.078789 cxxed
4 0.094759 0.094848
4 0.831221 0.831318
3 0.155473 15
0 0.858863 riows
4 0.515449 0.515521
4 0.736935 0.736952
1 0.607884
2 0.282608 0.000929
1 0.780992
3 0.956848 34
4 0.036062 0.036156
3 0.27371 9
4 0.284684 0.284713
0 0.95717 jlgma
2 0.281781 0.000526
1 0.035383
2 0.759427 0.000548
2 0.232627 8.2e-05
1 0.020696
4 0.132604 0.132646
4 0.094539 0.09459
3 0.965889 21
1 0.562971
1 0.489409
1 0.058493
0 0.035387 gmpfk
4 0.942075 0.942151
1 0.479124
2 0.884127 0.000418
2 0.806794 0.00047
3 0.875814 19
2 0.913879 0.000735
1 0.590612
1 0.803499
4 0.445374 0.445433
0 0.475127 vutwg
3 0.863837 17
2 0.848246 0.000813
4 0.233264 0.233275
0 0.100523 iuowj
1 0.736261
3 0.615555 28
0 0.265474 utgaa
2 0.197833 0.000399
1 0.247495
2 0.03544 0.000878
2 0.261137 0.000561
0 0.791891 qzwov
3 0.224817 9
3 0.198619 35
3 0.474824 47
4 0.35487 0.354919
0 0.118717 zafhi
1 0.758697
3 0.376681 40
1 0.180543
3 0.50775 9
2 0.961728 0.00093
2 0.978176 0.000917
0 0.651566 rmsol
4 0.875462 0.875536
4 0.598076 0.598099
2 0.491109 0.000264
0 0.392298 ihgts
1 0.083645
0 0.875349 sdzap
0 0.802466 ebuig
1 0.423017
0 0.265838 yrrgi
2 0.791973 0.000689
1 0.47552
2 0.871213 0.000176
0 0.617305 apneb
2 0.197803 0.000491
3 0.986469 42
3 0.582134 15
4 0.33049 0.330528
3 0.638815 27
1 0.686385
4 0.38067 0.380762
4 0.736107 0.73619
2 0.64927 4.6e-05
0 0.445842 pdbwx
0 0.615834 iokag
0 0.613018 qvyhq
4 0.582595 0.582641
0 0.020106 czuwb
1 0.209251
1 0.703081
4 0.708162 0.708177
0 0.474897 pssfa
2 0.305569 0.000411
3 0.511661 26
1 0.917659
1 0.829044
0 0.033171 psfsm
1 0.775746
0 0.469376 kczea
4 0.477047 0.477054
1 0.782616
0 0.182138 wytps
3 0.985104 8
3 0.836711 19
2 0.90775 0.000977
0 0.297705 ytswu
0 0.474954 pjlez
0 0.664705 qedkg
0 0.992156 duuui
0 0.94787 qkmvq
4 0.544624 0.544695
2 0.631271 0.00068
3 0.204305 18
0 0.834454 ywqxg
1 0.009698
2 0.313891 0.000798
1 0.032985
3 0.538576 37
4 0.539291 0.539354
2 0.815915 0.000307
0 0.151065 ajmgp
1 0.183023
4 0.728618 0.728712
3 0.816677 35
1 0.345563
3 0.806132 37
3 0.875817 1
3 0.364447 16
0 0.245683 qyrej
2 0.94523 8.8e-05
3 0.215563 2
3 0.736653 44
4 0.603545 0.603575
1 0.765583
3 0.222671 9
3 0.623023 49
3 0.875073 23
1 0.456679
2 0.053077 0.000323
4 0.791517 0.791524
0 0.182571 fhpms
3 0.03556 21
1 0.892052
3 0.97302 25
2 0.639855 0.000717
4 0.552373 0.552415
0 0.035318 tvakw
4 0.633999 0.634093
3 0.427242 27
1 0.340383
0 0.108317 qxeaa
4 0.581991 0.581992
1 0.04526
3 0.575731 33
4 0.547811 0.547827
2 0.130198 2.7e-05
3 0.035691 42
0 0.7038 fdseb
2 0.685623 0.000767
1 0.450747
3 0.844912 48
1 0.582255
3 0.056217 43
1 0.745631
1 0.146353
4 0.128041 0.128068
1 0.475076
0 0.329518 spvpp
1 0.898644
2 0.040379 0.000556
0 0.634131 xtxad
1 0.179855
2 0.552007 0.000495
4 0.663495 0.663523
2 0.478784 4e-05
2 0.622543 3.4e-05
1 0.875651
4 0.637422 0.637446
2 0.396089 0.000607
3 0.26692 22
4 0.710319 0.710402
1 0.033322
4 0.556133 0.556193
1 0.953814
4 0.626341 0.626395
1 0.248884
0 0.036126 tfdmx
0 0.880402 ijiye
2 0.870306 0.000456
0 0.624765 zvfld
2 0.284414 6e-06
0 0.033193 swrnk
3 0.002873 27
0 0.612623 wpfcf
4 0.795369 0.795411
1 0.305886
0 0.180184 povgq
3 0.651298 9
0 0.874299 fpxyx
4 0.202212 0.2023
2 0.567705 0.00035
0 0.183004 egkgy
1 0.480874
4 0.525815 0.525905
2 0.407203 0.000788
1 0.773489
4 0.582011 0.582097
2 0.388587 0.000298
0 0.709517 suzow
1 0.572281
2 0.743446 0.000295
2 0.182498 0.000639
2 0.011478 0.000843
2 0.653612 0.000684
4 0.366109 0.366138
2 0.668195 0.000451
2 0.582764 0.000201
1 0.58488
2 0.928062 8.3e-05
0 0.677956 rtiuj
4 0.291993 0.292016
0 0.03353 sbecq
3 0.564456 28
0 0.229069 antyf
1 0.635583
3 0.387917 12
0 0.032899 xjixm
0 0.444336 kqmqn
4 0.310036 0.310083
1 0.055457
1 0.898437
0 0.736989 bvikt
1 0.646383
2 0.071535 0.000546
4 0.474204 0.474301
4 0.434892 0.434916
1 0.875463
2 0.066792 0.000603
1 0.12225
0 0.002648 ztcgn
1 0.925809
4 0.582611 0.582657
3 0.011736 32
0 0.275634 wewhe
2 0.1706 0.000327
4 0.019556 0.019646
4 0.182258 0.182324
0 0.699142 znjlt
4 0.469499 0.469572
0 0.481236 ldacx
2 0.005359 7.9e-05
4 0.182353 0.182421
4 0.979272 0.979366
0 0.171489 fjrtq
4 0.136528 0.136564
4 0.12238 0.122442
4 0.182548 0.182638
3 0.436457 24
4 0.585889 0.585915
1 0.880648
2 0.734074 0.000649
4 0.09488 0.094912
4 0.873933 0.873984
3 0.885868 32
2 0.021837 0.000612
1 0.885163
0 0.182164 fsmwt
4 0.478318 0.478333
3 0.212393 17
0 0.271513 ngwfl
4 0.743919 0.743996
1 0.631018
1 0.299329
2 0.191661 0.00035
1 0.317879
1 0.432
1 0.630782
1 0.23969
2 0.723228 0.000267
3 0.473139 42
3 0.36695 3
2 0.094131 8.9e-05
3 0.503098 20
4 0.628576 0.628609
4 0.672527 0.672539
3 0.620879 3
4 0.582438 0.582486
2 0.177894 0.000115
0 0.651033 rvjln
1 0.114045
1 0.123645
1 0.475014
2 0.084851 9e-06
0 0.495515 xzplx
4 0.466738 0.466755
3 0.644632 34
4 0.875451 0.875504
2 0.454669 0.000262
4 0.786995 0.787002
2 0.62242 0.000677
0 0.602772 stoty
1 0.035564
2 0.882519 0.000503
1 0.043504
2 0.774897 0.000874
3 0.767441 29
2 0.035476 0.000458
1 0.594149
0 0.095778 hwmtd
3 0.03073 27
2 0.446511 0.000213
4 0.631005 0.631092
0 0.048429 lejbf
1 0.786886
0 0.596144 bpdyd
0 0.675423 rqifa
0 0.875734 fcncp
1 0.966765
3 0.294364 7
2 0.36505 0.000343
4 0.477546 0.477628
3 0.475599 3
2 0.209248 0.000797
3 0.185414 18
0 0.124444 ewlou
4 0.999563 0.99965
4 0.035263 0.035361
3 0.325427 12
1 0.833462
1 0.228525
1 0.097075
0 0.7367 survr
2 0.706529 0.000743
3 0.548975 5
4 0.353562 0.353641
3 0.968865 13
3 0.582118 23
0 0.718608 ojpwa
0 0.200256 gagof
3 0.795921 33
4 0.861248 0.861338
3 0.180666 29
0 0.265746 dercx
4 0.855525 0.855529
4 0.083104 0.083162
2 0.799712 0.000304
4 0.874951 0.875023
2 0.347529 0.000781
2 0.43862 0.000159
4 0.283942 0.283966
0 0.927227 lnefu
1 0.094175
1 0.045218
1 0.734663
3 0.60196 17
1 0.685656
3 0.582015 4
2 0.567214 0.000515
1 0.851156
1 0.564683
4 0.084461 0.084507
2 0.581958 0.000148
3 0.912783 9
1 0.520439
2 0.959299 0.000399
1 0.521351
0 0.631153 epybz
0 0.582672 atcso
2 0.107034 0.000259
2 0.962183 5.7e-05
2 0.162844 0.000426
1 0.736933
0 0.408428 wtbvx
0 0.433871 uhkgl
1 0.777117
3 0.812672 19
2 0.182449 0.000341
1 0.521252
2 0.779743 0.000421
0 0.771005 uabtd
2 0.429918 0.000322
1 0.582635
3 0.146397 11
1 0.435587
3 0.099652 12
2 0.694811 0.000571
4 0.582149 0.582239
1 0.630573
2 0.85218 0.000847
2 0.72928 0.000179
2 0.675551 0.000854
3 0.182347 20
3 0.965616 1
3 0.701952 4
2 0.995219 6.7e-05
3 0.658828 12
4 0.875772 0.875802
2 0.430045 0.000329
4 0.675678 0.675739
1 0.867581
0 0.317664 mmmgg
0 0.094172 cnaeu
2 0.076298 0.000397
4 0.936602 0.936616
2 0.018754 1.2e-05
1 0.409429
0 0.094553 vffhx
4 0.90583 0.905861
4 0.296342 0.296416
2 0.966729 0.000688
1 0.590857
0 0.631355 smgen
2 0.894819 0.000626
2 0.811821 0.000249
3 0.56284 10
1 0.706181
0 0.582484 xsxrh
2 0.971933 0.000409
3 0.433891 41
1 0.828464
2 0.131996 4.8e-05
2 0.475778 0.000637
1 0.386786
2 0.758237 0.000257
4 0.858169 0.858179
4 0.33288 0.332938
3 0.875497 33
0 0.157999 zhnlc
2 0.268411 0.000728
1 0.811579
0 0.693384 uldne
3 0.182733 32
2 0.912949 9.5e-05
0 0.876283 ltbjh
2 0.573032 0.000926
4 0.787586 0.787624
2 0.475364 0.000364
0 0.194961 fupaz
3 0.610007 23
0 0.522956 dinub
2 0.515397 0.000473
4 0.182102 0.18217
4 0.291235 0.291283
3 0.428164 12
0 0.623125 ningm
2 0.293923 0.000596
2 0.475276 0.00047
1 0.004803
4 0.412973 0.413049
3 0.017755 27
1 0.926475
2 0.736498 0.000447
4 0.302671 0.302744
4 0.049101 0.049133
0 0.921822 tziia
3 0.736134 30
4 0.182281 0.182346
0 0.879346 yajhp
3 0.366537 11
3 0.669208 36
2 0.234661 2e-05
3 0.631334 4
4 0.422771 0.422815
1 0.337151
0 0.321503 wtlzg
4 0.14897 0.148991
1 0.180366
3 0.663258 24
1 0.500685
0 0.908859 nwpzq
2 0.072853 0.000573
3 0.582271 8
4 0.818919 0.818965
2 0.070933 0.000116
4 0.715361 0.715364
4 0.726327 0.72638
4 0.03555 0.035638
0 0.488592 vcqun
1 0.715913
0 0.170587 qpnaq
0 0.942013 pxnmf
0 0.875736 mdbhp
2 0.955669 0.000768
3 0.684009 45
4 0.399923 0.399988
3 0.752971 35
2 0.736261 0.000618
3 0.928052 37
0 0.788321 lkzwl
2 0.691619 0.00078
0 0.398116 fbtch
0 0.180543 jqhov
1 0.64328
3 0.856325 17
3 0.644646 2
4 0.559141 0.55921
4 0.180433 0.180519
4 0.827833 0.827919
0 0.416644 eeiyw
0 0.246792 uiewn
3 0.487221 1
2 0.631416 0.000712
2 0.142195 0.000266
2 0.065227 0.000104
1 0.89306
0 0.604577 hxrap
0 0.036118 ytvhz
4 0.258267 0.258364
0 0.380573 ffgzg
4 0.760714 0.760729
1 0.170127
2 0.874939 0.0002
3 0.990601 17
0 0.418962 uaaae
4 0.070107 0.07013
3 0.595087 48
0 0.180408 jgdbl
3 0.955916 42
2 0.764948 0.000944
3 0.755549 14
3 0.690863 22
1 0.03317
1 0.487127
2 0.838604 0.000215
0 0.987772 mftir
0 0.409297 dixnv
3 0.582187 26
1 0.609278
1 0.65686
0 0.852421 tezxl
4 0.714332 0.714427
1 0.094832
1 0.111275
0 0.987442 llaxg
0 0.620855 wnndb
1 0.799509
1 0.033288
3 0.569351 41
2 0.861347 0.000652
4 0.502121 0.502128
0 0.613396 eqwcr
1 0.475428
4 0.752201 0.752253
2 0.275655 0.000476
3 0.651531 19
1 0.883308
2 0.182383 0.000912
4 0.558386 0.558471
1 0.339703
2 0.44822 0.000815
1 0.582444
3 0.179888 33
1 0.861688
3 0.323073 44
1 0.464159
2 0.151585 2e-05
1 0.736408
0 0.682849 ugtkr
2 0.493572 0.000799
0 0.592369 zllox
0 0.503315 gxltp
4 0.475562 0.475609
4 0.892512 0.892602
4 0.188752 0.18877
4 0.750456 0.75051
3 0.760381 4
0 0.582738 shhqn
3 0.908936 49
2 0.617391 0.000538
0 0.71257 ecgiz
3 0.62993 40
2 0.73639 0.000119
1 0.773813
4 0.772796 0.772826
0 0.515417 syprb
4 0.082104 0.082165
0 0.035387 siwnc
1 0.761531
3 0.095055 28
1 0.752174
4 0.345496 0.34554
0 0.875051 iwjqw
3 0.41646 47
3 0.318646 30
1 0.407515
0 0.1224 pykzz
1 0.033161
0 0.835906 pmyvo
4 0.993048 0.993067
0 0.318584 bgvmh
3 0.709895 44
1 0.182864
4 0.295336 0.295385
2 0.502202 0.000607
0 0.212648 osfzr
3 0.723162 10
4 0.736461 0.736476
0 0.874672 jqmoy
0 0.371838 rpedd
3 0.490888 4
3 0.156754 36
4 0.032903 0.032969
0 0.131049 mpwlr
4 0.338663 0.338697
4 0.757552 0.757643
2 0.645742 0.000522
1 0.035881
3 0.985692 7
2 0.142446 0.000295
3 0.643598 45
3 0.900616 5
0 0.582385 jeahp
1 0.982002
3 0.170965 46
0 0.081248 wntmc
3 0.999846 42
0 0.09468 ivzkz
3 0.587579 15
1 0.625407
1 0.321408
0 0.72527 gpxhg
0 0.736227 mfirz
4 0.387829 0.387831
1 0.910589
4 0.254093 0.254161
3 0.358024 33
1 0.183002
4 0.498272 0.498322
4 0.883991 0.884032
0 0.275778 dvpmu
0 0.68852 oxlgr
3 0.736934 1
4 0.592996 0.593
3 0.365998 14
2 0.86427 0.000867
3 0.748261 8
1 0.18297
4 0.908832 0.908868
2 0.113705 0.000147
3 0.706406 11
1 0.726049
4 0.094367 0.094385
4 0.056541 0.056554
2 0.546958 0.000512
4 0.408825 0.408877
2 0.840885 0.000168
3 0.475095 19
0 0.607772 tsmac
3 0.347284 29
2 0.152948 0.000566
2 0.035257 0.000108
2 0.630554 0.000845
3 0.426233 39
3 0.497402 23
0 0.477851 uvuqr
0 0.333657 hgrqm
2 0.630644 0.000686
4 0.252388 0.252391
2 0.060469 0.0008
0 0.486702 svqbi
4 0.535898 0.535962
2 0.631093 0.000364
4 0.152938 0.152987
4 0.312737 0.312753
1 0.098103
2 0.881515 0.000929
2 0.582621 0.000622
3 0.058903 14
4 0.559359 0.559438
1 0.054019
4 0.663071 0.663089
1 0.033616
3 0.400476 2
0 0.713214 zyfyj
4 0.17539 0.175423
2 0.231238 0.000308
3 0.094639 1
4 0.795315 0.795387
0 0.974738 bfiec
3 0.791157 31
3 0.020723 4
4 0.736815 0.736859
0 0.462478 drejq
3 0.931962 38
4 0.727278 0.72729
0 0.218368 llmke
2 0.875504 0.000616
4 0.397526 0.397587
1 0.760671
0 0.521161 jlksh
3 0.217247 38
3 0.03356 14
3 0.468752 38
2 0.916487 0.000341
1 0.671732
2 0.747663 0.000701
1 0.094852
0 0.970768 xsmkf
4 0.287739 0.287743
2 0.785525 0.000118
2 0.197222 0.000434
1 0.875772
1 0.689565
1 0.286898
3 0.064594 49
1 0.242488
2 0.582555 0.000123
1 0.174724
4 0.236176 0.236269
4 0.346833 0.346886
1 0.560951
2 0.033663 0.000987
2 0.100665 0.000153
3 0.417596 3
3 0.998543 5
1 0.757383
4 0.182193 0.182291
0 0.162227 kcaxl
2 0.779714 0.000925
0 0.266023 iqgst
0 0.057506 hbbee
2 0.875399 0.000696
2 0.958442 0.000956
4 0.461861 0.461906
2 0.95249 0.000367
4 0.732204 0.732297
1 0.631272
1 0.757582
4 0.765808 0.765848
2 0.653079 0.000671
1 0.911056
1 0.036064
4 0.2529 0.252927
0 0.821625 xgmci
0 0.774235 obuvo
3 0.776191 19
1 0.03321
3 0.355209 4
1 0.131747
2 0.458581 0.000981
4 0.08626 0.086284
4 0.180163 0.180194
0 0.797763 nrcmu
4 0.084341 0.084405
0 0.653609 pmtfq
3 0.8872 2
2 0.631404 0.000394
0 0.857968 fniir
3 0.850445 5
2 0.16403 0.000828
1 0.248371
0 0.582018 xldgu
0 0.726159 aejwd
0 0.503478 lhldu
4 0.177554 0.177576
4 0.341585 0.341588
2 0.033469 0.000993
0 0.020308 dyvjz
3 0.578921 33
4 0.740784 0.740847
1 0.244262
3 0.582475 30
0 0.058257 rhosu
4 0.219755 0.219792
3 0.030301 47
3 0.454948 14
3 0.581872 28
4 0.488235 0.488328
2 0.24885 0.000739
3 0.968673 41
0 0.450255 fcfwo
3 0.035989 49
4 0.44836 0.448394
2 0.929774 0.000312
4 0.098269 0.098333
4 0.001588 0.001687
4 0.182965 0.183021
0 0.911365 qkhim
2 0.399407 0.000745
3 0.03737 7
2 0.221986 0.000267
3 0.875468 9
3 0.796677 48
2 0.947676 0.000235
0 0.863878 fhhrm
0 0.294643 yffhp
0 0.875491 nomny
0 0.043338 jfkiz
3 0.85494 29
4 0.444543 0.444577
4 0.071651 0.071672
4 0.581784 0.581865
4 0.615481 0.615552
0 0.861417 atulf
0 0.368015 rgugb
2 0.845848 0.00055
1 0.87543
2 0.798357 0.000527
4 0.01579 0.015829
1 0.25338
2 0.207714 0.000737
0 0.033255 cadbq
4 0.015162 0.015179
0 0.503189 eznod
1 0.953356
1 0.521105
1 0.631082
3 0.230369 25
1 0.270511
3 0.304364 5
0 0.493613 wsmag
1 0.094886
1 0.562647
1 0.608539
0 0.611274 zeqsb
3 0.361534 48
3 0.18281 39
1 0.548899
2 0.966512 0.000139
1 0.758368
0 0.353967 nqcof
4 0.630941 0.631028
3 0.427213 23
0 0.569566 golzj
3 0.269221 42
4 0.383375 0.38338
4 0.736319 0.73639
2 0.240782 0.000199
2 0.762563 0.000393
4 0.678921 0.678935
1 0.994609
4 0.475132 0.475135
2 0.999292 0.000987
4 0.709656 0.709664
1 0.001622
4 0.559216 0.559244
3 0.875018 26
3 0.398663 41
1 0.772408
2 0.098642 0.000974
3 0.609604 3
4 0.182441 0.182514
3 0.348387 42
1 0.901947
4 0.777374 0.777457
2 0.912102 0.000423
1 0.475232
2 0.24955 0.000738
1 0.021958
0 0.536705 lsfnn
0 0.898489 mfram
4 0.875617 0.875701
4 0.946165 0.946173
2 0.790996 0.000595
4 0.292985 0.293082
4 0.214696 0.214703
4 0.094506 0.094569
3 0.251539 6
4 0.696902 0.696976
4 0.007003 0.007085
4 0.735404 0.735503
1 0.032984
4 0.262747 0.262764
1 0.651652
0 0.100193 lkgbo
2 0.019336 0.000321
0 0.182998 jnufy
0 0.226538 koxos
3 0.202026 9
1 0.37003
4 0.480921 0.480949
3 0.631348 20
0 0.628548 fvhfo
2 0.618525 0.000264
2 0.780637 0.000154
3 0.805057 35
2 0.582436 0.000259
1 0.318693
0 0.166062 zqahv
3 0.532987 21
3 0.926988 1
4 0.736372 0.736459
2 0.888338 0.000594
3 0.693395 29
2 0.814995 0.000445
0 0.852606 slnvo
4 0.180055 0.18015
2 0.775125 0.000908
2 0.451828 0.000732
3 0.167616 33
3 0.098475 23
2 0.03554 0.0009
1 0.197806
2 0.549824 0.000393
4 0.248507 0.248549
0 0.225238 aqigz
3 0.474985 17
3 0.197814 1
1 0.29629
4 0.45207 0.452105
0 0.319431 jeufa
3 0.474812 32
2 0.919404 0.000114
0 0.695878 yudsm
1 0.965484
0 0.142334 wisvw
1 0.179824
3 0.533643 11
1 0.479447
0 0.753971 jdbnr
3 0.64598 29
1 0.032867
0 0.064395 wzemg
4 0.215655 0.215742
2 0.364726 0.000151
2 0.674439 9.7e-05
4 0.035227 0.035274
3 0.214143 26
1 0.376475
3 0.34103 41
1 0.186034
1 0.582636
3 0.334422 27
4 0.550077 0.550142
3 0.431155 18
0 0.105595 bmwrn
0 0.736495 wdqyt
3 0.145614 5
1 0.318987
1 0.544086
4 0.272098 0.272115
3 0.630818 35
1 0.289292
3 0.003906 39
3 0.107157 34
2 0.424552 0.000108
2 0.180712 0.000989
0 0.493925 dfstu
3 0.822418 17
3 0.178085 45
4 0.890121 0.890172
3 0.182084 19
2 0.997327 0.000304
1 0.264787
1 0.578046
3 0.863347 37
0 0.630525 phvdf
2 0.404426 0.000461
2 0.806987 0.000934
1 0.498841
0 0.17633 nchvp
1 0.035898
0 0.503069 mbqub
1 0.739702
0 0.248794 mnvqw
3 0.031177 43
1 0.73666
3 0.807275 49
4 0.961948 0.961949
2 0.211019 0.000583
3 0.84783 4
2 0.180677 0.000982
0 0.17707 lfnzs
2 0.750832 0.000582
0 0.940621 cknyf
2 0.907734 0.000695
0 0.182265 lqipa
2 0.260846 7.8e-05
4 0.21561 0.215653
1 0.935265
2 0.49011 0.000449
4 0.094701 0.094759
0 0.652558 qhgzq
1 0.350078
0 0.161983 lrjpd
2 0.243959 0.000792
2 0.180377 0.000388
0 0.085425 xbbjg
4 0.910385 0.910426
4 0.470678 0.470719
1 0.149724
4 0.183025 0.183095
0 0.134216 okxjk
3 0.974842 42
1 0.931354
4 0.156625 0.156706
3 0.035262 38
2 0.053764 0.000516
3 0.055236 42
3 0.596073 4
3 0.423895 16
4 0.630976 0.631015
2 0.662036 0.000881
2 0.783957 0.000235
1 0.456934
4 0.807177 0.807263
2 0.630929 0.000376
4 0.12901 0.129074
4 0.553435 0.553472
3 0.982195 35
1 0.545171
2 0.875479 8.2e-05
0 0.829805 vztzp
2 0.706504 0.000691
1 0.739116
0 0.687362 zruiv
4 0.033569 0.033653
0 0.929877 pstri
3 0.818746 2
4 0.794139 0.794169
2 0.608053 0.000386
1 0.736624
3 0.2467 17
3 0.246509 23
2 0.016708 0.000373
1 0.497544
0 0.582708 zagvd
4 0.700347 0.700441
1 0.233636
4 0.969787 0.969804
0 0.874642 wumei
4 0.035443 0.035479
2 0.914809 0.000772
3 0.302074 7
2 0.194631 0.000375
4 0.422287 0.422333
3 0.475187 33
0 0.713369 gforz
0 0.192261 tgdra
4 0.600753 0.600804
2 0.419179 0.00061
4 0.631109 0.631159
2 0.399399 0.000883
2 0.536151 0.000868
4 0.249521 0.249533
3 0.953813 43
2 0.475687 0.000336
2 0.080845 0.000467
1 0.19795
4 0.965844 0.965874
1 0.808415
0 0.035626 sgirk
1 0.550155
0 0.175563 zqmub
0 0.878428 qrzxx
1 0.28686
2 0.58244 0.000703
3 0.578719 0
2 0.315522 0.000832
0 0.588476 bwkax
4 0.311257 0.3113
0 0.87491 bcwxm
1 0.737262
0 0.07725 yubat
4 0.905522 0.905547
4 0.010351 0.010359
3 0.18261 1
1 0.849464
1 0.98884
0 0.066585 xqztm
3 0.835066 8
0 0.182597 chrvs
0 0.868574 dirxh
2 0.555506 0.000869
1 0.060698
1 0.376051
3 0.875204 26
2 0.819716 0.000784
2 0.666064 8.5e-05
4 0.102412 0.102439
3 0.960635 45
0 0.875132 yfley
0 0.474141 pcqst
3 0.663413 45
3 0.483129 29
0 0.665545 reydr
0 0.03337 wuhjo
1 0.415053
0 0.630169 yspho
1 0.581853
3 0.795249 35
4 0.180472 0.180473
0 0.855663 ndbgb
3 0.782502 48
0 0.052547 wiagl
0 0.689964 sioho
4 0.094455 0.094552
2 0.571979 0.000688
2 0.14688 0.000176
4 0.054617 0.05464
4 0.837119 0.83719
2 0.03351 0.000462
2 0.763636 1.7e-05
1 0.841712
2 0.301221 0.000994
0 0.914932 dbttl
3 0.631141 25
1 0.858637
0 0.69009 otfrp
2 0.02659 0.000819
3 0.359959 32
2 0.736495 0.000774
2 0.377083 0.000549
1 0.157192
1 0.937737
1 0.512663
0 0.630868 ccoui
1 0.747314
2 0.973573 0.000485
2 0.849885 0.000119
4 0.749249 0.749323
1 0.58195
3 0.528709 21
1 0.466446
3 0.010996 4
1 0.583674
1 0.582228
4 0.483341 0.483379
0 0.61472 mvazy
1 0.173498
0 0.969875 gwcdp
3 0.032991 19
2 0.389803 0.00037
1 0.752598
2 0.71892 0.000291
2 0.442232 1.1e-05
1 0.094875
4 0.478782 0.478869
1 0.120656
2 0.657935 0.000806
1 0.171709
3 0.182461 40
3 0.441222 12
4 0.710172 0.710263
1 0.462463
4 0.694353 0.694427
2 0.474862 0.000679
3 0.034857 16
0 0.671865 vxiae
2 0.64754 0.000431
1 0.567133
1 0.736879
2 0.634587 0.000977
0 0.553398 nxgkv
2 0.845097 6.7e-05
0 0.809315 wymoy
0 0.035514 sjggz
1 0.563551
4 0.335855 0.335936
0 0.889253 ubhgc
1 0.030078
2 0.875548 0.000332
0 0.059013 mybtv
3 0.563246 23
4 0.947316 0.947405
0 0.417866 qrqoo
1 0.875143
0 0.639712 sietb
0 0.841632 unthp
2 0.120807 0.000975
1 0.584476
4 0.09449 0.094502
2 0.592709 0.000116
3 0.832003 0
2 0.190411 0.000815
2 0.095756 0.000625
1 0.630608
0 0.404803 uuxyw
0 7e-05 ieaeo
0 0.48551 zdqgf
2 0.885384 0.000944
2 0.182517 0.000927
0 0.614962 yribq
0 0.141263 ltbln
4 0.239874 0.239907
4 0.586491 0.586503
1 0.035498
0 0.752485 qyejt
4 0.84308 0.843146
0 0.806432 smvdb
2 0.841787 0.000436
2 0.179979 2.7e-05
3 0.967638 9
0 0.621179 ztsoa
4 0.928691 0.928726
3 0.288123 2
0 0.475514 hwhqp
2 0.993856 0.00062
2 0.063434 0.000647
3 0.547424 8
3 0.684955 38
3 0.035688 48
4 0.091344 0.091402
2 0.792998 0.000684
0 0.010446 oukqn
0 0.94665 rndxe
4 0.7363 0.736373
4 0.348923 0.349019
2 0.539432 0.000946
2 0.147128 0.000405
1 0.940127
4 0.736227 0.736257
2 0.559516 0.000328
4 0.022518 0.022601
2 0.76252 0.000776
4 0.143674 0.143767
4 0.033761 0.03384
0 0.900376 ulgdf
1 0.36897
4 0.421968 0.422063
3 0.505498 22
2 0.474889 0.000162
4 0.587622 0.587712
3 0.247649 33
4 0.091953 0.091955
0 0.801532 loldl
3 0.875616 12
2 0.200604 0.000428
3 0.421079 10
2 0.143726 0.000762
1 0.340167
2 0.475173 0.000331
1 0.235691
0 0.311886 tyfcl
2 0.116208 0.000394
4 0.997269 0.997327
3 0.631169 3
1 0.39294
1 0.038661
1 0.13555
3 0.607394 19
4 0.094405 0.09442
1 0.83505
2 0.04696 0.000872
3 0.518835 32
4 0.477604 0.477606
2 0.033069 0.000636
3 0.160752 26
1 0.199413
0 0.882166 xzrjh
4 0.977774 0.977841
0 0.183025 nnsia
4 0.039887 0.039919
3 0.855815 38
4 0.3234 0.323443
3 0.070016 6
0 0.094208 iqihj
2 0.610853 0.000722
3 0.473836 23
2 0.372006 0.000308
2 0.264132 0.000195
4 0.094008 0.094055
2 0.747621 0.000177
0 0.746929 tqfkg
3 0.104442 17
1 0.749539
0 0.18285 skodw
1 0.998475
0 0.277792 rrfor
3 0.161081 2
2 0.860097 0.000904
4 0.182499 0.182501
2 0.480348 0.000774
2 0.217978 0.000583
3 0.547101 47
3 0.041632 46
4 0.180316 0.180318
1 0.192867
0 0.545399 jovjs
2 0.818432 0.000162
4 0.445586 0.4456
0 0.87511 ozgwa
3 0.644389 8
0 0.611581 hhiqy
3 0.072041 47
1 0.318791
0 0.875452 vfjek
0 0.947992 ozlzx
2 0.577606 0.0008
0 0.189188 mfscy
3 0.150809 45
4 0.736495 0.736571
2 0.310685 0.000339
4 0.362122 0.362136
4 0.826467 0.826553
4 0.218116 0.218167
3 0.47555 35
2 0.58979 0.000362
0 0.668557 wlumg
4 0.666582 0.666609
2 0.575555 0.000564
3 0.631226 0
0 0.217491 ziwxb
1 0.115798
4 0.765349 0.765389
3 0.981399 47
3 0.87505 23
0 0.863726 zormi
2 0.537205 2.6e-05
2 0.87871 0.000869
4 0.438332 0.438343
0 0.875537 kaohr
3 0.643094 33
4 0.840238 0.840297
4 0.220316 0.220377
3 0.175949 28
1 0.094325
3 0.667073 41
2 0.912684 0.000322
0 0.766599 ufwuq
4 0.405943 0.406013
4 0.032886 0.032932
1 0.439385
4 0.005825 0.005838
1 0.887846
3 0.32463 44
3 0.736944 40
4 0.187463 0.187554
2 0.185881 0.000258
2 0.795757 0.000839
0 0.048728 rrcft
0 0.631463 tlpsl
3 0.652272 19
0 0.054545 idjyx
0 0.290963 atqyx
0 0.158074 kprcc
2 0.035801 6.5e-05
0 0.953487 yukro
4 0.897154 0.897193
1 0.3266
2 0.406089 0.000335
2 0.179815 0.000149
1 0.46043
0 0.239659 hwzik
4 0.733905 0.733937
3 0.787105 17
1 0.475124
4 0.891487 0.891551
4 0.343469 0.343522
0 0.051803 pmpur
0 0.973535 pbrta
0 0.631302 jqabu
0 0.266894 pjmej
0 0.686483 afgoq
4 0.887921 0.888019
4 0.80918 0.809203
1 0.033624
0 0.999797 dwvug
1 0.462852
4 0.505725 0.505739
2 0.267331 0.00053
1 0.875686
3 0.823709 40
1 0.590307
4 0.172818 0.172848
0 0.79345 kgbcl
0 0.094774 hambl
2 0.137797 0.000613
0 0.734889 fxepe
0 0.648628 pligv
1 0.097759
2 0.736272 0.000462
0 0.680093 svdjv
2 0.596819 0.000948
3 0.331708 8
1 0.025962
2 0.094735 0.000633
0 0.506415 bipjs
1 0.641017
4 0.005453 0.005552
4 0.077656 0.077754
4 0.475283 0.475364
2 0.981556 0.000489
3 0.007518 18
3 0.57502 23
1 0.373233
0 0.875826 cfikw
2 0.642043 0.000526
0 0.482041 bjodc
2 0.711931 0.000158
1 0.686512
1 0.179802
4 0.248594 0.248676
2 0.671268 0.000888
1 0.053194
3 0.308166 37
0 0.180254 emnqj
3 0.814015 8
4 0.697173 0.697229
1 0.104202
3 0.095789 1
4 0.736071 0.736074
3 0.7076 47
4 0.015766 0.0158
4 0.961351 0.961366
2 0.10566 8.9e-05
0 0.035599 wvpfy
0 0.149817 vfmqf
2 0.831046 0.000892
3 0.054998 41
2 0.587116 0.000776
1 0.180233
4 0.560207 0.560213
0 0.459628 bwpdy
0 0.248781 ynadg
3 0.706817 21
1 0.094653
0 0.90284 hblpd
2 0.428301 0.000841
0 0.887929 deici
3 0.239287 33
0 0.094622 zdvof
2 0.387827 0.000275
3 0.5852 30
3 0.936942 15
1 0.365243
3 0.874955 42
0 0.689554 cukcj
2 0.68669 0.00066
4 0.449162 0.449237
3 0.006154 4
2 0.094557 0.000159
3 0.240921 26
1 0.122516
4 0.085269 0.085309
0 0.399961 bbcrw
1 0.631162
4 0.683411 0.683475
4 0.689565 0.689583
1 0.634346
3 0.297426 5
1 0.094146
4 0.484393 0.484449
4 0.400706 0.400777
3 0.284524 34
3 0.31573 13
1 0.094356
4 0.663218 0.663315
1 0.866588
4 0.073652 0.073685
2 0.521509 0.000756
1 0.18069
2 0.090273 0.000546
3 0.490979 19
1 0.291855
3 0.4568 35
3 0.630993 36
2 0.31809 0.000734
4 0.70103 0.70106
3 0.613564 2
3 0.82032 25
0 0.736357 qclry
1 0.332013
0 0.481723 jvmvr
0 0.553524 erocx
2 0.113261 0.00029
2 0.63078 0.000783
1 0.033994
4 0.778044 0.778141
2 0.891978 0.00042
1 0.072013
4 0.032889 0.032988
3 0.191548 23
0 0.792805 pjflg
4 0.58306 0.583115
0 0.702719 ltttg
2 0.47577 0.0005
2 0.818127 0.000584
0 0.623505 nsntb
0 0.567622 anjwy
2 0.668682 0.000738
2 0.094554 0.000904
2 0.267343 0.000811
0 0.006195 sbxbf
4 0.83771 0.837741
4 0.799957 0.799999
4 0.630519 0.630562
4 0.319854 0.319931
4 0.428733 0.428783
2 0.790677 0.000726
1 0.750184
1 0.875875
4 0.453995 0.454094
1 0.854821
3 0.864086 3
4 0.180395 0.180442
3 0.736676 27
1 0.088731
1 0.150726
3 0.04755 3
4 0.239903 0.239943
2 0.630773 1.8e-05
2 0.072399 0.000394
0 0.849164 jxpwo
4 0.265189 0.265219
1 0.784843
4 0.630535 0.630535
1 0.980612
0 0.020022 qucvr
4 0.814952 0.814976
3 0.867346 9
4 0.180575 0.180632
2 0.466816 0.000947
0 0.473597 wijds
3 0.251179 6
4 0.271201 0.271275
4 0.033699 0.03376
1 0.744312
1 0.278907
4 0.180535 0.180573
1 0.042709
0 0.033357 dbwtx
4 0.349111 0.349133
0 0.936269 vanaj
2 0.692116 0.000608
0 0.952781 opfac
3 0.179853 3
4 0.376238 0.376318
1 0.151507
1 0.304897
0 0.149554 pvbzv
2 0.182598 0.000281
4 0.844337 0.844345
0 0.601394 nqlhn
4 0.753001 0.753062
2 0.351582 0.000602
4 0.093976 0.093995
2 0.324638 0.000779
2 0.538173 0.000218
0 0.124964 txmxu
0 0.337857 azsni
1 0.094215
4 0.972616 0.972678
0 0.22882 csfzs
2 0.926571 6.9e-05
2 0.051535 0.000195
4 0.475288 0.475344
1 0.211352
3 0.854253 1
1 0.021969
3 0.283918 4
3 0.033253 7
2 0.409461 0.000216
0 0.439312 gahdg
3 0.697172 40
2 0.539026 0.000298
4 0.035888 0.035969
2 0.891678 0.000436
2 0.284284 0.000726
4 0.369253 0.369269
3 0.517982 28
4 0.09396 0.093964
2 0.859178 0.000339
2 0.55635 0.000329
2 0.611728 0.000979
3 0.878458 30
2 0.180143 0.000428
2 0.950026 0.000506
3 0.835631 23
1 0.353613
3 0.701198 23
2 0.475613 0.000406
3 0.407433 8
4 0.77998 0.780017
3 0.167983 45
1 0.942047
4 0.474854 0.474924
1 0.874573
4 0.393447 0.393495
2 0.263413 0.000453
0 0.672136 ssnes
1 0.475524
1 0.858496
1 0.751232
3 0.105079 29
2 0.34408 6.9e-05
1 0.73615
1 0.768684
2 0.772919 0.000449
1 0.082779
2 0.709433 0.00022
0 0.033006 vsizs
1 0.177608
4 0.517875 0.517963
3 0.378307 9
0 0.66811 fwcwc
2 0.094699 0.000969
3 0.062341 26
4 0.438111 0.43818
4 0.696189 0.696239
0 0.329114 rodts
1 0.033711
0 0.634654 vraom
3 0.835388 20
0 0.778566 qzkyb
1 0.653214
0 0.180443 xaayj
2 0.018706 0.000507
4 0.169712 0.169751
0 0.152949 dqlds
4 0.15054 0.150593
0 0.033181 admgo
0 0.781122 hvpby
2 0.34291 0.000772
0 0.761501 mnebi
0 0.101798 jszlq
4 0.87498 0.875014
4 0.352898 0.352932
3 0.32029 3
4 0.077694 0.07772
4 0.936956 0.937007
1 0.036056
1 0.640398
4 0.150256 0.150352
3 0.454507 48
2 0.252663 0.000829
1 0.736301
3 0.336912 21
0 0.822667 uowto
2 0.76797 0.000256
3 0.821199 4
3 0.179887 4
0 0.263034 czatp
1 0.82704
2 0.826624 0.000952
3 0.950419 22
3 0.03358 9
0 0.927039 zrsnv
3 0.075231 29
4 0.062501 0.062515
2 0.335138 0.00053
2 0.036099 0.000252
2 0.639224 0.000198
1 0.142196
3 0.612009 14
3 0.935068 31
4 0.63061 0.630666
1 0.42187
0 0.631861 ihxfn
2 0.930351 0.000864
0 0.889271 blfdn
4 0.475745 0.475752
2 0.210892 0.000102
3 0.157328 39
1 0.579262
1 0.991701
3 0.475437 43
4 0.597059 0.597105
3 0.495821 19
4 0.87156 0.871577
3 0.191047 11
1 0.035722
4 0.342563 0.34266
4 0.016244 0.016332
0 0.595506 ffpwt
1 0.859217
2 0.475298 0.000533
2 0.152423 0.000202
0 0.859822 bwnjz
0 0.10715 whgei
2 0.643026 0.00087
3 0.875224 15
1 0.66738
0 0.295769 orehr
1 0.372382
0 0.839437 ltabn
1 0.87537
1 0.610533
3 0.226406 33
2 0.972622 0.00095
4 0.987528 0.98761
4 0.180431 0.180524
4 0.766285 0.766344
2 0.335035 0.000349
3 0.910176 21
1 0.129353
0 0.180266 osilq
2 0.374768 0.000328
4 0.362296 0.362306
3 0.161945 10
4 0.44249 0.44252
1 0.875585
0 0.906459 elvyo
4 0.885771 0.88586
2 0.593164 0.000887
3 0.564542 27
1 0.036153
3 0.162846 21
0 0.261852 riztl
1 0.479913
2 0.987027 0.000687
4 0.180305 0.180322
2 0.111791 0.000575
4 0.368618 0.368619
4 0.785841 0.785916
2 0.948688 0.000498
2 0.182192 0.000684
2 0.436463 0.000857
2 0.014236 0.000237
1 0.605817
1 0.322941
3 0.179866 36
1 0.262235
2 0.076269 0.000579
3 0.681497 8
1 0.284995
2 0.475269 6.5e-05
1 0.951298
2 0.423068 0.000886
1 0.793146
3 0.266687 37
1 0.094849
4 0.86792 0.868007
1 0.426527
3 0.037557 26
0 0.552065 ohgxm
2 0.180586 0.000513
3 0.852344 9
2 0.119032 9.8e-05
0 0.540958 kqxxy
3 0.779182 15
0 0.094233 ludxm
2 0.238378 8.4e-05
0 0.801211 yieiz
0 0.935058 vecwh
0 0.177441 flwfl
2 0.736983 0.000577
0 0.826951 rkuoa
0 0.941375 ilvev
0 0.422677 akfjn
0 0.291521 nuwdy
2 0.033626 0.000134
0 0.052779 kpmpu
0 0.964101 figvg
1 0.883131
4 0.251795 0.251802
4 0.736937 0.737017
1 0.163567
2 0.636946 0.000446
2 0.03908 0.000243
1 0.422602
4 0.180434 0.180434
1 0.408075
2 0.282669 0.000371
4 0.27822 0.278223
0 0.046367 hetzi
0 0.179978 jjjga
4 0.094309 0.094335
2 0.868419 0.000359
4 0.122983 0.123017
3 0.405652 7
3 0.094063 44
2 0.42081 0.00098
2 0.453753 0.000695
3 0.650264 22
2 0.251924 0.00077
4 0.035933 0.035987
0 0.356525 jnsjv
3 0.144456 10
0 0.134821 eamwy
2 0.337712 6.2e-05
2 0.875746 0.000252
1 0.208284
3 0.400127 40
2 0.700757 0.000915
2 0.575898 0.000424
1 0.182545
3 0.568379 26
4 0.965765 0.965789
3 0.71578 11
0 0.959194 twslv
2 0.631289 0.00073
0 0.677926 qamae
2 0.104063 0.000289
1 0.672442
0 0.356145 odyff
0 0.18239 elkiy
4 0.364623 0.364672
4 0.042549 0.042644
4 0.812726 0.812795
4 0.671518 0.67155
0 0.631031 bvfvv
4 0.078893 0.078907
0 0.465593 wvzri
3 0.840863 17
0 0.883412 nlewu
4 0.033461 0.033558
1 0.884037
4 0.092797 0.092852
1 0.265001
3 0.434678 29
1 0.179866
0 0.7043 fitfk
3 0.320745 18
0 0.686392 cfktd
1 0.926817
3 0.094164 27
2 0.018264 0.000208
0 0.025375 vrlid
0 0.632659 jmexf
0 0.503737 fsvcm
3 0.631445 39
2 0.034201 6.1e-05
4 0.26341 0.263488
4 0.102701 0.102758
1 0.12994
3 0.035586 34
1 0.654752
4 0.580161 0.580202
4 0.077717 0.077727
4 0.131562 0.13162
1 0.094632
0 0.366536 ouaaj
4 0.293003 0.293076
1 0.633811
1 0.690595
3 0.035501 46
4 0.833515 0.833558
3 0.240726 37
3 0.513736 1
0 0.846071 tbvrr
4 0.180521 0.180607
3 0.628931 22
3 0.100149 45
1 0.742472
3 0.396997 37
1 0.736899
1 0.363154
2 0.873781 0.000577
4 0.892189 0.892277
0 0.540152 snggt
4 0.035208 0.035267
3 0.596276 2
2 0.200869 0.00045
1 0.226206
1 0.464954
4 0.033726 0.033791
2 0.624547 6e-06
0 0.462603 nrjyj
3 0.367885 41
4 0.286266 0.286268
2 0.736532 0.000764
0 0.105398 igmou
0 0.711971 kccfp
3 0.166201 48
4 0.514382 0.514461
2 0.094538 0.000238
0 0.525273 jmasc
2 0.05857 0.000667
4 0.054678 0.054759
1 0.283001
2 0.179955 0.000671
3 0.747403 19
4 0.778137 0.778187
3 0.693109 23
2 0.894347 0.00045
0 0.094209 goafg
3 0.356681 21
0 0.156034 wwogr
0 0.514693 eyngx
0 0.428713 utfbk
2 0.179773 0.000274
3 0.66871 25
1 0.984933
2 0.46562 0.000668
4 0.757527 0.757533
0 0.180071 jhmxd
1 0.541069
4 0.386486 0.386486
4 0.188483 0.188546
2 0.097855 0.000637
2 0.875185 0.000498
1 0.43125
1 0.418203
4 0.828125 0.828208
3 0.248425 1
4 0.182663 0.182746
0 0.945691 nzlmt
1 0.093472
1 0.925296
4 0.828923 0.828983
4 0.475184 0.475224
2 0.851526 6.5e-05
0 0.573787 kuxlu
4 0.816137 0.816168
2 0.670586 0.000899
1 0.036118
1 0.917409
0 0.936612 vulyv
1 0.862398
2 0.166034 0.000815
4 0.474812 0.474906
1 0.771426
1 0.228248
2 0.456478 0.000186
3 0.767111 10
4 0.033584 0.03367
0 0.877054 npefu
4 0.225028 0.225052
4 0.590865 0.59091
4 0.57189 0.571982
0 0.630798 stqod
0 0.347326 evqua
2 0.922258 0.000833
3 0.553748 42
4 0.351272 0.35129
4 0.875621 0.875682
0 0.831031 ucegw
2 0.887285 0.000229
3 0.234611 35
4 0.704575 0.704587
2 0.180706 0.000271
4 0.111912 0.111955
4 0.544088 0.544152
4 0.031802 0.03188
4 0.379185 0.379209
4 0.875168 0.875256
4 0.274842 0.27487
2 0.075478 0.000783
3 0.997742 12
2 0.842265 0.000822
0 0.033512 lqzqj
2 0.872674 0.00066
2 0.49225 0.000489
3 0.359485 3
2 0.630356 0.000297
0 0.736698 nzxqf
1 0.992419
2 0.495589 0.00042
3 0.113242 8
1 0.472223
2 0.630952 2.8e-05
2 0.285155 0.000513
2 0.890019 0.000221
0 0.357911 xdthw
3 0.329047 11
0 0.736904 ycveo
4 0.54915 0.549169
0 0.99663 nmjsn
1 0.194734
2 0.562419 0.000498
4 0.094442 0.094529
4 0.056123 0.056202
2 0.300758 6e-05
0 0.486848 atqck
0 0.30817 cnonc
1 0.630631
3 0.202406 43
1 0.12527
0 0.39751 aivmv
0 0.215526 plowu
3 0.036136 2
0 0.353942 pksbe
1 0.750291
0 0.017324 tdvff
4 0.203301 0.203392
1 0.094842
1 0.644515
3 0.431882 10
4 0.258839 0.258901
0 0.129133 snvbb
2 0.736322 0.000228
4 0.575134 0.575205
4 0.68001 0.680034
0 0.730637 kpdhc
0 0.959459 tzotc
4 0.03292 0.032953
3 0.254032 0
0 0.414331 gfhkm
2 0.228775 0.000338
1 0.938931
4 0.182306 0.182311
0 0.16852 faxle
3 0.758194 14
4 0.550889 0.550937
4 0.113769 0.113848
4 0.631243 0.631339
1 0.745897
1 0.510044
4 0.412306 0.41232
0 0.516922 xsqkn
1 0.094921
3 0.061309 30
3 0.999857 19
4 0.869089 0.869129
0 0.244137 yqtgu
0 0.033739 hbuqr
1 0.296179
0 0.55595 ziaof
0 0.25049 xndkc
1 0.165973
1 0.737017
4 0.846026 0.84604
0 0.212509 uavet
1 0.989821
1 0.707209
2 0.094066 0.000377
2 0.647155 0.000209
3 0.577766 17
4 0.743739 0.743787
3 0.923677 42
2 0.475117 0.000565
1 0.96415
2 0.09726 0.000807
3 0.087081 13
2 0.02982 0.000982
4 0.094823 0.094887
1 0.472156
0 0.532538 clppy
1 0.080863
4 0.95419 0.954283
4 0.179903 0.179904
3 0.578916 20
4 0.32825 0.328332
1 0.632962
0 0.302195 colca
3 0.475236 47
0 0.137503 liyvb
2 0.706418 0.000431
0 0.853372 smmeb
1 0.485912
0 0.033499 mtojr
4 0.081156 0.081195
0 0.735011 ezxrp
4 0.104301 0.104329
1 0.474025
0 0.736966 osxsm
3 0.892841 15
0 0.028549 bbhfo
2 0.215182 3.4e-05
4 0.096713 0.096744
1 0.182879
2 0.751234 0.000508
1 0.757312
4 0.485724 0.485726
1 0.282309
2 0.180311 0.00053
1 0.893168
0 0.829757 dkuir
0 0.217965 pjqlc
0 0.942445 zdtjp
1 0.630677
4 0.314529 0.314543
4 0.03458 0.034614
2 0.380689 0.000703
1 0.571515
0 0.631394 uyxdn
0 0.717492 pptnk
0 0.679758 leyfx
4 0.794233 0.794302
1 0.174922
4 0.033543 0.033638
1 0.463601
2 0.157127 0.000206
4 0.9826 0.982689
3 0.087316 12
1 0.736314
1 0.658377
4 0.22143 0.221459
4 0.163739 0.163753
0 0.784132 nfshd
4 0.180674 0.180766
3 0.140402 42
2 0.358727 0.000408
2 0.027006 0.000136
4 0.610649 0.610723
3 0.630531 15
3 0.878672 38
0 0.298561 dcsup
0 0.980542 enuot
3 0.633871 3
2 0.182243 0.000526
0 0.79923 fkote
2 0.916396 0.000702
1 0.044231
3 0.140466 43
2 0.474918 0.000522
4 0.928922 0.928986
4 0.562793 0.56286
1 0.740022
3 0.724783 49
0 0.035328 brcht
4 0.009543 0.009621
3 0.666362 23
2 0.936434 1e-05
3 0.157956 32
2 0.035727 0.00074
3 0.92357 48
1 0.451471
4 0.406891 0.406904
0 0.912896 esxto
4 0.035447 0.035517
2 0.942278 0.00085
0 0.77876 joqvw
2 0.736371 0.000928
0 0.187842 ulrou
4 0.18243 0.182526
3 0.064982 21
1 0.63625
3 0.088788 31
3 0.171353 41
1 0.474985
2 0.590284 0.000569
0 0.910531 zxhme
3 0.307447 14
3 0.083187 12
3 0.875802 20
2 0.208035 0.000301
3 0.895741 45
1 0.801384
2 0.886669 0.000408
4 0.18046 0.180527
2 0.65313 7e-06
0 0.47693 evtmd
4 0.947019 0.94704
2 0.064299 0.000108
0 0.182754 wyvft
1 0.348807
0 0.678908 zlacg
3 0.968279 4
3 0.044748 38
4 0.182519 0.182571
3 0.859586 19
0 0.138787 yjnzo
4 0.823735 0.823786
1 0.018995
3 0.63074 36
4 0.165898 0.165938
4 0.726998 0.727028
1 0.512738
0 0.652288 lwcei
4 0.033602 0.033657
2 0.404458 0.000442
1 0.241236
2 0.450326 0.000488
0 0.647945 yfbta
1 0.182974
4 0.015427 0.015453
0 0.043654 ragfo
2 0.285843 0.000588
2 0.303285 0.000644
0 0.094223 asizy
4 0.329474 0.329477
3 0.692613 37
3 0.224392 14
0 0.784398 czylw
0 0.630867 mjhyi
0 0.665425 qnbzl
3 0.124417 46
3 0.512356 26
1 0.326822
1 0.182483
3 0.627624 20
0 0.368112 plwgk
1 0.867433
0 0.526217 vwsfj
4 0.875751 0.875775
0 0.806895 ctffa
2 0.614453 5.2e-05
4 0.982566 0.982605
1 0.427156
0 0.180626 nimtc
1 0.932717
0 0.69218 jqouv
0 0.458815 wnzko
0 0.373568 dsszw
3 0.630644 33
4 0.661823 0.661918
2 0.110892 0.00079
2 0.298576 0.00083
4 0.987052 0.98707
4 0.875415 0.875481
3 0.870794 16
3 0.93135 9
4 0.419063 0.419155
3 0.743779 1
1 0.180582
0 0.914504 brewn
2 0.045349 5.1e-05
3 0.007568 7
2 0.364087 0.000917
3 0.736994 15
2 0.594386 0.000607
0 0.338165 imobe
2 0.291184 0.000943
3 0.977153 43
3 0.875836 6
3 0.601138 30
2 0.334056 0.00015
0 0.355601 gptmb
0 0.788377 dbnvm
2 0.736587 4.4e-05
3 0.909007 38
4 0.521415 0.521468
2 0.474297 0.000855
0 0.638447 zjngx
2 0.180614 0.00041
3 0.291121 33
1 0.887223
2 0.127292 0.00027
2 0.780336 0.000195
1 0.182373
0 0.600393 ershg
0 0.6207 thjzq
1 0.904065
0 0.589167 elggw
2 0.03307 0.000168
4 0.313608 0.313659
4 0.914002 0.914033
2 0.6505 0.000258
2 0.846 0.000311
0 0.630779 mwlmj
2 0.483202 0.000804
0 0.540484 vqanf
1 0.416633
0 0.177323 lnvzv
4 0.09483 0.094928
0 0.327558 fblrf
1 0.922139
3 0.356068 23
2 0.357737 7.7e-05
4 0.875191 0.875261
4 0.088623 0.088716
1 0.102462
0 0.107787 ghlbn
2 0.434521 0.000695
2 0.875437 0.000598
4 0.868599 0.86862
2 0.742688 0.000651
3 0.757967 25
2 0.067637 0.000326
0 0.875599 btxps
1 0.189937
2 0.414717 0.000984
1 0.288176
3 0.284402 24
3 0.475189 43
3 0.663725 10
0 0.392684 rvkja
3 0.811843 21
3 0.49862 16
4 0.180322 0.180416
2 0.695745 0.000523
1 0.779519
3 0.476441 16
0 0.404834 sujiz
4 0.094764 0.094777
2 0.305677 0.000284
2 0.320649 0.000402
1 0.525559
3 0.687067 6
2 0.094871 0.00021
4 0.574025 0.574082
1 0.507441
3 0.231707 23
2 0.940973 0.000467
4 0.182054 0.182066
0 0.459525 nokaq
2 0.272528 0.000555
3 0.621782 46
3 0.598901 21
3 0.182596 47
1 0.918775
1 0.00637
1 0.944068
3 0.740077 45
3 0.182901 37
1 0.091387
2 0.541659 0.000169
1 0.515905
2 0.385212 0.00026
4 0.03339 0.0334
2 0.736655 0.000518
2 0.803301 0.000587
2 0.05973 0.000884
2 0.258748 0.000554
2 0.180349 0.000877
2 0.620118 0.000568
4 0.44854 0.448573
4 0.306729 0.306793
2 0.942744 3.2e-05
2 0.182262 0.000312
3 0.120951 46
1 0.379699
0 0.58985 dngja
4 0.023884 0.023962
2 0.18258 8.5e-05
3 0.331283 17
0 0.112489 zmgcj
1 0.879435
1 0.970075
3 0.033476 10
2 0.274928 0.000689
3 0.815164 19
0 0.520885 cymba
0 0.726019 xiklb
1 0.179782
1 0.665579
3 0.464811 9
1 0.608973
1 0.059801
3 0.094012 3
3 0.453423 24
0 0.661399 avvqi
2 0.587252 0.000425
3 0.082754 4
