0 0.891547 maiyw
4 0.006929 0.006971
1 0.023065
0 0.521427 trzdr
0 0.166187 fyzeg
4 0.167268 0.16728
4 0.690017 0.690107
3 0.253728 34
2 0.480926 0.000198
4 0.487855 0.487947
2 0.16789 2.4e-05
4 0.865329 0.86534
2 0.837734 0.00095
0 0.584239 wgwyq
3 0.636313 5
0 0.197001 khvyv
4 0.012867 0.012874
2 0.040139 0.000892
1 0.098515
3 0.451785 28
3 0.488353 11
2 0.205218 0.000737
1 0.789206
0 0.990214 spfsr
0 0.665012 qkvwd
3 0.81119 12
3 0.893238 49
4 0.165576 0.165647
3 0.470426 34
2 0.675644 0.000671
3 0.25467 16
0 0.995509 wfbrh
3 0.592715 12
4 0.343438 0.34344
1 0.709028
1 0.489281
2 0.786669 0.000104
2 0.257096 3.9e-05
4 0.449092 0.449154
2 0.430295 0.000761
1 0.690722
0 0.125996 kgifh
0 0.83318 glvhq
1 0.584798
2 0.655951 0.000146
0 0.819342 xngag
1 0.318123
0 0.538682 wcgov
3 0.903536 18
0 0.253068 wkcpz
3 0.690448 34
3 0.804773 7
0 0.014178 svuce
3 0.092736 37
4 0.013664 0.013689
4 0.433553 0.433648
1 0.686621
4 0.267227 0.267282
4 0.576151 0.576187
3 0.641719 17
2 0.521633 0.00052
3 0.61499 42
4 0.474898 0.474902
2 0.083986 0.000941
3 0.614003 18
4 0.047556 0.04757
0 0.734177 zxzuy
1 0.592988
3 0.61104 35
2 0.496685 0.000192
4 0.166823 0.16685
4 0.725993 0.72607
3 0.868286 37
1 0.768605
2 0.464682 0.000471
4 0.715211 0.715282
4 0.698996 0.699042
3 0.261869 34
3 0.389262 22
0 0.885947 oqqau
0 0.521539 heqwq
4 0.734518 0.734518
3 0.449729 21
0 0.665078 eijrq
1 0.979828
0 0.718509 ublfi
2 0.511486 0.000273
0 0.364196 vmqdd
2 0.239774 0.000319
3 0.775798 36
3 0.007642 24
1 0.308274
0 0.916927 oysnn
1 0.940605
0 0.587892 mvzus
2 0.72546 0.000876
1 0.090131
2 0.531436 0.000818
0 0.249304 zhreb
1 0.44712
0 0.481479 xiwby
0 0.662573 fkrny
2 0.319397 0.00021
4 0.850833 0.850913
1 0.61649
2 0.560952 0.000471
0 0.502269 ninbz
4 0.331096 0.331118
2 0.820431 0.000731
2 0.999356 0.000978
3 0.481788 25
2 0.035073 0.000611
3 0.088805 25
3 0.453147 27
1 0.347682
3 0.120645 41
2 0.255097 0.000247
2 0.586194 0.000621
1 0.922977
3 0.283391 33
1 0.690788
4 0.153564 0.153573
4 0.686175 0.686207
4 0.1794 0.179445
2 0.749929 0.000833
1 0.822727
0 0.922843 thghx
3 0.532619 48
1 0.81601
3 0.228099 37
0 0.690601 rurgu
4 0.690961 0.691039
0 0.235794 yxwzw
1 0.859565
3 0.394025 28
4 0.856475 0.85652
0 0.757611 izdga
2 0.010199 0.000402
3 0.590663 13
4 0.797976 0.798068
0 0.02333 yufrq
2 0.732675 0.000892
1 0.105502
4 0.392933 0.392946
1 0.192669
1 0.158505
1 0.991663
2 0.106733 0.000694
0 0.415847 xibda
3 0.719245 16
2 0.690643 0.000936
3 0.36487 25
0 0.02116 neyhk
0 0.273661 hzdcx
4 0.659957 0.659991
2 0.197938 0.000153
0 0.433535 ajyqx
3 0.09953 10
3 0.384276 22
4 0.564839 0.564911
1 0.481463
1 0.75914
1 0.16319
2 0.893582 0.0005
1 0.335319
3 0.084265 21
0 0.074336 ovkft
4 0.54024 0.540279
2 0.715714 0.000433
1 0.407487
1 0.254279
3 0.082259 37
4 0.026037 0.026107
4 0.228148 0.228237
4 0.828765 0.828826
4 0.903102 0.9032
0 0.897726 yckdi
2 0.961282 2.6e-05
0 0.368769 omeex
3 0.169778 40
0 0.166872 rizip
3 0.775553 46
1 0.480881
2 0.715215 0.000449
0 0.734582 vnpyh
2 0.264741 4.8e-05
3 0.038889 28
0 0.355426 pjchu
0 0.453274 jppaj
0 0.134807 khlbc
2 0.167342 0.000315
4 0.710474 0.710535
0 0.510652 rggny
2 0.979819 0.000586
3 0.54538 4
4 0.98274 0.982797
4 0.117547 0.11757
0 0.530746 kmxko
4 0.125668 0.125729
4 0.602529 0.60257
1 0.892546
0 0.320871 trnlf
3 0.014344 29
0 0.596063 mgpws
1 0.539291
0 0.372193 mjofl
3 0.516613 3
3 0.923964 41
0 0.972169 xnens
3 0.072721 15
3 0.007889 28
2 0.839832 0.000419
4 0.728377 0.728429
4 0.096784 0.096833
3 0.010832 15
1 0.924432
1 0.577424
4 0.097001 0.097023
4 0.244207 0.244219
4 0.405758 0.405791
4 0.166493 0.166577
2 0.82584 0.000516
4 0.492799 0.492892
1 0.476203
4 0.206738 0.206771
1 0.891253
1 0.749646
4 0.268291 0.268341
2 0.527665 0.000736
0 0.398477 ouyxz
4 0.89191 0.89192
3 0.015347 9
4 0.570536 0.5706
3 0.777274 47
2 0.184879 0.000915
3 0.200963 6
3 0.830401 22
2 0.220398 0.000701
2 0.016153 0.000416
4 0.975279 0.975346
4 0.891958 0.891978
0 0.742972 ewymi
0 0.303517 tmqpt
0 0.489387 tprbj
0 0.504305 womge
4 0.956861 0.956945
4 0.699834 0.699915
2 0.28757 0.000231
1 0.647708
3 0.503469 11
3 0.892022 45
1 0.738973
3 0.246745 40
3 0.75105 38
0 0.773922 kysbq
3 0.147936 25
0 0.435506 zsyqu
2 0.146036 0.000239
0 0.096511 romqv
1 0.215095
3 0.007906 7
2 0.801053 0.000959
1 0.784266
0 0.268923 qybsi
4 0.194231 0.194231
0 0.693823 bssna
0 0.783613 izwtm
3 0.540776 21
3 0.565736 19
2 0.254983 0.000645
1 0.481177
0 0.691518 cvray
2 0.077267 0.000422
1 0.017349
2 0.325006 0.000879
3 0.288925 47
3 0.829701 20
3 0.911789 42
0 0.166773 drscz
2 0.859785 0.000252
4 0.007425 0.007436
4 0.37827 0.378289
0 0.650657 fggdj
2 0.021756 0.000281
1 0.449897
3 0.572526 20
0 0.613045 tzymb
1 0.97784
4 0.42768 0.427768
3 0.594209 11
2 0.481881 0.000253
3 0.757657 14
2 0.295765 4.5e-05
3 0.745663 19
2 0.878685 8.1e-05
4 0.558218 0.558229
3 0.437376 25
2 0.931568 0.000321
2 0.315256 7.9e-05
3 0.109919 7
1 0.023819
3 0.782221 20
0 0.594339 ihyfg
2 0.186168 0.000754
3 0.437132 2
4 0.934707 0.934728
2 0.516028 0.000718
0 0.76346 iubeg
1 0.402684
0 0.996502 ehfxz
0 0.481161 rarqq
2 0.082621 0.000398
1 0.115002
2 0.394843 0.000462
0 0.998573 aidzl
0 0.311666 oiuib
0 0.153504 btqkb
1 0.534328
4 0.094822 0.094901
2 0.726176 0.000548
1 0.521843
1 0.360921
2 0.020685 0.000433
4 0.332352 0.332404
4 0.267564 0.26761
3 0.649971 2
0 0.214614 uzhhg
1 0.898964
3 0.197363 42
1 0.772206
3 0.521783 27
2 0.505042 0.000412
3 0.353746 16
3 0.62131 12
1 0.787633
4 0.648833 0.64888
0 0.515786 uxykd
0 0.02078 zsnwl
2 0.573094 0.000784
1 0.078136
2 0.166352 0.000202
4 0.50958 0.509613
0 0.182944 czzxs
3 0.414677 45
3 0.401163 26
3 0.310261 15
1 0.227418
4 0.090546 0.090601
0 0.168682 hzruc
3 0.964849 12
3 0.007402 47
1 0.633951
0 0.538865 jruqn
2 0.984242 0.000419
2 0.990923 0.000317
2 0.761853 0.000999
1 0.644881
3 0.203341 10
2 0.16819 0.000925
2 0.832336 0.000856
0 0.166741 eblhj
3 0.115805 34
2 0.443576 0.000696
0 0.861893 fvoca
3 0.796076 42
2 0.964267 0.000269
4 0.312955 0.313032
2 0.974039 0.000873
1 0.414271
2 0.549634 0.000108
4 0.167976 0.168012
3 0.891405 33
3 0.736069 33
3 0.328804 14
3 0.641233 8
0 0.121852 wqjjt
4 0.213229 0.213312
2 0.946364 0.000469
0 0.706788 jbbsh
4 0.930604 0.930684
0 0.168099 gokxa
3 0.120044 33
1 0.6874
4 0.922275 0.922305
2 0.778097 0.000994
4 0.386379 0.386413
2 0.379279 0.000983
4 0.200373 0.200462
0 0.711553 gakgc
3 0.742864 8
0 0.023443 fiuhr
2 0.035285 0.000179
1 0.938016
0 0.539395 qlvrc
2 0.745574 0.000559
0 0.172694 ijvmx
4 0.069708 0.069795
2 0.888269 0.00099
2 0.145457 0.000175
1 0.697094
4 0.0073 0.007319
4 0.434372 0.434383
0 0.101315 inwwh
3 0.672413 31
3 0.374045 7
4 0.258832 0.258891
3 0.014174 28
3 0.024349 29
2 0.169055 0.000155
0 0.518427 iehqv
1 0.166527
2 0.748854 0.000925
0 0.907887 pfmme
1 0.918093
1 0.733336
3 0.714503 18
3 0.883558 23
3 0.918337 0
2 0.387489 0.00044
0 0.957955 xzyhz
3 0.488514 5
0 0.128614 yredc
3 0.790288 18
1 0.673847
1 0.305535
1 0.125942
4 0.496025 0.496107
4 0.970333 0.970401
4 0.319333 0.319418
1 0.319906
0 0.481631 savmw
4 0.815724 0.81577
3 0.333844 37
0 0.348235 crdwc
4 0.068483 0.068492
2 0.662107 0.000542
4 0.517755 0.517755
1 0.026962
3 0.784426 25
3 0.491467 1
2 0.254321 0.000705
1 0.751233
2 0.148706 0.000407
0 0.655588 eyqzr
1 0.981025
2 0.638757 0.000133
3 0.134479 45
3 0.435257 22
3 0.926725 23
1 0.684667
0 0.023936 acedc
0 0.086187 ggtec
2 0.183641 0.000567
0 0.974586 fklzk
0 0.730381 njqgz
2 0.143035 0.000842
3 0.333965 48
4 0.696835 0.69692
0 0.569909 dgrmg
1 0.88304
0 0.521773 pceql
4 0.200122 0.200185
4 0.630894 0.630992
3 0.655409 15
1 0.658128
2 0.083131 0.000446
1 0.146073
2 0.37713 0.000497
4 0.743416 0.743505
4 0.478101 0.478145
2 0.168049 0.000164
1 0.400085
1 0.665199
4 0.632532 0.632629
4 0.287941 0.287953
0 0.94607 xlcos
0 0.485907 tqubp
2 0.198225 0.000277
0 0.576662 locam
3 0.341087 3
2 0.253888 0.000964
2 0.317526 3.3e-05
0 0.426304 eftbo
4 0.600398 0.600479
2 0.314975 0.00021
4 0.891637 0.891658
3 0.697887 17
1 0.169337
1 0.366552
0 0.519583 dkmpz
3 0.487962 18
3 0.380977 34
4 0.981375 0.981392
1 0.812702
2 0.302792 0.000691
0 0.982766 mowpy
1 0.005253
4 0.403067 0.403069
4 0.127035 0.127112
2 0.647438 0.000157
2 0.023544 0.000944
1 0.292206
3 0.62079 10
1 0.923582
1 0.832293
0 0.276881 fbllp
4 0.84455 0.844603
1 0.56066
3 0.359686 4
4 0.538843 0.538851
4 0.488339 0.488424
2 0.423197 2.7e-05
2 0.90989 0.00061
0 0.742184 fhrsw
3 0.162015 0
3 0.31562 6
0 0.59626 llxzc
1 0.524386
0 0.699067 qjosy
2 0.603613 0.000572
3 0.167129 7
0 0.318182 qcwom
1 0.920705
3 0.540928 44
2 0.411693 0.000627
4 0.93755 0.937644
3 0.894353 11
4 0.936065 0.936135
3 0.904637 13
1 0.593304
2 0.690706 0.000688
1 0.480661
2 0.835644 8.4e-05
2 0.153059 1.2e-05
4 0.184562 0.184568
1 0.256803
1 0.785556
1 0.795961
2 0.275832 0.000378
2 0.018962 0.000368
2 0.023526 0.000936
3 0.022502 24
1 0.503163
3 0.740412 48
3 0.893472 12
2 0.594386 0.00067
0 0.851189 mwfrl
1 0.460619
1 0.315004
4 0.457215 0.457239
1 0.023666
0 0.246636 ibzsv
0 0.142605 ydrpq
0 0.423208 zemvs
1 0.141516
0 0.77511 esrnt
1 0.39129
2 0.313147 0.000336
4 0.045929 0.046011
1 0.704886
3 0.4818 12
0 0.231434 pgooa
3 0.872812 18
0 0.471544 axokr
1 0.994918
0 0.181283 nybfd
2 0.288223 0.000617
1 0.282587
0 0.26587 hapsr
2 0.331442 0.000429
2 0.89218 0.000994
3 0.424058 41
3 0.09463 26
2 0.327483 0.000545
0 0.265222 gukpy
2 0.401119 0.000302
2 0.082928 0.000932
0 0.793095 idwcc
0 0.412411 ysswm
2 0.305934 0.000295
3 0.254718 24
1 0.495886
0 0.347633 jrnjf
4 0.28938 0.289437
0 0.145167 fmtrq
2 0.093342 0.000954
4 0.543975 0.544015
4 0.836505 0.836588
3 0.713495 8
0 0.725733 sudej
1 0.023174
2 0.228035 0.000276
4 0.392598 0.392613
0 0.267187 mvddg
3 0.743089 29
2 0.047834 0.000526
2 0.096641 0.00026
2 0.493082 0.000351
1 0.95426
4 0.352621 0.352715
3 0.007745 34
4 0.457383 0.457472
2 0.074367 0.000241
0 0.09558 vprsb
1 0.721973
2 0.499497 0.000585
1 0.508931
3 0.673912 41
3 0.026533 38
3 0.793498 19
0 0.007389 wbwmm
0 0.227733 gluko
2 0.080387 0.000839
3 0.839213 21
1 0.029477
4 0.428099 0.428161
2 0.12236 0.000213
4 0.587437 0.587485
0 0.509897 hwfju
1 0.739375
2 0.488202 0.00061
1 0.597735
1 0.673559
3 0.301572 43
1 0.688887
2 0.038788 0.000139
4 0.921001 0.921064
1 0.876249
0 0.788789 fccve
2 0.458295 0.000815
4 0.023351 0.023421
2 0.928088 0.00023
1 0.22966
3 0.285624 47
2 0.324412 3.9e-05
2 0.761766 0.000502
0 0.154367 nmjkp
1 0.994139
0 0.506156 gjmcw
1 0.395366
1 0.023802
3 0.500188 34
2 0.340953 0.000675
1 0.102719
3 0.140947 36
3 0.774753 30
3 0.220426 41
0 0.593452 ymqpa
2 0.615193 0.000789
4 0.746508 0.746561
1 0.023657
1 0.219495
3 0.758189 14
3 0.899136 2
3 0.190242 34
3 0.410668 26
0 0.00412 hsyhg
4 0.333734 0.333822
3 0.596594 42
1 0.263643
1 0.00706
0 0.96774 npxsv
1 0.924734
4 0.984139 0.984151
4 0.504612 0.504652
1 0.547238
0 0.490768 hbsqv
0 0.928995 ztwkg
3 0.981947 16
1 0.365176
1 0.488357
3 0.955491 14
3 0.976455 4
1 0.040045
1 0.424586
0 0.255053 kraid
3 0.708936 42
0 0.510305 dnyco
0 0.11595 snaey
3 0.348998 14
2 0.89221 0.000449
3 0.81111 5
2 0.994808 0.000709
2 0.220096 0.000101
2 0.730401 0.000294
0 0.673125 mbpmz
1 0.516208
4 0.437819 0.437837
2 0.713033 0.000247
3 0.331586 11
2 0.521912 0.000807
1 0.375194
4 0.047277 0.047373
4 0.294031 0.294073
1 0.483508
1 0.080934
1 0.588839
4 0.670089 0.670188
3 0.624261 19
3 0.337294 17
1 0.891798
2 0.170453 0.000736
1 0.513987
2 0.763375 0.000264
3 0.146786 47
2 0.397932 0.000156
4 0.478866 0.4789
0 0.322993 bkdsj
1 0.261631
4 0.04042 0.040483
4 0.254406 0.254413
3 0.171017 39
1 0.248633
0 0.980032 adtat
3 0.105423 15
3 0.405498 21
2 0.329835 0.000697
0 0.107818 pmvil
1 0.038448
0 0.461839 yulil
3 0.481361 20
4 0.05897 0.059013
4 0.271499 0.271593
3 0.270531 29
2 0.520663 0.000447
0 0.294864 wxbai
3 0.008993 13
0 0.82043 ytkae
0 0.498166 xyhub
0 0.15473 lzpyw
2 0.481222 7e-06
1 0.364646
0 0.059366 lqxlk
4 0.968373 0.968452
0 0.982891 inhln
0 0.878377 kfozg
3 0.904567 4
1 0.509926
1 0.068438
1 0.783544
0 0.521703 oepxt
3 0.364209 25
3 0.604208 27
3 0.482585 23
4 0.817631 0.817701
4 0.806127 0.806216
3 0.509918 15
1 0.578356
3 0.238923 6
3 0.418616 34
1 0.690783
1 0.835779
0 0.772066 txpkx
3 0.259747 5
1 0.317143
4 0.057932 0.057975
2 0.8475 0.00037
4 0.688718 0.688811
0 0.497407 epcyv
1 0.900164
2 0.522173 0.0004
0 0.336033 eiudp
0 0.330266 zuzhy
3 0.280847 34
0 0.294606 lmwfx
0 0.585737 pmqtm
2 0.349186 0.000458
3 0.461318 41
2 0.890594 0.000407
4 0.368213 0.368241
2 0.690766 0.000188
4 0.688707 0.688794
3 0.624436 8
1 0.584701
2 0.294847 0.000534
4 0.308 0.308019
1 0.657186
2 0.857375 0.000504
0 0.633872 iroau
1 0.243217
2 0.254551 0.000358
0 0.114226 mnrra
2 0.942733 0.000123
2 0.828852 0.000344
0 0.307781 gomjx
4 0.600942 0.601017
4 0.869195 0.869288
3 0.015198 2
1 0.333556
2 0.744365 0.000702
4 0.007787 0.00779
4 0.830981 0.831003
3 0.269326 29
4 0.081397 0.081438
3 0.043693 3
2 0.160988 0.000928
4 0.030183 0.030256
2 0.045381 0.000576
1 0.895289
0 0.550421 qwjed
3 0.023352 20
3 0.631867 40
2 0.805708 0.000863
1 0.275261
3 0.487981 41
2 0.518164 0.000767
4 0.563546 0.563641
0 0.975187 fitte
2 0.906145 0.000748
0 0.806017 kizsj
2 0.481081 0.000575
1 0.557136
4 0.28619 0.286243
1 0.426486
1 0.139931
4 0.646738 0.646791
2 0.342621 0.000408
2 0.112101 0.000553
0 0.767163 fnzxm
0 0.851651 pzxgs
0 0.522375 gpjfa
0 0.162021 wevrd
4 0.044848 0.044875
1 0.678231
3 0.090745 18
0 0.942396 oozzo
3 0.815696 41
3 0.769281 40
0 0.379148 eyhnv
2 0.347886 0.000525
3 0.166783 15
4 0.593341 0.593375
4 0.05209 0.052096
4 0.947997 0.948051
2 0.8382 0.000403
3 0.347056 36
4 0.629763 0.629847
2 0.33306 0.000706
1 0.832272
0 0.118442 bshbj
4 0.488535 0.488593
4 0.344687 0.344726
3 0.209393 47
4 0.889796 0.889893
2 0.855832 0.000338
0 0.717369 icryw
2 0.552211 0.000932
3 0.57974 38
1 0.678234
1 0.492777
2 0.48188 0.000571
1 0.782347
0 0.433567 awuli
1 0.278049
1 0.181566
1 0.934485
1 0.111616
3 0.286985 4
3 0.974123 42
4 0.623996 0.624067
1 0.488802
1 0.338518
0 0.627323 vqaxt
1 0.940748
3 0.443765 17
4 0.894602 0.894622
0 0.89765 kckcx
2 0.445528 3.6e-05
1 0.101008
2 0.874753 0.000411
0 0.16676 trfrv
3 0.41424 40
0 0.265941 nqdqw
1 0.63043
4 0.061345 0.06144
0 0.286733 smbqb
3 0.843907 24
1 0.69445
1 0.583676
4 0.202575 0.202617
1 0.023768
3 0.369475 12
0 0.699284 cksfr
1 0.045074
1 0.145374
4 0.306639 0.306655
2 0.150546 4.1e-05
1 0.361349
4 0.770759 0.770777
4 0.186801 0.186881
2 0.167865 0.000351
2 0.356599 0.000635
0 0.466032 onyqz
0 0.102484 fjszn
3 0.391886 32
3 0.678997 3
4 0.865799 0.865834
1 0.456027
0 0.364693 jttdo
2 0.067979 0.000491
2 0.481913 0.000572
0 0.994524 eaaoz
2 0.007908 0.000128
0 0.946418 ymakf
0 0.974036 kmvxb
2 0.607578 2.8e-05
3 0.727776 16
2 0.139513 0.00054
2 0.272406 0.0005
3 0.797184 43
1 0.892066
3 0.660923 36
4 0.467879 0.467977
0 0.516755 hvrpj
4 0.31747 0.317566
2 0.782838 0.000394
1 0.24273
3 0.015467 31
1 0.329003
4 0.437563 0.437631
1 0.00762
0 0.709213 fgqub
4 0.139519 0.139538
0 0.015291 xtwbz
4 0.952861 0.952937
3 0.367444 39
4 0.71192 0.711972
2 0.421337 0.000839
0 0.308028 pmtwr
4 0.384511 0.384569
1 0.521571
3 0.810037 32
4 0.638796 0.63883
3 0.456824 4
2 0.484314 0.000378
3 0.465718 22
0 0.091909 kobqs
0 0.713569 fmeil
0 0.14828 dtbmc
4 0.542199 0.542216
3 0.007461 48
2 0.885356 0.00057
1 0.536886
1 0.352532
2 0.725575 0.000639
1 0.89721
1 0.804836
4 0.904507 0.904551
1 0.263031
3 0.509946 12
1 0.521726
1 0.289777
2 0.132185 2.5e-05
4 0.017541 0.017589
3 0.554428 19
0 0.601467 ewreo
2 0.308057 0.000885
3 0.780389 16
1 0.290335
1 0.090878
3 0.254512 23
1 0.519321
1 0.366796
4 0.077199 0.077243
2 0.43842 0.000576
1 0.525216
3 0.571185 24
1 0.254449
2 0.106663 0.000857
1 0.672932
0 0.52241 xfkrp
4 0.432648 0.432736
2 0.485863 0.000639
1 0.609857
4 0.777144 0.777163
2 0.214545 0.000856
3 0.017971 7
0 0.640987 ftrca
2 0.878955 0.000458
3 0.667819 38
3 0.690635 17
1 0.316257
0 0.415211 rxqcw
3 0.264201 48
0 0.127738 eotlv
4 0.01124 0.011275
4 0.408934 0.408989
2 0.335464 0.00015
1 0.660083
3 0.407004 42
3 0.007614 47
3 0.019262 35
1 0.752811
2 0.9143 0.000698
3 0.019597 5
4 0.539513 0.539558
1 0.000239
1 0.499918
4 0.120496 0.120517
2 0.296931 0.000891
1 0.166514
1 0.441582
1 0.583697
4 0.562964 0.563022
2 0.741546 0.00091
1 0.65739
2 0.738563 0.000466
2 0.598308 0.000729
2 0.899692 0
3 0.020188 21
0 0.023351 ojrgy
2 0.78448 0.000987
1 0.67109
4 0.248604 0.248605
0 0.905994 gxidc
4 0.078197 0.078265
4 0.786265 0.786273
2 0.92744 0.000979
4 0.425078 0.425103
4 0.585044 0.585052
2 0.892216 0.000196
3 0.974663 0
1 0.736716
2 0.510696 0.000331
4 0.712281 0.712288
0 0.790478 sbplb
0 0.304062 sruyb
3 0.829671 0
1 0.93234
1 0.825924
3 0.891618 43
3 0.397403 5
0 0.25001 oquwc
1 0.89973
1 0.373436
0 0.649517 gufhe
4 0.917117 0.917197
0 0.259393 fhrcp
2 0.617362 0.000874
2 0.867372 3.5e-05
2 0.488843 3.6e-05
1 0.053892
2 0.475261 0.000761
0 0.349782 ssucp
4 0.2048 0.204839
0 0.052372 jxvzd
1 0.963511
0 0.155553 cccir
0 0.59942 pqjbg
4 0.231486 0.231542
4 0.892246 0.89227
0 0.312423 mysdz
2 0.204191 0.000948
0 0.867026 vkqzg
4 0.99939 0.999468
3 0.7311 11
2 0.478938 6.7e-05
1 0.160023
3 0.89828 49
0 0.210703 gkwum
2 0.166327 0.000217
0 0.197533 oaqyk
0 0.520254 zzhaw
2 0.556182 0.000599
0 0.106281 malqe
1 0.084958
0 0.100792 cbxhn
1 0.60402
3 0.69888 36
3 0.735486 5
2 0.023904 0.00035
4 0.948438 0.948443
2 0.07052 0.000467
3 0.411934 48
1 0.013245
0 0.596273 sboqy
1 0.424117
2 0.186648 0.000554
3 0.438486 11
0 0.342614 kdenz
3 0.023405 26
2 0.518488 0.000257
2 0.556375 0.000882
2 0.528437 0.000164
2 0.664912 0.000932
0 0.139359 obgda
0 0.523033 ksfyp
2 0.513082 0.000971
2 0.52721 0.000888
3 0.520467 0
3 0.166755 15
1 0.99248
3 0.804048 41
0 0.339731 wjbty
2 0.475947 0.000531
3 0.104936 3
2 0.564907 0.000668
2 0.784147 7.1e-05
1 0.743197
1 0.045192
3 0.892331 1
0 0.615185 ehyih
2 0.82478 0.000622
4 0.300727 0.300781
0 0.405663 avqth
4 0.66935 0.669445
3 0.367552 40
1 0.909673
0 0.670268 mmvcd
4 0.360779 0.360871
3 0.253728 38
1 0.193765
4 0.647432 0.647476
1 0.90136
3 0.198998 10
1 0.729616
4 0.761036 0.761084
0 0.763438 jbsxe
0 0.817542 qruxe
1 0.566367
0 0.522044 ektwl
2 0.604964 0.000916
1 0.366
1 0.896998
3 0.744384 15
3 0.805205 2
0 0.622748 ftkpa
2 0.231219 0.000736
0 0.238592 ohqeo
4 0.347427 0.347465
3 0.892026 34
0 0.401864 lcnsg
4 0.339477 0.339525
0 0.004328 iczpi
4 0.060142 0.060171
3 0.87853 3
0 0.742309 vidus
2 0.582113 0.000443
4 0.911583 0.9116
0 0.397544 myxng
3 0.488036 28
3 0.672676 7
4 0.551206 0.551218
4 0.293515 0.293569
4 0.915963 0.916002
3 0.315547 2
4 0.230533 0.230568
1 0.383873
2 0.735399 4.3e-05
0 0.353213 jihyv
0 0.487859 tninm
3 0.703662 16
2 0.27231 0.000663
4 0.643106 0.643202
1 0.023119
1 0.199433
4 0.245816 0.245826
4 0.685061 0.685093
1 0.889704
1 0.012498
2 0.023981 0.000901
1 0.397157
4 0.465846 0.465865
2 0.345008 0.000481
0 0.429474 kpflo
1 0.34693
3 0.010523 15
1 0.518656
3 0.470792 42
2 0.386436 0.000807
1 0.892041
1 0.487466
0 0.328032 cdgqu
1 0.70361
2 0.371217 0.000117
3 0.718148 42
3 0.209515 28
4 0.887133 0.887206
1 0.093602
4 0.502146 0.50222
2 0.89187 2.5e-05
1 0.975356
0 0.615461 zeiji
3 0.379597 22
3 0.097745 16
1 0.823612
2 0.134186 9.8e-05
0 0.607524 rkkng
1 0.333047
4 0.208958 0.209018
0 0.007478 nobvm
1 0.852446
0 0.577624 qiogp
4 0.438632 0.438638
2 0.713113 0.000329
0 0.440409 ooweo
3 0.825895 46
4 0.264814 0.264869
3 0.749938 3
4 0.602384 0.602439
3 0.488427 13
1 0.444258
0 0.76194 qjjfx
1 0.649775
3 0.051751 0
3 0.877646 48
2 0.658812 0.000753
2 0.40875 0.000508
1 0.527487
1 0.813287
3 0.007031 49
4 0.337699 0.337788
2 0.89741 0.00081
3 0.89753 41
0 0.22903 rgpha
2 0.860255 0.000361
4 0.785357 0.785426
3 0.312844 37
0 0.428685 lixip
1 0.571743
4 0.522231 0.522262
1 0.46041
2 0.53569 6.7e-05
0 0.253484 ikhmh
2 0.591257 0.000412
3 0.335595 39
3 0.5689 27
2 0.090454 0.000137
4 0.178549 0.178612
0 0.667454 kmsge
2 0.690243 0.000772
1 0.331318
0 0.718462 jupgh
1 0.148391
3 0.564096 8
2 0.207233 0.000464
1 0.435696
1 0.67237
1 0.786358
2 0.781698 0.000208
1 0.166929
0 0.794992 fdnxw
4 0.835592 0.835656
0 0.500335 jahqt
0 0.015764 lcwpe
0 0.607597 okfuu
0 0.134051 nqigl
2 0.429758 0.000165
4 0.930093 0.930187
1 0.204641
4 0.522037 0.522041
1 0.595096
3 0.466078 8
0 0.55503 qtuhc
4 0.640342 0.640355
4 0.718156 0.71817
1 0.664267
0 0.419986 hjdkw
3 0.903006 31
0 0.536693 vwptm
3 0.891788 34
2 0.996381 0.000426
0 0.70473 upeey
2 0.856914 0.00051
3 0.172267 33
3 0.075274 17
3 0.128319 49
3 0.647442 39
3 0.721595 16
3 0.206188 2
3 0.481036 2
3 0.965062 26
4 0.692294 0.692384
0 0.172157 ofsud
4 0.906242 0.906335
0 0.660215 oagor
4 0.226822 0.226845
4 0.429392 0.429393
0 0.369396 xrucg
4 0.495261 0.495317
4 0.891929 0.892016
2 0.785624 0.00038
2 0.962192 0.000419
4 0.714698 0.714751
0 0.763804 reogg
4 0.398016 0.398054
3 0.25974 21
2 0.618806 0.000784
0 0.502555 ovxmu
4 0.859566 0.859638
1 0.254532
4 0.360392 0.3604
0 0.335862 fqzty
1 0.340749
0 0.252342 eezri
0 0.985702 yjiqd
4 0.219017 0.219031
1 0.096173
0 0.669965 dqfis
3 0.990449 12
1 0.488186
1 0.84551
0 0.93944 hvgps
1 0.330831
3 0.629471 0
4 0.939044 0.939118
1 0.125362
3 0.818773 41
3 0.762584 6
2 0.766946 0.000995
0 0.481788 vfeen
4 0.629358 0.629434
2 0.960189 0.000806
3 0.02639 0
0 0.188764 wwsvf
4 0.11926 0.119289
2 0.402558 0.000824
2 0.559565 0.000502
1 0.078434
2 0.902708 0.000873
4 0.023762 0.023818
3 0.141504 25
3 0.109206 42
4 0.64711 0.647129
0 0.003786 ucnqx
0 0.231994 jnydh
0 0.482673 vnwlx
0 0.29754 bjgxp
0 0.131285 vaifc
1 0.921194
2 0.007577 0.000303
4 0.691965 0.692026
2 0.69099 0.000796
0 0.390224 htdsh
2 0.744863 0.000901
4 0.428199 0.428237
1 0.536142
2 0.490698 0.000807
0 0.928245 zcqoc
2 0.659862 0.000482
4 0.892354 0.892431
0 0.196915 quzps
1 0.363024
2 0.402784 5.1e-05
1 0.888099
4 0.337068 0.337104
1 0.192964
4 0.001132 0.001193
1 0.68966
3 0.99021 21
0 0.891551 fzqgi
4 0.889012 0.889049
3 0.912779 21
4 0.505393 0.505465
1 0.358813
1 0.108652
3 0.794115 37
4 0.610491 0.61054
4 0.600702 0.600722
4 0.557895 0.557946
1 0.488301
4 0.11404 0.114115
1 0.147177
1 0.128572
0 0.884637 gbtlj
3 0.577261 1
0 0.806252 ozagr
2 0.073044 0.000809
3 0.106381 10
2 0.91681 0.000702
4 0.487915 0.487943
2 0.135698 0.000845
2 0.241993 0.000328
3 0.973293 39
4 0.814378 0.814471
4 0.520316 0.520375
3 0.007875 19
4 0.129036 0.12906
1 0.416347
1 0.927428
4 0.166468 0.166536
2 0.595963 0.000866
4 0.73282 0.732832
3 0.346813 5
4 0.748409 0.748445
3 0.548101 2
4 0.862941 0.862968
0 0.250826 ybaoc
4 0.351564 0.351576
3 0.266845 33
2 0.488837 0.00098
3 0.217772 45
4 0.016151 0.016206
2 0.184076 8e-06
4 0.577513 0.577562
4 0.790068 0.790095
0 0.098348 iihcr
1 0.182756
0 0.675254 bdeqv
4 0.018735 0.018803
3 0.521474 15
3 0.572809 28
3 0.256998 48
2 0.026003 0.000597
1 0.812523
4 0.097984 0.097991
0 0.797092 aglwp
4 0.068403 0.06846
1 0.455971
3 0.01901 47
0 0.891851 kdszv
2 0.436702 0.000464
2 0.426408 0.0008
2 0.775036 0.000892
1 0.798918
1 0.081361
1 0.788002
4 0.205863 0.205937
3 0.263311 34
0 0.165159 fohfr
3 0.007056 26
2 0.21566 0.000886
2 0.769152 0.000922
1 0.710885
0 0.137339 crqin
3 0.096803 25
4 0.302338 0.302422
0 0.523156 kqlrm
0 0.788545 mjhha
1 0.140445
4 0.481595 0.481641
1 0.360363
1 0.72445
3 0.897065 26
2 0.715755 0.000612
2 0.238911 0.00056
2 0.0646 0.00033
0 0.791802 fpjug
2 0.499847 0.000998
2 0.016794 0.000636
3 0.167271 3
0 0.350186 qwvnk
2 0.043389 0.000176
4 0.624342 0.624349
1 0.416144
0 0.418243 nvoky
2 0.779682 0.000513
0 0.195322 gjdoj
3 0.408233 39
3 0.729063 5
0 0.166668 gzdll
1 0.445417
0 0.988383 jzciv
2 0.25219 0.000193
3 0.739867 6
1 0.094083
1 0.765805
1 0.076705
3 0.654637 10
2 0.79947 0.000657
0 0.481696 bzgew
2 0.606017 0.00077
0 0.586386 xowts
2 0.022615 0.000524
0 0.400238 mhhrn
3 0.2181 42
1 0.342401
4 0.853263 0.853334
3 0.208398 24
1 0.330767
4 0.690474 0.69051
0 0.779989 xtgdv
4 0.648777 0.648875
2 0.58822 0.000952
0 0.322673 vywxu
0 0.385398 xvnxt
4 0.006271 0.006295
2 0.675093 0.000213
1 0.076598
1 0.187397
0 0.690062 fobcq
3 0.898593 47
0 0.41584 vxega
3 0.520781 34
4 0.953005 0.953071
4 0.681571 0.681591
3 0.729092 19
0 0.01216 wjuvh
0 0.485317 inuys
1 0.654913
4 0.521914 0.521973
2 0.292713 0.000817
0 0.721033 sstzu
3 0.952345 43
4 0.537995 0.538034
0 0.874608 pwcac
0 0.937435 qgmbn
3 0.242957 0
0 0.156162 xaach
1 0.687206
0 0.481581 mjvkh
4 0.762901 0.762924
2 0.216689 0.00069
1 0.660803
2 0.099675 0.000728
1 0.034325
4 0.177236 0.177296
1 0.438776
3 0.399916 14
0 0.955576 rnkhe
4 0.522408 0.522506
3 0.548975 37
1 0.523066
2 0.512373 9.3e-05
0 0.533447 dbtdn
1 0.01683
1 0.367425
2 0.13254 0.000272
2 0.698124 0.000937
3 0.264675 32
3 0.892015 31
4 0.046429 0.046526
1 0.075155
1 0.946983
2 0.326562 7.7e-05
2 0.222693 0.000772
3 0.755875 33
0 0.096962 jlizd
4 0.944075 0.944144
4 0.369731 0.36978
0 0.892198 opktq
0 0.354469 pvtdp
0 0.747701 nuidt
1 0.930707
3 0.352451 26
2 0.722182 0.000477
2 0.582897 0.000249
1 0.457662
2 0.022982 0.000569
4 0.132095 0.132134
4 0.166549 0.166643
1 0.884063
4 0.278353 0.278392
1 0.358755
0 0.632501 dwnom
4 0.636187 0.636237
3 0.191363 12
1 0.730697
2 0.406042 0.000144
3 0.127086 39
4 0.167743 0.167754
1 0.555181
3 0.617049 36
3 0.24955 46
0 0.668632 slzwe
4 0.38886 0.388861
2 0.119558 0.000135
4 0.015054 0.015114
3 0.987395 39
1 0.99913
1 0.481873
3 0.047788 35
3 0.297338 31
0 0.96597 grnng
3 0.8232 23
2 0.45911 0.00036
4 0.474164 0.474184
2 0.46156 5.9e-05
0 0.977042 pnrbp
4 0.080712 0.080788
4 0.007511 0.007597
0 0.361095 ybsvd
3 0.742439 12
2 0.732956 0.000234
4 0.194516 0.194561
1 0.68791
2 0.488499 4.3e-05
4 0.395966 0.395978
2 0.678342 0.000224
3 0.524164 6
1 0.007752
3 0.330862 3
0 0.522582 cqmqy
0 0.622416 jpjkn
2 0.356119 0.000164
0 0.299483 vixdc
2 0.391743 0.000618
2 0.245993 0.000832
0 0.262645 eydom
4 0.466489 0.466516
4 0.690541 0.690626
0 0.399643 ykqvf
4 0.726782 0.726877
3 0.634878 16
0 0.880871 yphkc
0 0.912129 olzue
4 0.551393 0.551465
4 0.391874 0.391941
1 0.255041
3 0.484206 22
4 0.2541 0.254166
0 0.184095 tvhem
1 0.449239
4 0.575789 0.57582
0 0.241777 lwagu
1 0.99322
2 0.47279 0.000965
0 0.983262 ckdjk
2 0.155099 0.000862
3 0.985382 19
3 0.481468 5
2 0.1104 0.000182
2 0.081064 0.000704
4 0.013977 0.01403
1 0.845336
3 0.078514 1
2 0.198146 0.000807
3 0.685502 29
0 0.840602 cymwl
2 0.743322 0.000511
4 0.52167 0.521756
4 0.358299 0.35831
2 0.689752 0.000159
3 0.010347 23
2 0.314204 0.000171
4 0.364295 0.364369
3 0.5573 28
4 0.348261 0.348325
1 0.485229
3 0.943658 42
4 0.16784 0.167851
0 0.282872 hmueu
1 0.080459
1 0.846232
1 0.065042
2 0.366657 0.000675
0 0.451285 ktdvj
0 0.4158 wmxnr
1 0.622561
3 0.638063 5
4 0.16762 0.167628
3 0.970585 41
1 0.181112
3 0.176053 44
0 0.415155 pskpf
1 0.575927
3 0.828221 3
4 0.47901 0.479025
2 0.117073 0.00062
4 0.507922 0.507989
1 0.521473
4 0.953329 0.95334
4 0.645734 0.645789
0 0.060889 kdgtj
2 0.195684 0.000316
1 0.563137
1 0.074866
2 0.822833 0.000939
0 0.740942 hhwwr
4 0.801317 0.801393
0 0.5216 ivsac
3 0.265259 25
2 0.572575 8.1e-05
4 0.585976 0.586075
2 0.925162 0.00059
2 0.182456 0.000451
1 0.482212
1 0.883814
2 0.297916 0.000242
2 0.21476 0.000405
2 0.892222 0.000267
0 0.393198 qddne
0 0.47543 tjmln
3 0.050102 39
3 0.546701 3
0 0.844617 qdroe
3 0.768911 47
0 0.146664 xlfug
4 0.512655 0.512728
0 0.776606 turxh
4 0.023689 0.0237
1 0.31032
0 0.59497 xtnjm
0 0.071701 xotxd
4 0.52406 0.524142
1 0.817018
0 0.161033 blxuu
4 0.081993 0.082053
1 0.908666
2 0.061441 0.000792
2 0.488343 0.000984
3 0.568987 2
3 0.580391 11
4 0.104451 0.104544
0 0.437822 mfenl
1 0.503312
0 0.426086 skcik
1 0.334201
4 0.422078 0.422167
0 0.999961 kltpk
0 0.690882 pdwjz
2 0.469158 0.000559
3 0.411596 34
1 0.262701
1 0.450068
4 0.450097 0.450156
2 0.125786 3.5e-05
0 0.886814 nrjne
4 0.890395 0.890412
2 0.272526 0.000565
4 0.48165 0.481735
3 0.596321 19
1 0.375374
0 0.301055 yngkb
1 0.853395
1 0.720918
2 0.342399 0.000827
3 0.016504 22
2 0.090653 0.0001
3 0.289868 24
3 0.00704 15
0 0.271097 jluzj
1 0.76937
3 0.582472 17
1 0.819742
4 0.47138 0.471449
0 0.004236 zimyr
3 0.800118 48
2 0.848029 0.000961
3 0.398809 11
2 0.167542 0.000169
3 0.276996 34
1 0.416114
2 0.125805 0.00021
2 0.267375 8.5e-05
4 0.621166 0.621226
1 0.49241
0 0.003934 jheom
1 0.055718
0 0.300916 afguy
4 0.488508 0.488558
0 0.456215 eixsa
3 0.644462 49
3 0.164748 29
1 0.544384
4 0.846066 0.846159
4 0.942836 0.942845
3 0.177226 49
2 0.102503 0.000338
1 0.333842
3 0.254639 23
4 0.997564 0.997573
3 0.385677 23
4 0.816337 0.816408
0 0.098396 ttmrw
0 0.02591 qcdpt
2 0.957879 0.000574
2 0.930903 0.000914
3 0.921278 23
4 0.93694 0.936963
1 0.023706
2 0.992103 3.7e-05
0 0.173074 kjjqr
3 0.700082 21
2 0.899814 0.000623
3 0.949741 21
3 0.690655 31
2 0.263428 5.6e-05
2 0.946452 0.000359
2 0.510526 0.000352
4 0.00752 0.007528
4 0.417139 0.417154
0 0.104949 nlxuc
1 0.679351
2 0.008219 0.000775
2 0.147353 0.000829
2 0.691761 0.000471
1 0.02712
0 0.058258 aypvj
2 0.661863 1.2e-05
0 0.00729 losaz
2 0.22184 0.000854
2 0.043339 0.000207
1 0.128267
0 0.895674 ucnli
4 0.327848 0.327884
4 0.629847 0.629946
1 0.319314
2 0.79933 0.000675
2 0.502816 0.000571
0 0.488758 fvuja
1 0.049538
1 0.19586
1 0.70233
3 0.892301 14
3 0.563837 21
3 0.897237 39
2 0.441001 0.000221
0 0.443715 gjcjm
4 0.765851 0.765945
3 0.007714 9
4 0.992997 0.993087
0 0.439465 iiwvx
1 0.844017
4 0.955888 0.955959
0 0.726098 zccpy
2 0.184545 0.000182
3 0.945469 3
1 0.226254
2 0.541136 0.000251
4 0.481073 0.481117
1 0.875928
4 0.137612 0.137709
0 0.609853 snvcm
0 0.614323 ibrit
0 0.032411 jgxig
0 0.181141 xopbl
3 0.02219 3
0 0.632043 mshsf
4 0.675706 0.675799
4 0.8922 0.892217
1 0.311225
3 0.718837 33
2 0.869367 7.4e-05
4 0.949044 0.949107
2 0.421002 3.2e-05
3 0.612905 7
1 0.358828
2 0.44729 0.000211
2 0.126877 0.000917
2 0.16704 0.000836
1 0.918364
3 0.593374 3
1 0.103538
2 0.672772 0.000669
4 0.343588 0.343615
1 0.24462
0 0.554928 nnagn
4 0.763528 0.763566
3 0.485281 21
4 0.892144 0.892194
3 0.030323 4
2 0.133861 2.8e-05
1 0.661531
2 0.772234 0.000558
3 0.533206 35
1 0.204188
3 0.348405 7
1 0.715076
0 0.495554 ijcsh
0 0.167333 nczvg
1 0.538819
2 0.72582 0.000377
2 0.775379 0.000214
1 0.979567
2 0.052011 0.000824
1 0.283439
1 0.234992
3 0.51538 20
2 0.399932 0.000362
3 0.481713 48
2 0.071075 0.000738
3 0.609894 27
1 0.646623
4 0.017505 0.017542
0 0.513424 fzknh
1 0.689485
3 0.274941 8
0 0.191226 gmfiu
4 0.117468 0.117511
4 0.892428 0.892527
3 0.356165 6
3 0.245408 30
0 0.186661 oyyto
0 0.313635 khfzm
2 0.151271 0.000924
1 0.785091
2 0.815497 0.000865
4 0.502378 0.502394
3 0.374895 25
1 0.168256
2 0.939538 4.3e-05
3 0.978232 35
0 0.291867 hpxxi
3 0.110932 43
1 0.896024
2 0.394648 0.000241
2 0.413378 0.000357
2 0.788273 0.000582
3 0.924929 40
3 0.892203 21
2 0.932943 0.000557
1 0.296081
0 0.111762 qhars
0 0.295403 nasdo
3 0.082915 29
1 0.19154
0 0.737628 fzcuz
2 0.356457 0.000238
3 0.652538 10
3 0.488645 10
3 0.135616 13
0 0.336793 uknap
3 0.196348 6
3 0.450328 12
3 0.200186 23
2 0.456858 0.000832
3 0.028564 21
3 0.712032 4
0 0.590174 dhwdi
1 0.690302
3 0.332564 13
4 0.601272 0.601275
2 0.644134 0.000451
1 0.11051
0 0.440976 ptqoy
4 0.825069 0.825128
4 0.549085 0.549159
1 0.876164
2 0.109177 0.000302
3 0.521809 27
2 0.541654 0.00038
1 0.702141
3 0.106449 3
1 0.547426
0 0.434116 ehbzc
1 0.519342
0 0.074133 jnxop
3 0.830927 46
2 0.871205 0.000398
3 0.007183 21
1 0.096609
2 0.686309 0.000307
3 0.219627 20
1 0.967222
4 0.135107 0.135171
1 0.20924
2 0.238015 0.000795
0 0.190456 vjuuo
2 0.226741 0.000387
0 0.481742 msrlh
0 0.061686 mlmtr
2 0.213851 9.6e-05
2 0.365999 0.000413
0 0.552519 whzul
2 0.042846 0.000231
1 0.153706
0 0.6076 whmht
2 0.453809 0.00031
3 0.45842 4
2 0.892391 0.000622
3 0.315836 44
2 0.41093 0.000993
1 0.629228
2 0.467377 0.000811
3 0.137435 11
4 0.488138 0.488227
0 0.072444 vbjul
0 0.983639 jbbop
4 0.621187 0.621256
2 0.166847 0.000697
1 0.356038
3 0.538979 23
2 0.03916 0.000964
3 0.113206 10
1 0.855506
0 0.878022 ggbqp
3 0.128859 15
4 0.266398 0.266432
1 0.331219
0 0.690768 kwzqr
3 0.967976 11
1 0.571088
3 0.575659 3
0 0.52766 okajb
4 0.313303 0.313399
4 0.84349 0.843574
3 0.16049 33
1 0.156594
2 0.309041 2.9e-05
0 0.1667 tfcov
0 0.543573 zswpq
3 0.018702 44
1 0.797831
1 0.030375
2 0.523177 0.000361
3 0.196123 33
1 0.404152
3 0.687783 26
2 0.960386 0.000554
1 0.166428
2 0.470794 0.000196
0 0.493116 auobr
2 0.24062 0.000984
4 0.280149 0.280194
2 0.476272 0.000878
1 0.396776
4 0.400359 0.400364
3 0.877097 11
4 0.064736 0.064791
2 0.007438 0.000122
3 0.804246 38
3 0.68218 46
0 0.439153 jfuya
2 0.120008 8.7e-05
0 0.067957 ijugc
4 0.685631 0.68571
3 0.514283 31
2 0.828405 0.000351
1 0.234893
4 0.023947 0.024013
4 0.172358 0.172427
2 0.770517 0.000248
2 0.597604 0.000303
4 0.341402 0.341466
1 0.962297
3 0.071272 30
2 0.088145 0.000563
3 0.550528 19
1 0.333509
4 0.023621 0.023646
4 0.805331 0.805414
0 0.804235 jzdkt
3 0.946712 29
4 0.425361 0.425378
1 0.589642
0 0.616496 nskrj
0 0.549741 lrtwo
2 0.837692 0.000311
2 0.329045 0.000273
1 0.690451
4 0.092068 0.092133
2 0.957985 0.000216
4 0.482922 0.482987
2 0.63746 0.000441
0 0.074949 pjhtl
0 0.29324 sbbyb
1 0.839623
0 0.658714 sbomw
3 0.827844 13
2 0.25423 0.00035
2 0.420451 2.9e-05
1 0.096484
0 0.335516 nnbmo
3 0.512289 41
2 0.438976 0.000706
4 0.763082 0.76317
4 0.942672 0.94268
3 0.051037 1
4 0.872734 0.872739
2 0.488063 0.000205
0 0.375529 xapix
0 0.698585 qutme
3 0.979584 45
2 0.438608 0.000755
3 0.489646 6
4 0.878732 0.878796
1 0.610726
3 0.56741 33
3 0.942939 6
2 0.007404 0.000285
3 0.483649 34
2 0.700151 0.00084
0 0.196087 grkqv
2 0.474501 0.000409
1 0.332765
0 0.130153 ndseu
3 0.152351 44
1 0.374827
1 0.284544
3 0.521759 8
3 0.787419 45
4 0.938467 0.938505
4 0.579161 0.579201
0 0.098588 uavnd
4 0.456857 0.45692
2 0.12556 0.000707
0 0.016739 zsiox
0 0.167716 tyedq
4 0.55514 0.55514
1 0.48163
2 0.647981 0.000152
2 0.312511 0.000361
1 0.716185
1 0.906155
1 0.992661
1 0.133182
4 0.201205 0.201269
1 0.885273
3 0.170152 37
2 0.166689 0.000944
0 0.836659 wykwm
1 0.095677
4 0.716972 0.717034
3 0.13948 0
4 0.848376 0.848461
3 0.049581 49
1 0.451207
2 0.85006 0.000296
2 0.245352 0.00034
1 0.521583
2 0.960729 0.000248
3 0.52128 24
0 0.932191 mrgop
3 0.746657 27
3 0.312591 26
1 0.763798
1 0.508562
4 0.831048 0.831114
2 0.929544 0.000914
0 0.690568 qrzla
0 0.402578 kvzjg
3 0.980384 17
4 0.503863 0.503932
4 0.051269 0.0513
4 0.398669 0.398718
1 0.844565
3 0.604313 18
1 0.162864
3 0.925358 48
2 0.522052 0.000849
4 0.723836 0.723892
3 0.287705 43
1 0.680516
1 0.551785
1 0.681777
3 0.55583 46
4 0.078673 0.078684
2 0.682986 0.000629
0 0.84585 vlemu
3 0.891747 11
4 0.322348 0.322414
2 0.658416 0.000983
3 0.210201 11
0 0.035321 igolv
4 0.333654 0.333668
2 0.695856 0.000366
0 0.817107 zwcnj
2 0.651352 0.000312
3 0.600818 4
4 0.16619 0.166204
4 0.093676 0.093733
2 0.497719 0.000925
2 0.045645 0.000579
3 0.389717 36
4 0.487997 0.48804
4 0.06332 0.063395
3 0.939536 10
0 0.713848 razbf
4 0.407549 0.407616
4 0.254071 0.254116
2 0.518632 0.00059
2 0.563035 0.00066
0 0.144156 uslxl
1 0.474218
4 0.123993 0.124059
4 0.482188 0.482261
4 0.620241 0.620274
3 0.488909 24
1 0.660186
2 0.891999 0.000511
4 0.573839 0.57391
4 0.717996 0.718028
1 0.494939
4 0.422754 0.422761
4 0.01931 0.01931
3 0.63326 40
1 0.112756
2 0.067109 0.000801
3 0.075585 23
4 0.00715 0.007207
2 0.767096 0.000696
0 0.80854 qlciy
0 0.743242 mgcix
0 0.40599 igubm
2 0.652813 0.000393
2 0.460806 0.000614
1 0.216959
0 0.8147 vkgtc
2 0.023321 0.000369
1 0.488376
4 0.205122 0.20513
4 0.47006 0.470137
1 0.7348
1 0.963474
0 0.617434 ryskq
1 0.105972
4 0.753066 0.753086
4 0.820175 0.820179
2 0.870544 0.000231
4 0.16635 0.166407
2 0.445499 0.00037
1 0.343936
0 0.177082 skgis
3 0.227654 41
1 0.849978
2 0.858797 0.000399
3 0.195324 5
0 0.065868 lkoos
3 0.158906 49
3 0.254634 31
1 0.451042
4 0.488933 0.488935
0 0.23294 hzkrr
1 0.935438
0 0.820977 airkt
3 0.581539 13
4 0.933688 0.933737
4 0.146125 0.14618
0 0.698676 trull
2 0.48145 0.000109
4 0.325546 0.325593
0 0.146523 dhcdx
1 0.42338
1 0.071613
1 0.519407
2 0.535898 0.000414
2 0.234575 0.000463
4 0.454889 0.454907
4 0.908143 0.908161
3 0.4816 13
2 0.234319 8.8e-05
3 0.518612 27
1 0.992905
0 0.756752 zjlkw
1 0.248386
0 0.916998 ssltz
2 0.62329 0.000801
2 0.536618 0.000475
0 0.344846 hfwof
3 0.892399 29
1 0.589377
2 0.728468 0.0008
0 0.620808 msgsh
1 0.906125
4 0.341419 0.341446
0 0.715246 xyrbk
0 0.987085 tvqkv
4 0.83608 0.836135
2 0.107881 0.000946
3 0.481624 24
2 0.548316 0.000899
3 0.889735 26
3 0.604981 23
1 0.444727
3 0.972808 32
4 0.260307 0.260309
2 0.507011 0.000505
1 0.343091
0 0.425375 gopga
1 0.892416
4 0.638459 0.638515
3 0.728492 38
1 0.099901
0 0.930609 zyyfl
4 0.872731 0.872739
2 0.732175 2e-05
3 0.699499 29
3 0.51256 25
2 0.248395 0.000626
1 0.254526
2 0.213281 8.8e-05
3 0.313182 5
0 0.902243 qvyow
0 0.709217 woxof
1 0.620617
4 0.550444 0.550533
4 0.36407 0.364152
3 0.848859 30
3 0.06214 20
3 0.167591 18
4 0.853288 0.85337
3 0.373384 30
0 0.379667 jacne
3 0.83086 5
4 0.713241 0.713318
1 0.408752
1 0.965139
0 0.157577 elaex
2 0.028116 0.000154
2 0.481613 0.00071
0 0.281191 irsnh
2 0.556924 0.00033
4 0.803502 0.803539
1 0.898938
1 0.503233
2 0.764835 7.1e-05
1 0.302472
2 0.014346 0.000589
1 0.952103
4 0.023669 0.023756
3 0.938662 8
3 0.613079 15
1 0.170003
2 0.862662 0.000857
4 0.842638 0.842686
2 0.345871 0.000367
3 0.259294 39
2 0.689232 0.000537
1 0.005323
0 0.16805 uoloo
3 0.687605 19
1 0.37396
2 0.251023 0.000818
1 0.610013
1 0.757616
1 0.763333
1 0.73153
4 0.177288 0.177302
1 0.86895
0 0.253823 zblln
1 0.225578
2 0.063661 0.000291
0 0.152128 jnbbc
2 0.979915 0.000986
3 0.711445 11
2 0.164912 0.000924
2 0.623702 0.000978
1 0.179797
0 0.254333 wrmok
0 0.007231 iovtm
3 0.265197 1
4 0.971361 0.971408
2 0.854813 0.000659
2 0.123567 0.000361
0 0.83353 mmhva
1 0.026727
3 0.722581 16
2 0.680883 8.4e-05
4 0.73252 0.732606
1 0.166754
4 0.488597 0.488663
4 0.859762 0.859839
1 0.499681
0 0.764276 itpul
1 0.414871
3 0.764642 4
4 0.706814 0.706853
0 0.884045 dhlxt
1 0.997807
2 0.522241 0.000927
4 0.873495 0.873512
2 0.723058 0.00057
1 0.144133
0 0.165242 wiysc
0 0.612903 fcsud
4 0.450301 0.450343
4 0.480705 0.480797
2 0.854519 0.000871
2 0.244366 0.000188
4 0.891929 0.891939
3 0.405625 18
3 0.851861 31
0 0.004912 ddobk
4 0.831792 0.83185
4 0.354191 0.354206
1 0.252624
4 0.985277 0.985305
2 0.118817 0.000327
3 0.93828 10
3 0.253837 48
3 0.91524 28
2 0.025978 8.7e-05
2 0.849531 0.000944
4 0.681324 0.681378
3 0.551867 19
1 0.804491
0 0.783845 qnirr
4 0.535613 0.535691
4 0.0793 0.079387
3 0.488193 15
3 0.681778 39
4 0.202722 0.202755
0 0.746529 mzcld
1 0.369404
0 0.658217 uxptx
1 0.730875
1 0.819023
0 0.688468 bdbhz
0 0.823154 gjsaq
2 0.521712 6.5e-05
0 0.738385 sksvt
2 0.796276 0.000683
0 0.6153 wantq
0 0.522197 uavax
2 0.956914 0.000203
0 0.214129 esjlt
0 0.887263 khbzr
1 0.700411
3 0.155577 18
2 0.481872 0.000153
3 0.414472 13
1 0.468206
2 0.575915 0.000348
1 0.936756
1 0.855908
2 0.254398 0.0004
0 0.026881 putfj
4 0.877787 0.877865
3 0.613536 31
1 0.166313
1 0.682697
3 0.786865 26
0 0.967213 rxxdt
0 0.499193 aatfv
4 0.571007 0.571058
1 0.339637
4 0.798552 0.79857
2 0.186386 0.000705
4 0.988693 0.988747
4 0.00759 0.007613
1 0.818522
0 0.092511 issdx
1 0.852464
2 0.45718 0.000471
3 0.642196 8
4 0.9571 0.957179
1 0.143487
4 0.579347 0.579427
3 0.802903 40
4 0.521964 0.52205
3 0.279048 6
0 0.387105 tnmis
4 0.013954 0.013985
2 0.777063 0.000277
3 0.224942 8
2 0.228878 0.000958
4 0.955216 0.955277
4 0.920388 0.920414
4 0.106925 0.106989
0 0.892197 khyvt
1 0.402484
4 0.393694 0.393716
2 0.496971 0.000212
1 0.225582
4 0.057359 0.057399
3 0.528928 3
4 0.449316 0.449395
3 0.072593 44
3 0.491271 16
1 0.168007
0 0.302625 gjcet
4 0.500621 0.500641
3 0.726203 11
4 0.776095 0.776106
2 0.936848 0.00046
0 0.564028 vkkqw
2 0.054957 0.000406
3 0.767697 6
3 0.8613 42
0 0.522092 fdkrm
4 0.867868 0.867868
2 0.804717 0.000813
4 0.885097 0.885136
0 0.265873 ndtnp
3 0.987864 9
4 0.849164 0.849215
4 0.714113 0.714167
1 0.079684
0 0.429871 jaobt
0 0.166641 ltgvw
0 0.491486 fkoko
1 0.62518
0 0.916957 nfnrr
2 0.139491 0.000518
0 0.211521 aqojz
1 0.121001
4 0.943237 0.943271
1 0.951075
4 0.252049 0.252076
3 0.481204 16
1 0.701276
3 0.648517 5
2 0.044429 0.000448
0 0.41854 ahbit
4 0.507757 0.507826
3 0.967346 6
1 0.918422
0 0.551895 tabdf
0 0.960748 ernnb
4 0.892133 0.892208
4 0.571524 0.571588
2 0.150665 0.000874
4 0.385009 0.385029
0 0.201207 hklec
1 0.998964
2 0.176228 0.000712
4 0.876334 0.876363
1 0.009074
3 0.698245 14
2 0.488341 0.000536
3 0.082503 10
2 0.983864 0.000631
4 0.185072 0.185097
2 0.938175 0.000669
2 0.300833 0.000985
4 0.477062 0.477159
1 0.869748
1 0.073062
2 0.254402 0.000659
3 0.488592 4
3 0.849393 7
3 0.18872 22
1 0.588432
4 0.293339 0.293353
1 0.732008
3 0.553354 46
0 0.546768 rgchn
3 0.402176 45
2 0.533244 0.000976
1 0.166796
0 0.503675 jqcdw
2 0.20038 0.000644
3 0.913495 1
4 0.616295 0.616314
4 0.412118 0.412154
3 0.281004 26
1 0.953901
0 0.571375 lkzuh
1 0.227849
2 0.488338 0.000986
2 0.750215 0.00063
2 0.663711 0.000981
3 0.280006 3
2 0.208477 0.000441
3 0.489481 19
4 0.959734 0.959759
2 0.794611 0.000651
0 0.035137 masfq
3 0.229191 42
2 0.023419 0.000118
1 0.999249
1 0.334359
1 0.647953
0 0.570301 icjxm
0 0.924484 silmp
0 0.277894 tmjig
2 0.338928 0.000191
2 0.937834 0.00044
4 0.788545 0.788558
2 0.253907 0.000617
0 0.000699 sttgd
2 0.278903 0.00095
2 0.073149 1.2e-05
2 0.096586 0.000368
4 0.583079 0.583176
2 0.745393 0.000483
4 0.830832 0.830861
2 0.564225 0.000726
1 0.467756
3 0.254589 23
3 0.482578 16
0 0.761481 cdiji
3 0.899549 20
4 0.463198 0.463255
3 0.964682 36
0 0.254711 gsnws
3 0.044335 18
4 0.798709 0.79877
2 0.838575 0.000913
0 0.023804 cqnke
4 0.878376 0.878413
4 0.35941 0.359485
1 0.614121
0 0.796784 nyaxp
4 0.73039 0.730484
0 0.218962 qylix
3 0.224045 32
2 0.639223 0.000964
1 0.033951
3 0.023193 12
3 0.190036 48
1 0.892385
4 0.21979 0.21986
4 0.466532 0.466548
1 0.201846
4 0.433377 0.433442
3 0.108701 25
3 0.725586 43
1 0.03455
1 0.166341
1 0.037332
1 0.673027
3 0.507966 23
1 0.74631
1 0.791528
4 0.887448 0.887545
1 0.089295
1 0.309435
2 0.984796 0.000136
3 0.023498 27
0 0.752054 pwmtp
1 0.851025
4 0.860842 0.860893
0 0.123505 jbuar
2 0.966162 0.000104
2 0.275375 0.000252
1 0.456315
2 0.045628 0.000748
1 0.740253
4 0.166902 0.166941
0 0.961943 cduom
3 0.598786 46
4 0.959302 0.959366
2 0.925464 0.00082
1 0.717191
2 0.804577 0.000506
1 0.366558
1 0.50281
3 0.926113 0
0 0.007179 pjqkp
2 0.298904 0.000564
0 0.576176 kwukm
1 0.137226
1 0.735031
4 0.154249 0.15429
3 0.657059 6
3 0.17171 6
3 0.392551 8
1 0.686961
4 0.007787 0.007868
2 0.703371 0.000857
0 0.779247 prufb
2 0.671124 0.000274
1 0.289065
2 0.017078 0.000873
0 0.188788 kirjs
0 0.130137 rttuv
3 0.450992 30
1 0.94028
1 0.00741
4 0.031145 0.0312
2 0.836562 0.000424
2 0.399435 0.000249
0 0.881067 ieaxs
4 0.980596 0.980608
1 0.453731
0 0.281615 idjzz
0 0.721376 twlcl
0 0.42185 wsnhn
2 0.023125 0.000593
1 0.457656
2 0.845148 0.000739
2 0.643115 0.000462
1 0.7724
3 0.709962 45
4 0.513633 0.513706
0 0.72806 unyna
1 0.121522
1 0.377983
3 0.167717 27
1 0.689806
2 0.773142 3.1e-05
4 0.105605 0.105607
4 0.315775 0.315839
4 0.247321 0.247419
4 0.447741 0.447751
2 0.269949 0.000424
1 0.597027
0 0.002688 tshky
2 0.522226 0.00043
2 0.23283 0.000776
2 0.827984 0.00017
4 0.616749 0.61676
1 0.435499
0 0.556562 ffrdd
1 0.283928
3 0.315343 4
2 0.122219 0.000975
1 0.992474
0 0.166555 qzmqq
2 0.205148 0.000713
0 0.156999 hscnm
4 0.847231 0.847265
4 0.016777 0.016854
3 0.301866 47
1 0.846947
1 0.663763
0 0.186728 veuur
3 0.44152 41
3 0.023832 14
4 0.403845 0.403852
4 0.767428 0.767469
3 0.300557 19
4 0.118775 0.118791
2 0.965723 0.000539
0 0.340255 lqlft
0 0.594695 pglyh
2 0.02933 3.7e-05
4 0.848838 0.848881
0 0.488232 yglwe
0 0.265106 aurnn
2 0.751515 0.000583
2 0.419244 0.000624
3 0.67461 7
2 0.703941 0.000194
2 0.552779 0.00089
4 0.72291 0.722979
3 0.998761 17
3 0.803327 49
3 0.481561 13
2 0.128024 0.000672
2 0.828959 0.000177
4 0.140583 0.140588
1 0.66474
2 0.796502 0.000287
1 0.865633
4 0.368275 0.368371
3 0.107639 7
2 0.535507 0.000336
3 0.023661 43
2 0.072083 0.000967
4 0.554438 0.554465
1 0.972389
0 0.864943 wvrpm
4 0.243438 0.243461
2 0.864686 0.000921
3 0.968343 38
2 0.39168 6e-06
0 0.916154 dmtoo
2 0.891938 0.000217
3 0.880334 19
3 0.043457 24
2 0.921574 0.000115
0 0.684318 gdbej
3 0.124177 44
1 0.040331
3 0.930692 24
1 0.699505
1 0.652316
3 0.167469 4
0 0.588111 uhfht
0 0.605805 yliqg
4 0.705672 0.70574
0 0.746003 dtnwo
0 0.065271 juxdx
4 0.813811 0.813905
0 0.127074 wtaqm
2 0.57055 0.000685
3 0.240704 7
1 0.02323
0 0.500241 hpeja
3 0.458252 47
4 0.467518 0.467579
4 0.178514 0.178549
3 0.490706 2
4 0.651896 0.651902
4 0.394581 0.394666
3 0.35929 33
4 0.070002 0.07005
4 0.892133 0.892224
1 0.774735
2 0.854468 0.000584
1 0.321987
0 0.072772 ffpbv
0 0.159455 lwakf
3 0.210812 21
0 0.584812 qgrvi
4 0.034029 0.034112
4 0.209613 0.20962
3 0.488016 42
2 0.55072 0.000929
2 0.226527 0.000472
3 0.296915 3
0 0.726593 ulvmn
0 0.120062 iphja
0 0.87943 nrjpl
3 0.32678 29
4 0.739649 0.739708
4 0.051024 0.051098
2 0.481335 0.000417
3 0.823538 7
4 0.943601 0.943644
3 0.913516 10
2 0.071401 0.00089
4 0.771947 0.771979
4 0.032006 0.032023
4 0.359137 0.359169
3 0.912796 21
2 0.763371 0.000215
4 0.166418 0.166454
2 0.67679 8.2e-05
0 0.956785 tvbmr
1 0.086796
4 0.011668 0.011738
2 0.196737 0.000276
0 0.503569 hywuj
4 0.708673 0.708715
3 0.741256 29
3 0.418047 13
0 0.007426 gojuq
4 0.028938 0.029032
2 0.225675 0.00017
4 0.245597 0.245598
2 0.711641 0.000111
4 0.633901 0.633937
3 0.653136 43
4 0.076534 0.076626
3 0.8804 26
4 0.978249 0.978307
2 0.481352 0.000756
1 0.792672
0 0.185994 shfoq
2 0.821558 0.000964
3 0.854695 35
2 0.14544 0.000984
1 0.854232
2 0.419908 0.00056
3 0.91451 21
0 0.872346 byytp
1 0.488647
3 0.109716 33
0 0.931275 byqnr
2 0.373669 0.000451
4 0.040566 0.040626
1 0.624542
0 0.673577 xnjyt
0 0.484998 iqifz
1 0.028575
4 0.138611 0.138685
0 0.48792 mjdgl
1 0.495948
3 0.406803 27
3 0.930371 6
1 0.917394
3 0.029381 46
2 0.127001 0.00069
4 0.334338 0.334355
4 0.989301 0.989392
1 0.946587
0 0.166517 eqfyn
2 0.645317 0.000557
0 0.09204 slxyq
3 0.527382 43
3 0.721456 33
2 0.042332 0.000887
3 0.287979 26
1 0.268395
2 0.836016 0.000328
0 0.214745 erryw
0 0.166836 zjfjk
1 0.891598
4 0.90232 0.90241
1 0.255207
1 0.651917
0 0.523564 mqmrk
3 0.210538 10
1 0.878401
0 0.492581 wfqmv
3 0.078823 43
2 0.25426 0.000816
4 0.469091 0.469133
3 0.056476 8
1 0.844025
0 0.76411 bqxid
0 0.893018 fztxh
1 0.437955
2 0.673094 0.000167
0 0.313044 fkwnh
3 0.48897 23
1 0.690279
1 0.964534
1 0.039089
3 0.624313 7
0 0.148373 dligu
2 0.59651 4.6e-05
4 0.909554 0.909599
3 0.710134 39
3 0.650167 9
4 0.166319 0.166324
0 0.481412 khwhc
1 0.506882
4 0.606706 0.60672
4 0.730585 0.730613
4 0.087632 0.08773
3 0.891729 43
4 0.611969 0.61197
4 0.33753 0.337617
3 0.879735 37
3 0.161703 24
4 0.89217 0.892251
2 0.405858 0.000162
0 0.541872 fhnno
3 0.477821 49
1 0.955616
0 0.895047 etdae
4 0.216833 0.216926
0 0.240947 lhkzw
3 0.373353 7
3 0.741759 42
1 0.166248
4 0.339465 0.339472
0 0.877537 xrneo
2 0.450168 0.000388
3 0.11342 37
1 0.916285
2 0.157272 0.000192
3 0.046977 49
3 0.788736 44
1 0.273361
0 0.168043 hjudv
1 0.356821
2 0.646281 0.000989
2 0.620856 0.000761
4 0.027937 0.027984
1 0.701561
1 0.246786
3 0.409791 29
1 0.131387
2 0.326987 4.9e-05
4 0.166752 0.166811
3 0.088193 16
4 0.445014 0.445042
2 0.768355 0.00028
3 0.205116 19
2 0.074515 0.000168
0 0.207107 voyee
4 0.73167 0.731756
3 0.459267 31
2 0.700832 0.00024
0 0.488496 uuyvt
4 0.723863 0.723904
4 0.798378 0.798439
4 0.005485 0.005553
0 0.138735 ocuii
4 0.856545 0.856578
1 0.557378
4 0.446678 0.446733
3 0.819672 45
2 0.16759 0.000541
4 0.166323 0.166323
0 0.447597 uwrsj
3 0.729976 34
4 0.925528 0.925627
4 0.687362 0.687389
4 0.215788 0.215846
0 0.833923 hufas
0 0.214456 rhxuq
4 0.770539 0.770584
1 0.085247
0 0.167061 siypc
0 0.044772 qyjog
3 0.541274 0
0 0.272083 qvkzo
3 0.538238 37
1 0.139838
3 0.78296 24
2 0.924582 0.000857
3 0.269919 21
4 0.314691 0.314735
4 0.690648 0.690682
3 0.951331 19
3 0.124463 34
2 0.892162 0.000576
0 0.946752 qwimk
1 0.213754
2 0.755725 0.000215
1 0.704797
4 0.808075 0.808116
0 0.517814 boawr
4 0.02377 0.023846
4 0.528281 0.528309
4 0.337445 0.337543
3 0.893819 26
0 0.623926 kgvvr
0 0.493847 ivtlb
3 0.987515 23
4 0.97144 0.971476
4 0.790968 0.79098
1 0.526849
3 0.253845 38
1 0.045157
1 0.456317
4 0.142707 0.142796
1 0.190779
4 0.238148 0.238184
4 0.912099 0.912161
0 0.899615 qmpye
0 0.920936 ajeaz
4 0.708829 0.708829
1 0.25451
4 0.829858 0.829881
3 0.498499 24
2 0.211506 0.000275
1 0.056778
0 0.217824 rmiru
2 0.027153 0.000601
4 0.607343 0.60742
0 0.316172 uqmwn
4 0.963909 0.963945
0 0.892481 ugwrk
2 0.448131 0.000227
2 0.129915 0.000604
4 0.157069 0.157127
0 0.764412 xhszr
1 0.593015
1 0.821583
4 0.318152 0.318247
0 0.655212 evpvx
2 0.348098 0.000831
2 0.690678 0.000782
0 0.848571 crtjq
1 0.058671
4 0.462291 0.462378
4 0.019216 0.019307
4 0.071253 0.071256
0 0.797204 fownc
2 0.362441 0.000835
1 0.380454
0 0.614001 jlbqq
4 0.02359 0.023642
4 0.676185 0.676205
2 0.136091 0.000373
0 0.712827 eioqk
0 0.467274 bfabp
3 0.058999 25
1 0.698336
4 0.909547 0.909644
2 0.738425 0.000502
3 0.930962 24
1 0.481194
2 0.12063 0.00061
0 0.331168 znmyw
4 0.412829 0.412895
0 0.98818 czzcx
1 0.958106
3 0.07132 7
0 0.239295 potck
0 0.653519 qpfbr
0 0.877208 iqsqg
2 0.253745 0.000255
4 0.846123 0.846221
1 0.97793
0 0.759431 yrahc
3 0.37735 10
4 0.196909 0.196974
4 0.599324 0.599398
0 0.447272 xidcq
3 0.611087 44
4 0.973562 0.973654
1 0.488637
0 0.438264 metkv
2 0.513865 0.000858
4 0.617706 0.61774
0 0.644742 nwkft
0 0.567606 jkddo
2 0.531947 0.000724
1 0.632715
3 0.025219 13
2 0.219536 0.000262
1 0.89216
0 0.089006 mkfcf
1 0.758627
0 0.37998 jyryn
2 0.961569 0.000615
3 0.594284 5
0 0.051598 irshr
2 0.756746 0.000304
0 0.79589 bwayi
4 0.358445 0.358454
3 0.023898 4
1 0.106755
4 0.878727 0.878766
2 0.999282 0.000989
2 0.339373 0.000201
2 0.445569 0.000885
4 0.419226 0.419302
1 0.905084
0 0.648992 peyzj
2 0.848154 0.000881
2 0.16816 0.000782
2 0.700284 0.000359
4 0.969273 0.969286
2 0.981827 0.0004
1 0.279712
1 0.317802
3 0.967662 39
0 0.133007 didoe
4 0.906784 0.906818
4 0.440945 0.441004
3 0.007646 38
0 0.473343 xdsqz
4 0.96009 0.960125
0 0.927752 bczny
2 0.475593 0.00023
3 0.382377 15
4 0.339674 0.33975
3 0.415401 38
2 0.640839 0.000685
0 0.042442 ezutc
1 0.254016
4 0.532524 0.532524
1 0.430854
4 0.644696 0.64478
2 0.027074 0.000801
2 0.366748 0.000278
2 0.298502 0.000866
4 0.455693 0.455696
2 0.498136 0.000693
4 0.590582 0.59065
1 0.007377
3 0.38802 23
0 0.557123 hfwvz
1 0.188065
1 0.628346
3 0.969658 48
1 0.344414
4 0.515464 0.51548
0 0.83951 cpgam
1 0.247958
4 0.521482 0.521487
2 0.045824 0.000925
2 0.511763 0.000171
2 0.872971 0.000869
2 0.358981 0.000718
3 0.219748 14
0 0.145864 dssxq
2 0.839744 0.000769
2 0.67564 0.00075
0 0.208695 oqohl
2 0.00724 0.000877
3 0.547292 47
2 0.76704 0.000911
4 0.429257 0.429262
1 0.777759
2 0.335678 0.000771
3 0.089447 43
3 0.12755 0
4 0.007109 0.007178
3 0.413594 18
0 0.488376 gdkjq
3 0.923336 12
0 0.826593 skyfp
0 0.181563 qirjk
0 0.781664 cvmvl
3 0.446489 1
2 0.621007 0.000378
1 0.562565
2 0.367063 0.000733
2 0.090797 0.00066
0 0.481626 rodgu
1 0.506165
4 0.084766 0.084852
3 0.420382 8
1 0.383223
1 0.20947
0 0.54814 qbjtf
1 0.788884
0 0.409448 zfntj
2 0.009863 9.8e-05
4 0.488015 0.488033
2 0.315894 0.000227
0 0.699117 mypfs
0 0.090391 yblbn
1 0.96805
1 0.176912
4 0.946624 0.946669
4 0.859723 0.859814
0 0.499182 jslyt
4 0.037215 0.037273
2 0.891974 0.00041
2 0.395796 0.000137
2 0.908402 0.000757
3 0.876452 30
3 0.697128 5
0 0.527668 muurg
3 0.145551 12
3 0.097381 28
1 0.260173
3 0.810248 0
0 0.253872 reanx
4 0.799913 0.799945
1 0.458683
2 0.630519 0.000496
0 0.825734 iljce
1 0.445957
1 0.845192
2 0.597925 0.000792
2 0.176007 0.000541
3 0.983535 42
2 0.48112 0.00024
2 0.234385 0.000275
4 0.381257 0.381328
1 0.723343
0 0.522498 zjlyi
0 0.641191 smxmt
2 0.952336 0.000217
1 0.572295
2 0.131569 0.000489
2 0.592653 0.000227
2 0.690847 1.7e-05
4 0.884817 0.884833
2 0.24108 0.000885
1 0.559651
0 0.342997 fvrlh
0 0.871743 zifrc
2 0.567128 5.8e-05
4 0.317187 0.317187
0 0.592369 ezmmt
1 0.128318
2 0.007071 4.7e-05
1 0.899475
4 0.332141 0.332178
0 0.685293 zhxti
4 0.608336 0.608421
1 0.268236
2 0.260025 0.000505
4 0.737211 0.73725
0 0.97183 zsixx
4 0.159768 0.159826
0 0.254583 bxiuy
1 0.827364
0 0.980011 jrxfk
4 0.524961 0.525031
1 0.496791
4 0.262841 0.262936
2 0.820924 9.4e-05
2 0.278483 0.000399
4 0.084782 0.084789
3 0.169602 7
1 0.522317
4 0.953496 0.953559
3 0.958492 10
4 0.110298 0.110319
4 0.952902 0.952966
3 0.215743 9
2 0.553019 0.000805
0 0.347854 cufol
1 0.820623
0 0.294643 qvxlp
3 0.690911 48
0 0.953858 kjzkm
3 0.570764 3
3 0.434971 8
4 0.867608 0.867682
0 0.986199 nrnaa
0 0.271612 wrmkd
2 0.204237 0.000232
4 0.207626 0.207663
1 0.784374
0 0.254003 wkyka
4 0.571508 0.57157
4 0.368703 0.368772
2 0.284083 0.000534
1 0.056915
3 0.744955 39
0 0.465545 vwjan
0 0.341691 wtums
0 0.531273 ntddv
1 0.054659
2 0.521607 0.000186
1 0.000135
0 0.237603 jxzko
0 0.112748 hehok
3 0.266389 25
3 0.93013 8
1 0.317405
0 0.800655 rnuwb
1 0.626967
3 0.493296 47
4 0.007319 0.007416
4 0.044544 0.044629
2 0.680368 0.000239
1 0.946758
4 0.838514 0.838602
4 0.58451 0.584556
4 0.901517 0.901562
3 0.524365 25
1 0.780058
2 0.762021 0.000706
1 0.167862
2 0.880632 0.000546
3 0.71747 18
2 0.759709 0.000974
2 0.054975 0.000841
0 0.706049 znpbt
4 0.653586 0.65366
0 0.949997 wfrzo
4 0.562756 0.562776
3 0.116302 11
3 0.891701 49
2 0.521129 0.00054
4 0.227179 0.227222
3 0.960652 14
2 0.820761 0.000403
3 0.817313 0
3 0.092238 5
4 0.939464 0.93951
2 0.906437 7e-05
1 0.0377
0 0.892217 hgddi
2 0.410475 0.000553
4 0.93594 0.935942
2 0.147695 0.000677
0 0.309447 bdmxq
1 0.946439
2 0.703123 0.000708
2 0.375638 0.000997
4 0.03066 0.030697
3 0.723164 19
1 0.166881
1 0.458336
4 0.25698 0.257011
1 0.291741
0 0.531849 ktsfs
2 0.523512 0.000909
0 0.566816 nybmj
1 0.728724
4 0.967067 0.967089
4 0.569114 0.569169
2 0.690618 0.000441
4 0.549431 0.549473
1 0.708516
3 0.445528 2
3 0.485392 11
0 0.052209 thueh
0 0.913099 avvoq
2 0.357088 0.000379
0 0.474689 pjtmw
4 0.900835 0.90093
2 0.481429 0.000741
4 0.654614 0.654645
3 0.322637 38
3 0.235736 28
3 0.55311 1
4 0.797939 0.797981
0 0.227204 wgsnn
0 0.113346 sbgyn
1 0.606574
1 0.130108
2 0.254173 3.8e-05
4 0.405976 0.405999
4 0.381729 0.381802
3 0.714571 5
4 0.038455 0.038465
4 0.902811 0.902841
4 0.016157 0.016247
3 0.983147 25
1 0.458641
4 0.514472 0.514521
3 0.690772 19
2 0.874083 0.000292
3 0.255813 17
3 0.970384 23
2 0.525191 0.000833
1 0.428003
1 0.885697
2 0.903558 1.6e-05
0 0.355333 urujf
2 0.85769 0.0006
2 0.522258 0.000804
1 0.654996
1 0.039525
0 0.938196 zzckf
3 0.27272 41
1 0.996736
3 0.505889 25
1 0.435923
2 0.457858 0.000267
4 0.039459 0.039473
1 0.254573
2 0.588545 1.8e-05
4 0.213926 0.213941
4 0.88085 0.880895
2 0.492129 0.000595
2 0.06392 0.000151
1 0.095724
0 0.803573 qtkro
2 0.576202 0.000948
3 0.992646 48
3 0.521625 38
1 0.031413
4 0.717523 0.717533
1 0.209652
0 0.47205 mvuyn
2 0.931829 0.000463
2 0.468572 4.5e-05
1 0.044774
4 0.563659 0.563679
2 0.648839 0.000176
2 0.690226 0.000451
0 0.041732 xdzpg
0 0.783176 uuqju
0 0.235118 rrdpb
4 0.958612 0.958687
4 0.851788 0.851851
2 0.503354 0.000472
0 0.813176 btrvu
2 0.713603 0.000545
1 0.156914
1 0.254441
4 0.408472 0.408523
4 0.813311 0.813345
0 0.771923 cljei
2 0.858301 0.000736
3 0.762857 35
2 0.435151 5.4e-05
2 0.148754 0.000951
3 0.305669 25
1 0.870428
3 0.892388 41
1 0.852328
3 0.864135 40
0 0.004198 ewekj
3 0.442177 2
1 0.877328
1 0.883435
0 0.552258 gafgw
3 0.555171 34
0 0.551214 vqyvb
0 0.167127 jgxcv
1 0.469564
0 0.483769 xmxrn
4 0.927738 0.927795
0 0.999262 yeabd
1 0.393375
2 0.775466 0.00076
1 0.399759
3 0.460315 18
1 0.662916
1 0.481128
2 0.397915 0.000582
4 0.41744 0.417488
3 0.155497 38
0 0.440042 dfnaf
0 0.022984 fkbwl
0 0.496174 fcbxu
0 0.952914 mdhgf
0 0.108863 eypbr
2 0.435278 0.000523
4 0.481202 0.481292
0 0.136163 pnknq
0 0.897501 ubcmv
4 0.294757 0.294814
4 0.280342 0.280377
4 0.311423 0.311506
1 0.746701
1 0.658311
0 0.693626 stnbf
3 0.060589 33
2 0.166518 8e-06
0 0.422896 czjma
3 0.640826 22
3 0.037609 31
1 0.748915
2 0.326491 0.000894
3 0.261649 47
3 0.110191 0
2 0.718224 0.000462
4 0.740111 0.740156
2 0.007138 0.000823
4 0.304148 0.304182
4 0.944975 0.945031
2 0.982584 0.000787
3 0.247852 31
1 0.723098
0 0.174242 jqrlp
0 0.85991 gtypy
4 0.79164 0.79166
3 0.095788 4
4 0.892068 0.89212
0 0.319271 savxi
2 0.452497 5.4e-05
3 0.869945 39
0 0.729856 ykusp
3 0.291162 44
4 0.903302 0.9034
0 0.460418 arilt
1 0.386446
0 0.363728 ipjhj
0 0.52151 fjjfx
2 0.588269 0.000232
3 0.491571 32
4 0.468341 0.468384
3 0.984811 6
3 0.321537 5
1 0.201617
2 0.471356 0.000547
0 0.542284 gdnho
4 0.724204 0.724291
1 0.481831
2 0.455279 0.000488
1 0.439973
3 0.771926 34
2 0.921319 0.000674
2 0.044992 0.000643
4 0.516348 0.516438
4 0.574984 0.575048
1 0.463155
3 0.367381 39
2 0.007627 0.000528
1 0.433345
4 0.177656 0.177744
2 0.23704 0.000514
4 0.112382 0.112467
3 0.190129 28
1 0.91853
3 0.850129 34
3 0.167093 37
3 0.251267 20
3 0.892418 44
0 0.750039 cxkdj
1 0.528197
1 0.79347
3 0.308226 49
3 0.610812 31
3 0.460941 15
1 0.144387
4 0.844377 0.844383
4 0.650337 0.650391
4 0.007413 0.007512
4 0.606365 0.606412
1 0.533379
0 0.991025 wounu
3 0.955053 37
2 0.415994 0.000654
0 0.076733 lyrsi
3 0.341698 49
1 0.655534
1 0.777695
2 0.522058 0.000784
4 0.831294 0.831383
4 0.659182 0.65928
0 0.614235 laskx
2 0.45675 0.000584
1 0.615335
0 0.186909 yssnd
2 0.423524 0.000428
3 0.735155 14
4 0.082801 0.082807
3 0.166467 21
1 0.844784
0 0.964033 qgqhy
3 0.561929 45
0 0.841908 ekmyt
4 0.310951 0.310967
3 0.602235 17
4 0.652181 0.652234
0 0.511461 uwynf
1 0.635955
0 0.007164 rsuyd
0 0.298996 bvbbe
1 0.989953
1 0.25259
4 0.939332 0.93937
0 0.564609 tjlvp
4 0.731114 0.731143
0 0.605701 exhld
0 0.781333 gihfk
2 0.274413 0.00081
4 0.024047 0.024141
3 0.318111 42
2 0.276165 0.000703
1 0.523631
0 0.523188 hwrko
3 0.360364 38
0 0.849587 zzlst
4 0.471538 0.471552
4 0.183872 0.183933
2 0.018336 0.000753
4 0.481498 0.48153
3 0.668761 16
4 0.735432 0.73553
4 0.62208 0.622142
0 0.405471 kmtib
1 0.870302
3 0.172507 26
2 0.08322 0.000205
3 0.639325 32
1 0.532134
4 0.488772 0.488864
1 0.28835
2 0.052557 0.00043
2 0.250912 0.000253
3 0.798259 29
1 0.871399
2 0.180133 0.000429
1 0.371511
1 0.991352
1 0.44057
2 0.00774 0.000105
4 0.762343 0.762417
1 0.019434
4 0.832723 0.832814
2 0.36218 0.000904
2 0.266291 0.000163
3 0.576122 14
2 0.756255 0.000343
4 0.644118 0.644192
1 0.432834
1 0.254338
2 0.371592 0.000199
0 0.335966 orllw
2 0.585788 6.8e-05
1 0.852079
3 0.72811 1
2 0.346477 0.000808
0 0.872976 rchja
3 0.770599 23
0 0.658543 aeini
2 0.891706 0.000552
4 0.278525 0.278608
2 0.522987 0.000184
2 0.869465 0.000344
2 0.258793 0.00027
4 0.165973 0.166007
0 0.221681 fdxwq
3 0.814091 49
1 0.946348
3 0.523896 9
0 0.167866 laqgs
0 0.523198 xaoin
3 0.245989 23
3 0.383774 2
3 0.478642 44
0 0.20547 zkwdm
3 0.588491 21
0 0.802215 ompwm
0 0.308041 bjuec
1 0.055553
3 0.007086 1
1 0.630979
1 0.385187
2 0.220102 0.000508
0 0.808593 rhgtv
0 0.429478 fktbg
4 0.643032 0.643126
2 0.698585 0.000257
2 0.209128 0.000766
4 0.961962 0.962007
2 0.522086 9e-06
0 0.782604 dscmk
3 0.987212 1
3 0.241083 26
4 0.096534 0.096592
0 0.459086 frxxd
4 0.818585 0.818642
3 0.682086 2
2 0.174447 4e-06
1 0.67494
4 0.166385 0.166406
1 0.460101
1 0.977321
2 0.709645 0.000855
0 0.516433 guuov
4 0.137593 0.137634
1 0.409608
3 0.435198 31
2 0.595203 0.000209
4 0.866687 0.866739
3 0.521758 39
0 0.031652 eshji
2 0.376832 0.000838
1 0.079488
3 0.460936 30
1 0.870544
0 0.677877 vfwbn
1 0.702289
2 0.827709 0.000915
4 0.943048 0.943093
3 0.023663 20
3 0.02975 5
3 0.836741 43
1 0.297677
0 0.90413 xjxtw
4 0.839438 0.839472
0 0.05808 zsffs
2 0.921461 0.000738
4 0.796411 0.796419
4 0.826161 0.826224
3 0.254304 32
2 0.858058 0.000506
0 0.440065 romxw
2 0.269778 0.000719
3 0.448125 44
0 0.122317 gqecf
0 0.657531 vbmis
1 0.108215
2 0.991577 0.000787
3 0.363837 34
4 0.254316 0.254382
4 0.515679 0.515771
3 0.622789 11
0 0.417989 fdjmj
3 0.142091 28
1 0.36758
4 0.054924 0.054952
3 0.672711 43
1 0.845348
2 0.171254 6.7e-05
1 0.690847
4 0.420091 0.420162
3 0.988283 12
3 0.871493 13
1 0.412235
2 0.2443 0.000115
0 0.128232 heqly
3 0.341312 31
3 0.028918 48
1 0.078191
2 0.254576 0.000376
0 0.743484 hnzpc
4 0.553992 0.554011
4 0.478488 0.47854
2 0.974259 0.000912
2 0.142742 0.000718
1 0.672925
3 0.028275 26
4 0.622818 0.622851
4 0.076425 0.076458
0 0.253858 zxjpo
3 0.781061 43
1 0.248613
0 0.327075 prewr
0 0.041385 cawnw
0 0.293263 cjyiu
3 0.456606 18
0 0.570118 uspza
0 0.759591 ffdql
2 0.313226 0.000103
0 0.006966 dezcv
3 0.38592 31
0 0.07494 ygyhf
4 0.051092 0.051177
1 0.877338
0 0.576157 rdiot
4 0.440678 0.440736
1 0.866064
0 0.039315 tyxco
2 0.376865 0.000407
2 0.521524 0.000958
3 0.160635 6
1 0.50851
0 0.730445 zuwod
3 0.411997 19
2 0.014964 3.6e-05
1 0.943014
1 0.750225
2 0.365544 0.000442
1 0.771813
3 0.522333 20
3 0.209964 38
0 0.735179 cxjfb
3 0.39912 23
2 0.447769 0.000537
0 0.89607 lmmdz
3 0.159509 10
1 0.134851
3 0.241944 23
3 0.96826 11
4 0.690786 0.690791
0 0.903993 xjoyk
0 0.454531 jsswg
2 0.091984 0.000574
2 0.073023 0.000425
3 0.831319 48
3 0.79958 11
2 0.019372 9e-06
4 0.029629 0.029723
2 0.084485 0.0007
1 0.481439
2 0.088826 0.000576
1 0.891072
1 0.619653
3 0.142215 42
1 0.602992
2 0.920103 0.000242
1 0.236035
3 0.14597 9
2 0.868764 0.00074
3 0.690578 10
4 0.952789 0.952864
3 0.557967 3
4 0.449039 0.449083
4 0.948447 0.948458
1 0.037231
3 0.056766 34
0 0.688712 agucd
2 0.79922 0.000773
1 0.717798
4 0.254203 0.254291
0 0.232442 zkxpa
0 0.6252 hmxzo
1 0.955382
3 0.324051 16
3 0.260668 15
1 0.962441
1 0.881769
2 0.155879 0.000159
2 0.65502 0.000979
4 0.522304 0.522356
3 0.935157 4
2 0.118669 0.00086
2 0.292218 0.000861
1 0.659137
4 0.324835 0.324922
2 0.85105 0.000858
3 0.092617 28
2 0.764848 0.000787
4 0.93622 0.936238
3 0.521802 39
2 0.645885 0.000345
1 0.280906
0 0.881791 jjrew
4 0.772501 0.772516
0 0.960359 wdlsn
3 0.633 33
4 0.038498 0.038567
2 0.749226 0.00091
1 0.911463
1 0.488668
4 0.765493 0.765525
3 0.514107 15
3 0.80296 32
0 0.763319 dlrff
1 0.041121
3 0.62679 21
3 0.638073 49
0 0.220799 mvqoy
0 0.247227 cbseo
1 0.007246
4 0.34809 0.34817
0 0.516743 eymjw
2 0.600737 0.000164
4 0.337889 0.337917
3 0.992873 12
2 0.963834 0.000841
1 0.15098
2 0.847654 0.000356
0 0.052479 ddgqf
0 0.253773 nigzq
1 0.117487
0 0.340704 hrkbs
2 0.169232 0.000783
1 0.016886
4 0.189211 0.189276
3 0.692758 46
2 0.898985 0.000648
2 0.408382 4.6e-05
0 0.396795 cakvq
3 0.166791 5
0 0.298407 tbpvw
2 0.760962 0.000974
3 0.970072 22
0 0.869057 tjrez
2 0.780325 9.2e-05
3 0.554559 24
4 0.669497 0.669587
3 0.597402 27
2 0.090467 0.000296
0 0.52224 iraru
3 0.778662 23
3 0.572454 42
2 0.279393 0.000969
4 0.455926 0.456006
0 0.094502 jaggj
0 0.741951 bafoj
1 0.101317
1 0.769658
2 0.881692 0.000321
2 0.253814 0.000849
0 0.041407 bzpuh
2 0.542525 0.000983
1 0.895114
0 0.324452 bbzab
4 0.670106 0.670191
0 0.785524 fukyt
0 0.550825 abmif
3 0.881456 19
0 0.979792 nwxme
0 0.023392 moimv
3 0.758816 13
4 0.335301 0.335371
1 0.344658
4 0.576566 0.57658
1 0.509699
2 0.404055 6.1e-05
1 0.158025
0 0.616164 mwruz
3 0.020968 42
4 0.487862 0.487905
4 0.338828 0.338924
4 0.726474 0.726529
0 0.819392 sfptx
4 0.848462 0.848492
4 0.464626 0.464707
1 0.694897
3 0.472625 46
3 0.99392 12
1 0.809109
0 0.521977 rjbvo
4 0.824146 0.824244
3 0.535841 3
2 0.900655 8.5e-05
4 0.365281 0.365347
0 0.576531 iczmq
1 0.181021
2 0.068463 0.000642
2 0.801014 0.000512
1 0.292743
2 0.0235 0.000421
2 0.823629 0.000276
2 0.724284 0.000361
3 0.605918 27
0 0.182449 qoeik
4 0.253293 0.253378
3 0.457288 17
4 0.6188 0.61884
2 0.56609 0.000815
1 0.853877
3 0.690881 33
3 0.670225 41
1 0.680404
1 0.222862
3 0.454772 40
1 0.257638
1 0.255544
4 0.602644 0.602728
3 0.145043 35
1 0.496537
2 0.166491 0.000139
0 0.978163 aimxj
1 0.377984
2 0.675933 0.000315
4 0.896975 0.897041
0 0.274586 xffqi
3 0.191984 37
1 0.122411
3 0.003412 17
4 0.138392 0.138474
2 0.891761 0.000711
1 0.529199
0 0.459244 cglug
3 0.294894 10
3 0.122541 11
1 0.830877
4 0.179939 0.180027
4 0.183351 0.183359
4 0.321743 0.321833
3 0.57505 31
3 0.023682 46
2 0.457483 7e-05
3 0.153915 24
3 0.448809 36
1 0.087703
4 0.604685 0.604765
0 0.784624 jvasn
1 0.607571
1 0.897474
2 0.209084 0.000587
0 0.167652 vbchc
0 0.405965 pdwob
0 0.936719 kkhnk
4 0.983941 0.984015
1 0.881415
1 0.329827
0 0.658073 edhwz
1 0.370573
2 0.384471 0.000538
2 0.655999 0.000558
1 0.481863
2 0.548332 0.000551
0 0.662434 kicux
2 0.782494 4.1e-05
0 0.941727 ynamh
1 0.174207
1 0.051311
1 0.969202
1 0.913472
2 0.06938 0.000761
1 0.023916
1 0.340588
2 0.180607 0.000606
3 0.550844 0
4 0.095506 0.095585
0 0.385978 pniag
4 0.264113 0.264138
2 0.618334 0.000949
1 0.204066
2 0.374758 0.000778
0 0.254043 qpnwv
4 0.564092 0.56413
3 0.181473 19
1 0.667785
4 0.371383 0.371439
4 0.635496 0.635529
3 0.770182 34
1 0.974249
1 0.360594
4 0.323871 0.323879
1 0.521671
0 0.224587 rxdsi
2 0.519236 0.000321
4 0.214215 0.214219
0 0.020756 ggfmc
3 0.487983 9
4 0.800363 0.800395
2 0.247371 0.000771
1 0.009616
1 0.078683
4 0.166798 0.166854
2 0.328847 0.000477
1 0.059415
3 0.023454 23
0 0.742532 vdpat
4 0.685679 0.685701
3 0.420784 44
4 0.791232 0.791294
2 0.386267 0.000206
4 0.769981 0.769999
1 0.254123
2 0.260784 0.000929
3 0.37366 16
0 0.394597 gwkka
3 0.61662 37
2 0.966566 0.000546
4 0.326128 0.326167
1 0.872687
3 0.879728 7
1 0.519928
1 0.254091
1 0.8728
3 0.653909 46
0 0.4148 fdgcu
0 0.148224 lskxd
1 0.594693
1 0.784962
3 0.521465 28
3 0.951692 40
1 0.159055
3 0.892442 41
0 0.685047 xbtsy
2 0.687295 0.000788
1 0.947417
3 0.189426 31
3 0.965682 45
1 0.487148
3 0.205254 42
1 0.933297
4 0.697001 0.697042
4 0.166266 0.166361
1 0.668885
2 0.168535 0.000558
2 0.372182 0.000347
0 0.3196 hahqy
3 0.114063 31
3 0.835669 23
4 0.768967 0.769039
3 0.81946 3
1 0.290644
4 0.007598 0.007661
3 0.342227 25
1 0.981574
3 0.329483 8
4 0.573218 0.573236
2 0.493346 0.000933
3 0.617751 3
3 0.822821 22
2 0.757596 0.000382
0 0.659619 nzqag
2 0.167697 0.000423
1 0.277577
3 0.01673 24
1 0.6826
1 0.040174
4 0.286912 0.286937
2 0.622645 9.8e-05
1 0.094055
4 0.215793 0.215858
1 0.743171
2 0.522006 0.000458
0 0.910374 itkgy
3 0.141541 14
0 0.081445 jfxiq
4 0.684666 0.68473
4 0.955712 0.955721
2 0.886378 0.000233
1 0.030983
3 0.98617 41
3 0.412897 31
3 0.488728 25
0 0.422637 ichjr
1 0.712527
1 0.824512
2 0.82631 0.000577
3 0.499537 5
1 0.364128
0 0.126686 fwfkn
1 0.922245
4 0.202699 0.202719
2 0.254222 0.000967
1 0.463041
4 0.552379 0.552421
3 0.262823 2
0 0.186976 jifxg
3 0.793625 39
0 0.073173 vzmfb
0 0.01368 hrdsb
1 0.382695
2 0.910158 0.000373
0 0.007383 jjvya
4 0.191504 0.191595
4 0.78103 0.781128
3 0.2928 19
1 0.616043
2 0.742877 0.000115
2 0.875406 3.8e-05
0 0.258101 zmzhl
0 0.143272 jlxyc
0 0.100861 ywxbo
1 0.023504
2 0.66103 0.000554
1 0.536436
4 0.656296 0.656386
0 0.723403 yjkyj
3 0.693637 24
0 0.484146 uljvk
2 0.938524 0.000608
4 0.373028 0.373075
1 0.034058
3 0.254626 42
4 0.356535 0.35658
3 0.682991 18
4 0.669072 0.669088
3 0.243298 22
1 0.077944
1 0.731625
3 0.362053 25
4 0.220662 0.220706
3 0.419061 38
3 0.166332 17
2 0.714586 0.000152
2 0.687744 0.000144
0 0.845835 zwxjy
2 0.967162 0.00017
2 0.786145 0.000223
4 0.576357 0.576394
1 0.223245
1 0.900979
0 0.882018 fqvpj
2 0.6903 0.000605
1 0.154203
2 0.715827 6.9e-05
3 0.781969 31
3 0.096088 29
4 0.928283 0.928369
1 0.584874
3 0.657377 5
3 0.055747 20
3 0.842382 13
3 0.481305 7
3 0.429642 11
3 0.145469 32
1 0.44379
1 0.791255
4 0.436095 0.436139
2 0.325533 0.000822
3 0.954568 2
3 0.520498 49
3 0.823822 34
1 0.690171
1 0.433065
0 0.936498 dvymc
3 0.802927 36
4 0.755374 0.755406
1 0.080907
2 0.619539 0.000827
4 0.707484 0.707509
0 0.927748 iyscl
1 0.49848
0 0.488703 lcdjx
3 0.719731 49
2 0.407415 0.000902
1 0.585922
2 0.5485 0.000333
1 0.620826
4 0.995026 0.995051
0 0.824703 zkerw
4 0.958409 0.958424
2 0.50806 0.000177
1 0.254225
4 0.50028 0.500293
1 0.496953
0 0.824565 toopc
0 0.215957 juhfb
3 0.535121 20
4 0.183537 0.183631
0 0.673066 verkh
0 0.667723 tstpw
2 0.301736 0.000659
2 0.481332 0.000884
1 0.622961
2 0.318566 8.2e-05
3 0.074017 21
2 0.337529 3.7e-05
0 0.184511 femyh
4 0.481161 0.481231
1 0.363188
2 0.085669 0.000847
4 0.790627 0.790643
3 0.166906 11
2 0.268153 0.000881
4 0.126125 0.12617
4 0.173514 0.173585
2 0.027539 0.000107
2 0.18848 0.000766
3 0.669641 37
1 0.03283
4 0.75873 0.758759
1 0.065709
2 0.167509 0.00052
1 0.627555
3 0.423069 35
0 0.578466 sybdy
1 0.615207
1 0.466863
2 0.142678 0.000552
0 0.69186 ewrah
4 0.104735 0.104752
2 0.761255 5e-06
3 0.69014 31
2 0.233871 0.0008
2 0.333991 0.000709
3 0.465551 45
3 0.486238 25
0 0.696339 btzfz
0 0.772668 naosj
0 0.594547 oajjv
1 0.088844
3 0.76684 24
4 0.892314 0.892379
0 0.859458 oysmd
2 0.934302 0.000741
2 0.140354 7e-06
3 0.890995 5
1 0.01811
1 0.426003
2 0.068369 0.000199
0 0.351562 brqih
2 0.705263 0.000534
2 0.481882 0.000151
0 0.448258 fcbza
0 0.670159 xlzui
1 0.281618
1 0.735328
3 0.767254 30
4 0.68133 0.68138
4 0.971216 0.971288
0 0.818434 lpvjl
4 0.731656 0.731729
2 0.023601 0.000391
4 0.956955 0.957017
3 0.754925 11
3 0.454268 15
1 0.722409
0 0.081811 ltvxl
1 0.316968
2 0.518708 0.000541
3 0.766716 17
0 0.010685 xdeyp
0 0.89215 csbmx
1 0.229233
2 0.55263 0.000521
3 0.523777 39
1 0.483026
2 0.534338 0.000724
1 0.386057
1 0.196351
1 0.653304
4 0.751789 0.75181
1 0.007354
2 0.568222 0.000196
4 0.171894 0.171906
0 0.987731 yeots
3 0.47725 2
3 0.021327 18
0 0.508573 lgcix
1 0.958773
3 0.206915 0
2 0.291489 9.8e-05
3 0.521785 16
2 0.426323 0.000378
1 0.537826
4 0.054132 0.05421
4 0.591811 0.591859
0 0.616736 cbipt
0 0.131294 mgpjq
3 0.227977 9
3 0.926687 27
1 0.353011
3 0.488552 31
4 0.848886 0.84893
2 0.726883 0.000781
4 0.903744 0.903843
0 0.680315 wixhx
2 0.628832 9.2e-05
1 0.921893
0 0.00664 kxxad
2 0.223728 0.000801
1 0.072614
1 0.254442
1 0.465726
1 0.416261
3 0.110323 23
4 0.309471 0.309518
4 0.608915 0.608915
2 0.637218 4e-05
0 0.977036 aqaqu
3 0.326952 31
4 0.89453 0.894611
3 0.254389 18
1 0.489409
3 0.383064 16
0 0.672863 qrpad
3 0.865245 37
4 0.529733 0.529826
0 0.41795 ojzmn
4 0.165242 0.165313
3 0.378904 42
4 0.868313 0.868348
0 0.02373 xqohw
4 0.204873 0.204947
0 0.734606 xzglm
1 0.007783
2 0.735855 2.5e-05
0 0.953001 bnflj
0 0.918276 eohnh
4 0.137122 0.137194
2 0.823596 0.000707
3 0.241368 35
2 0.023183 0.000275
1 0.481326
2 0.129014 0.000679
4 0.260171 0.260189
1 0.566068
0 0.452157 iqica
1 0.332578
1 0.520173
0 0.966435 ntshi
0 0.959593 xblrg
0 0.00765 jdrha
4 0.383266 0.383322
0 0.641877 jjdvi
2 0.018457 0.000439
2 0.764196 0.000764
0 0.833211 hrqdu
3 0.286036 10
4 0.938568 0.938662
2 0.358919 0.000343
0 0.458375 rcoof
3 0.023608 32
4 0.884307 0.884404
0 0.322997 bofcg
1 0.274138
1 0.296231
4 0.59409 0.594141
0 0.514421 rynpi
4 0.547964 0.548031
4 0.594096 0.594106
1 0.920777
4 0.488474 0.488546
1 0.832894
0 0.889448 dvcwr
4 0.14194 0.141945
2 0.771818 8.6e-05
3 0.808459 1
4 0.872775 0.872843
3 0.983223 30
1 0.904001
0 0.680096 lgmhg
0 0.023476 zwizn
3 0.251456 24
4 0.448479 0.448564
0 0.02815 hbtng
1 0.717888
3 0.747584 11
4 0.684405 0.684482
4 0.362627 0.36267
4 0.05639 0.056426
2 0.144678 0.00025
3 0.690556 2
2 0.236076 0.000435
2 0.550388 0.000236
2 0.364275 0.000819
3 0.082164 3
3 0.817427 9
0 0.241856 sdzdr
3 0.222884 40
0 0.417049 ymgte
4 0.629803 0.629877
4 0.481606 0.481617
2 0.477196 0.000666
2 0.810975 7.5e-05
2 0.569183 0.000356
1 0.330434
3 0.366391 24
0 0.340782 mkidp
4 0.6856 0.685626
0 0.101926 yhhfj
2 0.232859 0.00084
1 0.690755
2 0.964624 0.000121
3 0.47896 15
3 0.21618 49
0 0.886801 tljjp
3 0.123683 38
1 0.589647
3 0.731532 21
2 0.480743 0.000662
3 0.524577 30
3 0.690413 1
3 0.602261 29
0 0.279612 zhhow
0 0.051849 rupqf
4 0.15861 0.158641
3 0.639353 45
1 0.680282
0 0.610511 gwlji
1 0.739461
4 0.823485 0.823525
1 0.254402
2 0.210728 0.000179
2 0.681717 0.000258
2 0.968611 0.000868
3 0.709014 22
3 0.958602 4
0 0.085465 stpkv
3 0.00758 37
3 0.39912 45
0 0.041648 jpiwt
1 0.007338
2 0.440406 0.000776
1 0.270074
3 0.643308 21
1 0.914393
1 0.748273
2 0.200834 0.000223
2 0.185973 0.000658
0 0.98087 jfizj
3 0.226234 39
4 0.488638 0.488709
0 0.817235 farft
3 0.54842 26
2 0.265606 5.1e-05
1 0.451579
0 0.918513 ujopb
2 0.100436 3.1e-05
1 0.24499
3 0.231612 26
2 0.726889 0.000361
1 0.690757
0 0.073896 yeozu
1 0.271401
0 0.39551 qeqtu
2 0.141882 0.000523
1 0.903225
1 0.153388
1 0.963295
0 0.981064 vpgrp
3 0.906473 8
0 0.48127 bvckb
2 0.962767 0.000783
2 0.35829 0.000911
2 0.922513 0.0003
0 0.885809 xhmrq
4 0.081788 0.081799
2 0.906049 0.000483
0 0.509642 pwxnl
0 0.046153 vpofw
0 0.463321 uwccz
2 0.167558 0.000953
0 0.421453 ciegd
2 0.315575 0.000404
1 0.330224
1 0.515274
1 0.027276
0 0.246735 nyijx
4 0.620644 0.620701
3 0.55231 4
3 0.166615 41
1 0.481888
1 0.853906
2 0.720783 0.000662
3 0.56736 21
0 0.655226 maebb
0 0.015845 kivbz
2 0.482868 0.000464
2 0.591459 0.00049
2 0.817887 0.000805
0 0.188146 esomf
1 0.023795
2 0.525044 0.000215
3 0.653415 10
0 0.584022 krosn
1 0.360877
4 0.759867 0.759896
3 0.985024 41
1 0.604231
2 0.036082 0.000313
3 0.929565 46
3 0.521999 11
4 0.001339 0.001362
4 0.101713 0.101789
4 0.571626 0.571712
3 0.809354 13
2 0.569221 0.000544
1 0.554245
0 0.253927 iexty
2 0.839688 0.000848
3 0.174883 23
1 0.023074
2 0.372178 0.000537
3 0.460156 23
1 0.26951
3 0.361141 32
4 0.323499 0.323528
2 0.577426 0.000158
2 0.90014 0.000652
2 0.636067 0.00034
1 0.887642
0 0.167357 ruyhg
2 0.22204 0.00035
0 0.583181 nrkfg
4 0.671625 0.671671
1 0.566277
0 0.053018 sfepj
0 0.984085 pbtps
1 0.084455
4 0.200633 0.20069
2 0.783815 0.000591
4 0.166313 0.166322
3 0.093243 29
3 0.973277 43
0 0.787703 qibxr
1 0.236424
2 0.938706 0.000385
0 0.846215 rumbz
1 0.7238
0 0.8189 oyqha
4 0.185151 0.185163
4 0.254374 0.254416
2 0.031022 9.3e-05
3 0.722991 49
3 0.099241 16
3 0.292011 24
3 0.691628 40
4 0.331255 0.331348
4 0.111492 0.111551
1 0.634413
3 0.497089 25
4 0.023852 0.02389
1 0.076161
1 0.698024
2 0.489382 0.00015
0 0.424748 owgon
2 0.152534 0.000992
0 0.252599 wdhou
2 0.832574 0.000465
3 0.708247 4
1 0.393235
0 0.023334 zitko
3 0.420398 27
0 0.03741 udayg
4 0.601 0.60109
1 0.662627
1 0.437178
2 0.466815 0.000135
0 0.860051 fglpu
0 0.478889 tfkwn
4 0.643272 0.643315
3 0.690486 26
4 0.884111 0.8842
3 0.126327 20
1 0.593143
0 0.490508 rjslw
2 0.451634 0.00047
1 0.44264
0 0.110482 cxwrv
3 0.815725 9
2 0.826684 0.00042
1 0.253764
1 0.10289
3 0.440324 36
1 0.735144
0 0.702132 prbnc
3 0.669405 43
4 0.939512 0.939522
2 0.23301 3.5e-05
3 0.679289 22
3 0.407006 47
3 0.521835 38
4 0.115197 0.115286
4 0.624842 0.624915
3 0.102474 28
3 0.539097 18
3 0.49164 18
2 0.366302 0.000557
0 0.05669 gigqe
4 0.951844 0.951931
4 0.994605 0.99463
3 0.690616 46
1 0.566937
0 0.05452 ylyqe
3 0.407155 15
1 0.6194
0 0.984224 qfofz
2 0.059466 0.000204
2 0.700343 0.000767
1 0.934361
4 0.852502 0.852555
1 0.521986
0 0.685063 srkzo
2 0.086388 0.000629
1 0.113675
0 0.836968 yxtok
4 0.232016 0.23202
2 0.166378 0.000223
0 0.630031 qkorh
1 0.751622
1 0.320145
0 0.254078 mebdd
4 0.104098 0.104191
2 0.034835 0.000213
4 0.788691 0.788733
2 0.670266 0.000974
0 0.246497 fxyqf
4 0.603697 0.603752
1 0.681985
4 0.278926 0.278976
0 0.730303 nflgk
2 0.166195 0.000445
2 0.068307 6.3e-05
1 0.035637
0 0.275785 lneih
4 0.048792 0.048887
4 0.043486 0.04356
2 0.022938 0.000677
2 0.307764 0.000212
3 0.748384 2
4 0.170568 0.17058
1 0.166488
4 0.696825 0.696911
2 0.892729 0.000708
4 0.811248 0.811328
1 0.703696
1 0.006604
0 0.244595 yxdlr
3 0.602043 16
3 0.288964 28
4 0.806911 0.806911
4 0.023386 0.023436
4 0.126402 0.126413
3 0.937651 41
1 0.157699
2 0.342247 0.000769
0 0.37179 ducau
3 0.138848 3
2 0.982529 0.000233
4 0.257529 0.257558
3 0.548543 2
1 0.690234
3 0.529627 42
3 0.371848 42
0 0.062732 znxie
2 0.269956 0.000422
3 0.795037 8
2 0.037439 0.000644
1 0.406244
1 0.441601
3 0.303381 11
2 0.488098 0.000322
4 0.641585 0.641657
2 0.450955 0.000316
0 0.732679 ouxjy
0 0.450204 chacp
1 0.691438
1 0.047872
1 0.778078
3 0.094323 19
1 0.769645
4 0.488241 0.488331
3 0.968108 9
2 0.030604 0.000875
2 0.480809 0.000379
4 0.408009 0.408025
1 0.668853
1 0.496047
2 0.754307 0.000125
0 0.84863 qczer
0 0.548789 djbbn
0 0.168233 qiogp
2 0.534653 0.000171
3 0.030701 48
1 0.821178
4 0.936856 0.936931
2 0.071484 0.000181
4 0.821829 0.821851
0 0.064912 mdzjn
0 0.195209 xlnhd
3 0.987972 48
3 0.690683 4
2 0.808875 0.000179
0 0.880359 zlayz
2 0.935837 0.00017
2 0.81808 0.000464
4 0.013289 0.01335
1 0.970195
0 0.852593 mrvfx
0 0.010472 kyzvm
3 0.467775 9
3 0.167438 17
1 0.869239
4 0.395617 0.395701
1 0.642622
3 0.418087 0
3 0.428559 33
2 0.764258 0.000597
2 0.980316 0.000372
3 0.931266 32
1 0.165668
0 0.690868 kekbj
2 0.706125 0.000876
0 0.124212 cphna
1 0.64166
1 0.330049
4 0.686219 0.686234
4 0.629882 0.629917
1 0.526656
1 0.649011
4 0.93022 0.93031
4 0.690912 0.691001
2 0.509771 9.4e-05
1 0.918652
4 0.6073 0.607315
4 0.957033 0.957061
0 0.287083 qdiem
1 0.936484
2 0.460102 0.000847
2 0.390322 0.000138
1 0.667985
4 0.690605 0.69068
3 0.977765 29
2 0.101417 0.000595
3 0.05845 25
4 0.861885 0.861924
3 0.926636 23
2 0.934722 0.000359
2 0.394824 0.000207
4 0.301499 0.301596
2 0.485836 0.000673
1 0.167647
1 0.59168
3 0.696923 28
0 0.212598 kwukj
3 0.070282 44
2 0.207624 0.00037
1 0.783885
1 0.48058
2 0.369057 0.000254
4 0.90252 0.902588
3 0.488504 39
2 0.360925 0.00022
4 0.573523 0.573524
0 0.678613 diure
1 0.298314
3 0.148434 1
4 0.629015 0.629068
2 0.414269 0.000777
4 0.976489 0.976539
3 0.777088 2
3 0.488329 16
0 0.116535 tbldy
4 0.941782 0.941794
3 0.570797 16
2 0.501418 0.000395
1 0.477907
1 0.712595
2 0.56365 0.000275
1 0.484027
3 0.308474 31
4 0.690311 0.690388
2 0.855641 0.000739
3 0.797423 1
3 0.36822 19
3 0.869638 15
4 0.863897 0.86396
1 0.635244
3 0.617926 32
0 0.881101 ddwdz
3 0.399093 17
0 0.690666 khkbf
2 0.422299 0.000941
0 0.556577 uyxqz
2 0.65099 0.000279
0 0.050083 pokeg
0 0.559794 earzb
3 0.988323 12
4 0.698452 0.698515
2 0.220895 0.00074
1 0.556029
1 0.167448
3 0.395766 47
4 0.211216 0.211216
2 0.983775 0.000879
2 0.543569 0.000438
3 0.775172 46
4 0.03187 0.031939
1 0.726617
2 0.923974 0.000304
4 0.898067 0.898134
3 0.690388 44
2 0.172068 0.000713
1 0.23232
2 0.025296 0.000199
2 0.085217 0.000989
0 0.86039 mlkws
4 0.629379 0.629403
1 0.277048
3 0.322653 47
4 0.374264 0.374349
2 0.48878 0.000126
0 0.270246 qzdqv
2 0.002708 0.000366
0 0.254094 sckuu
4 0.480798 0.48081
4 0.803451 0.803462
3 0.177716 46
0 0.646129 tkzvm
4 0.046355 0.046383
2 0.460331 0.000267
2 0.48863 0.000348
1 0.539239
4 0.782089 0.782092
4 0.585541 0.585556
2 0.279609 0.000963
0 0.925738 ayvhl
2 0.509753 0.000284
1 0.486436
4 0.599729 0.599766
3 0.616433 16
0 0.488623 vzpqp
3 0.216009 41
3 0.838482 37
1 0.543638
1 0.477751
0 0.301632 vchjz
1 0.954944
3 0.22828 4
4 0.242931 0.242985
4 0.515268 0.515316
4 0.488148 0.488221
3 0.870532 21
4 0.818693 0.818715
4 0.120326 0.120339
0 0.538039 ifmdx
1 0.053742
4 0.559749 0.559797
3 0.591369 46
3 0.996258 48
1 0.133509
2 0.167642 1.7e-05
4 0.680068 0.680159
0 0.316746 dfnyi
3 0.069882 22
1 0.639976
1 0.336242
1 0.178281
3 0.560973 29
4 0.519521 0.519523
0 0.026715 xbueg
0 0.167577 wdwfr
0 0.023013 iuwxl
1 0.778046
0 0.83893 dwxhs
1 0.542566
3 0.992553 37
3 0.849565 13
3 0.232227 46
4 0.684771 0.684824
2 0.777291 0.000366
1 0.690291
0 0.261544 joipz
2 0.04198 0.000148
3 0.74167 19
1 0.966274
2 0.537814 0.000387
3 0.556178 20
2 0.411919 0.0009
2 0.622942 1.4e-05
3 0.452196 43
4 0.16727 0.167341
2 0.441275 0.000418
0 0.900423 mhiin
3 0.494423 43
3 0.050602 15
3 0.978873 18
0 0.601815 pnhni
4 0.984817 0.98482
1 0.36054
0 0.030286 winov
2 0.488098 0.000116
2 0.518811 0.000177
4 0.310097 0.310187
2 0.567377 0.000677
4 0.552194 0.552274
0 0.912734 vxbgj
0 0.86833 vzgev
2 0.54445 0.000973
2 0.273567 0.000657
0 0.032096 glwtl
3 0.690991 44
0 0.81763 hxmyb
4 0.696892 0.696972
1 0.143844
1 0.540635
3 0.557914 7
3 0.937077 2
0 0.277821 mkynd
0 0.230243 spopy
3 0.007205 7
3 0.168146 38
4 0.029792 0.029887
4 0.966869 0.966966
1 0.761043
0 0.531049 iexth
1 0.42396
3 0.014292 12
3 0.021497 22
1 0.529523
3 0.038636 26
1 0.690276
1 0.023527
3 0.737422 20
3 0.784823 46
0 0.578976 imaho
2 0.542891 0.000732
2 0.725363 0.000918
0 0.659238 jgnva
1 0.589726
3 0.211294 4
2 0.168091 0.000633
3 0.665556 35
3 0.649474 13
2 0.188381 0.000166
3 0.237801 36
0 0.34388 spwjw
0 0.532838 acftj
1 0.074805
4 0.07803 0.078068
3 0.743586 26
1 0.167825
2 0.851947 0.000793
4 0.195827 0.195885
0 0.669313 zppqd
3 0.840849 35
0 0.689055 aytgy
3 0.437106 41
3 0.802145 25
3 0.034703 34
2 0.818496 0.00044
4 0.690541 0.69058
4 0.798932 0.798961
1 0.082369
0 0.351731 yjmgt
2 0.661818 0.000869
3 0.097051 15
3 0.244462 24
1 0.061187
1 0.011006
2 0.451121 1.3e-05
0 0.168027 jsgdn
4 0.211391 0.211451
2 0.203839 0.000106
1 0.196673
3 0.83353 21
3 0.157078 49
1 0.866943
2 0.342718 0.000973
3 0.70017 23
2 0.671025 0.000138
1 0.168242
1 0.626835
2 0.516465 0.000866
3 0.195664 36
0 0.602607 krwle
0 0.840033 voihf
1 0.839761
1 0.15348
3 0.833028 26
0 0.434354 btard
2 0.167379 0.000827
3 0.869045 24
1 0.929104
2 0.476128 0.000366
4 0.403385 0.403412
0 0.073217 oeeok
0 0.589407 qcycq
4 0.755754 0.755784
2 0.105865 0.000409
0 0.491262 aekoc
