0 0.91666 aqjja
4 0.334473 0.334555
0 0.417201 syxdb
0 0.992337 imnxr
3 0.201062 31
4 0.488315 0.488322
1 0.660933
3 0.552053 30
2 0.414259 4.8e-05
3 0.748732 33
3 0.682286 26
3 0.470985 15
2 0.710737 0.000902
0 0.46234 yejgo
3 0.878269 22
0 0.097832 udptl
1 0.120387
2 0.845581 0.000122
2 0.044219 0.000401
0 0.515204 gwfmw
4 0.664146 0.66423
1 0.068241
0 0.251971 bweqg
4 0.243283 0.243343
3 0.340131 0
3 0.185712 24
0 0.746283 sxzeb
1 0.931114
2 0.724767 0.00026
1 0.159528
3 0.092028 1
0 0.860145 mhybj
4 0.730724 0.730752
1 0.361407
2 0.298305 0.000469
3 0.574881 47
0 0.623774 ljqwj
4 0.167597 0.167692
4 0.775978 0.776024
0 0.636123 qpbdg
0 0.470427 vqozy
1 0.878984
2 0.948655 5.2e-05
1 0.472813
0 0.360357 vseeq
2 0.092502 6.2e-05
4 0.728625 0.728673
0 0.337866 wlpwr
0 0.243865 frdnm
4 0.829059 0.829069
4 0.352311 0.35233
3 0.166179 27
2 0.462895 0.000689
4 0.653957 0.654033
4 0.339505 0.339551
1 0.281108
0 0.360325 wfbid
4 0.31423 0.314329
2 0.123759 0.00071
4 0.922453 0.922475
3 0.870074 3
2 0.134218 0.000448
2 0.974513 0.000405
0 0.059784 inauu
4 0.57851 0.578514
2 0.031867 0.000696
1 0.346098
1 0.72065
2 0.935706 0.000825
3 0.40108 20
2 0.548986 0.000593
2 0.643434 0.000257
2 0.908192 0.000597
2 0.028806 0.000135
1 0.430529
3 0.855183 40
4 0.30445 0.304509
0 0.663188 yhkpl
0 0.314582 zsvem
3 0.165685 40
1 0.590229
4 0.45546 0.455495
4 0.951043 0.951108
2 0.806226 0.000957
1 0.110676
1 0.519103
1 0.551926
4 0.190407 0.190452
1 0.463774
2 0.668325 0.000112
3 0.190576 45
3 0.356261 35
4 0.94649 0.946514
4 0.081877 0.081925
3 0.131442 47
4 0.222751 0.222826
3 0.87132 29
4 0.423246 0.423254
3 0.381091 21
3 0.16987 46
0 0.252567 hmzta
3 0.770719 5
3 0.090154 49
3 0.215816 3
3 0.968506 23
4 0.643658 0.643684
2 0.591645 0.000814
4 0.882744 0.88281
4 0.848066 0.84808
4 0.202354 0.202452
4 0.124715 0.124753
3 0.03411 40
1 0.766278
3 0.75871 36
1 0.348926
4 0.166806 0.166857
3 0.481793 37
2 0.018159 0.000343
1 0.556474
2 0.908017 2.4e-05
2 0.951431 0.000991
0 0.20385 pchlj
2 0.905494 0.000117
3 0.361683 18
0 0.295786 mddcr
1 0.341046
3 0.251948 47
4 0.200182 0.200269
0 0.523982 otrmm
2 0.10074 0.000738
0 0.068281 ubnpw
3 0.252145 48
4 0.365069 0.365132
3 0.133369 13
2 0.849903 0.000302
4 0.946882 0.946931
0 0.875636 hfeez
2 0.521464 0.000823
1 0.837625
3 0.733938 48
3 0.916744 3
3 0.446805 16
2 0.296708 0.000219
1 0.186946
3 0.9529 47
4 0.352998 0.353012
4 0.151754 0.151767
0 0.635929 ozgfj
3 0.999647 16
0 0.3917 qvrxn
0 0.579213 pnilh
1 0.593603
2 0.248727 0.000716
2 0.884657 0.000887
3 0.700457 46
4 0.222876 0.222948
2 0.740586 0.00023
1 0.750279
3 0.875556 30
2 0.417612 0.000581
3 0.549822 18
3 0.173624 47
1 0.128301
1 0.138128
1 0.104065
4 0.776097 0.776177
2 0.795518 0.000418
4 0.766535 0.766632
2 0.158443 0.000177
4 0.576055 0.576065
4 0.590745 0.590767
0 0.90314 wyxsj
0 0.464395 kvzhy
3 0.80704 46
4 0.089927 0.090023
2 0.028899 0.000778
4 0.359125 0.359157
1 0.088641
1 0.713822
1 0.000927
3 0.314425 14
3 0.770245 12
3 0.781767 42
3 0.105159 38
3 0.195086 34
2 0.683051 0.000586
1 0.46989
3 0.729662 33
4 0.443484 0.4435
2 0.521105 0.000591
4 0.314944 0.315041
1 0.481453
4 0.246813 0.246904
3 0.122154 26
1 0.20579
3 0.917076 4
1 0.511658
0 0.384961 zchfc
2 0.808501 1.3e-05
2 0.497011 0.000727
0 0.73084 wqwii
3 0.122192 3
3 0.302445 19
0 0.957743 mdwfz
0 0.68018 tthao
4 0.92258 0.922667
2 0.843727 0.000763
1 0.760129
2 0.361725 0.000673
0 0.5407 lcujq
4 0.470473 0.470493
0 0.990456 wyxef
3 0.119843 27
2 0.96737 0.000356
0 0.095542 rffdh
1 0.098188
0 0.155234 cbcyn
2 0.462149 0.000359
3 0.20138 43
3 0.067466 38
3 0.748821 24
3 0.392927 29
4 0.652438 0.652492
2 0.645771 2.1e-05
3 0.297967 7
4 0.299247 0.299266
3 0.554092 29
1 0.755472
4 0.788341 0.788379
3 0.736074 29
4 0.992866 0.992909
4 0.302455 0.302488
0 0.968052 jvayw
4 0.307108 0.307115
1 0.183428
0 0.922679 ciyzq
4 0.315689 0.315713
0 0.161092 ymixf
4 0.166165 0.16626
3 0.312523 18
1 0.165899
0 0.074107 hhsrc
1 0.471053
3 0.624402 49
3 0.819826 10
2 0.098108 0.000892
4 0.033047 0.033056
4 0.24518 0.245264
4 0.541338 0.541356
3 0.594552 6
2 0.636398 0.000592
2 0.364827 0.000645
0 0.505581 qypma
1 0.346874
4 0.438136 0.438164
3 0.159991 30
0 0.257801 yocjo
0 0.877145 knfji
2 0.795844 0.00015
2 0.637603 0.000809
2 0.806229 0.000983
3 0.810286 30
2 0.043101 6.2e-05
4 0.300903 0.300966
0 0.185961 shokz
0 0.282097 itvzj
0 0.384782 wuwrd
2 0.983369 0.000642
4 0.044431 0.044518
4 0.036146 0.03618
2 0.191444 0.000735
2 0.316103 0.000193
4 0.384444 0.384445
0 0.011287 coezw
0 0.382336 mknsz
2 0.281176 0.00094
2 0.53381 0.000308
2 0.171678 0.000395
2 0.004133 0.00094
1 0.388577
1 0.579267
1 0.909156
3 0.975148 32
1 0.728789
3 0.637757 49
1 0.092584
2 0.130237 0.000324
2 0.413545 0.000508
2 0.469292 0.000527
0 0.086232 pboyg
3 0.19075 27
4 0.16834 0.168407
2 0.322449 0.000618
1 0.002846
0 0.594638 drayo
4 0.879686 0.879761
1 0.216886
4 0.258852 0.258923
2 0.399535 0.0003
0 0.362879 rmzft
0 0.846447 ntdlu
2 0.443236 0.000747
1 0.606578
1 0.313626
1 0.005039
3 0.682826 43
0 0.242852 wvoiw
2 0.844066 0.000355
1 0.216932
0 0.234873 btedz
0 0.47316 rxwzr
2 0.047714 0.000903
4 0.290566 0.290643
4 0.100902 0.100925
0 0.950951 zvhpb
2 0.879209 0.00081
3 0.580838 37
1 0.942185
1 0.008223
3 0.664712 32
2 0.519235 0.000345
3 0.576583 49
3 0.513623 1
1 0.726019
0 0.614904 xvnpq
4 0.093193 0.093267
0 0.170934 cklkl
0 0.699617 sqios
2 0.816717 0.000625
3 0.059088 45
0 0.71139 pxlyy
1 0.944297
3 0.565285 47
4 0.917284 0.917315
2 0.498062 4.8e-05
0 0.362148 xtizw
4 0.074329 0.074352
1 0.220441
1 0.497316
1 0.980336
4 0.637011 0.637038
1 0.887487
1 0.889961
3 0.140665 23
4 0.61496 0.615019
4 0.346609 0.346621
2 0.124724 0.000763
1 0.621747
4 0.82412 0.824196
2 0.429281 0.000112
3 0.992743 37
4 0.541246 0.541266
2 0.526164 0.000686
2 0.340835 0.000998
2 0.600039 5.2e-05
3 0.120629 25
4 0.554921 0.554996
3 0.379041 1
2 0.324674 0.000615
0 0.595987 pzwjq
2 0.36051 9e-06
3 0.020183 36
3 0.189235 31
1 0.410151
4 0.181013 0.181043
2 0.664736 0.000539
2 0.667264 0.000506
4 0.779603 0.779627
3 0.45473 24
4 0.601877 0.601893
2 0.185773 0.000597
4 0.166544 0.166629
0 0.747282 sfhzk
1 0.973639
3 0.448927 29
0 0.654487 fmslu
4 0.185748 0.185798
3 0.563526 11
1 0.42774
2 0.952686 0.000635
1 0.55259
3 0.042527 25
0 0.529838 pajiw
0 0.339345 rijsb
0 0.595378 kkaux
1 0.807221
2 0.40619 0.000532
3 0.96507 9
0 0.494908 yorjn
0 0.978645 cjwkb
1 0.931278
3 0.893729 12
1 0.709569
1 0.567926
3 0.947838 10
1 0.51544
3 0.643281 47
3 0.282581 30
4 0.777578 0.777585
2 0.854604 0.000661
0 0.423893 uuiph
2 0.515838 0.000433
1 0.463676
3 0.947324 35
0 0.869913 ppqyv
2 0.552203 0.000259
3 0.517163 30
3 0.59156 29
3 0.860487 8
0 0.550345 imekp
4 0.992926 0.992954
4 0.461437 0.461477
3 0.497866 35
0 0.828225 kkqmn
4 0.146512 0.146608
2 0.201689 0.000344
3 0.197417 25
4 0.590883 0.590884
1 0.877287
2 0.379951 0.000796
1 0.360474
3 0.112633 24
0 0.076217 ntsbc
2 0.418262 0.00093
3 0.685889 25
1 0.417308
2 0.466655 0.000678
1 0.202149
1 0.364977
0 0.959725 nejbj
3 0.40137 23
0 0.89187 vtidh
2 0.409697 0.000267
1 0.882804
1 0.451888
0 0.168413 kqbjh
4 0.075226 0.075227
2 0.215714 0.000523
2 0.834687 0.000628
4 0.288395 0.288442
2 0.414575 0.000785
1 0.32855
2 0.131089 0.000438
2 0.341784 0.000476
0 0.917455 ooubb
2 0.710793 0.000468
1 0.603096
3 0.499963 41
3 0.845852 31
1 0.189168
4 0.04423 0.044256
4 0.31514 0.31515
0 0.422085 gxyqb
1 0.797524
3 0.39218 32
3 0.591018 22
3 0.620289 24
0 0.692745 ddyke
3 0.886674 27
3 0.135659 14
0 0.879853 ykzjo
4 0.817672 0.817721
0 0.350461 slifl
3 0.948591 16
2 0.020756 0.000303
0 0.951303 crlfj
3 0.773195 49
3 0.531527 39
3 0.349199 40
0 0.216013 fodmd
0 0.338863 dvnta
1 0.478236
4 0.999899 0.999918
1 0.995419
4 0.500426 0.500459
3 0.725012 10
3 0.36161 23
0 0.064725 ueziw
0 0.012054 tszcp
3 0.365435 32
4 0.463471 0.46356
2 0.380269 0.000859
0 0.525866 xkiud
4 0.563832 0.563916
2 0.080874 0.00039
2 0.166598 0.00013
1 0.486453
3 0.535436 37
0 0.076048 bqvsv
3 0.756495 44
4 0.54955 0.549573
1 0.209748
4 0.726723 0.726746
4 0.870413 0.870465
2 0.865184 3.4e-05
0 0.28125 toabt
4 0.367647 0.367665
0 0.124142 jnsvm
3 0.143111 14
2 0.386187 0.000137
3 0.879811 36
2 0.115532 0.000126
2 0.193026 0.000205
2 0.830216 0.000373
3 0.133548 20
2 0.059825 8.1e-05
3 0.654376 47
1 0.797488
3 0.28194 27
2 0.032415 0.000979
0 0.720672 clbby
4 0.293721 0.293745
0 0.943621 dvrqu
3 0.855562 32
2 0.90868 0.000822
2 0.82946 0.000387
0 0.030996 fwubv
2 0.079261 0.000447
2 0.372982 0.000323
2 0.832956 0.00022
1 0.860501
2 0.464194 0.000338
1 0.889226
0 0.000725 tmylz
4 0.713568 0.713609
0 0.776302 tvenn
0 0.647227 dsdcv
1 0.243358
2 0.11166 0.000585
0 0.112385 diohw
3 0.746818 18
4 0.449212 0.449219
1 0.45044
4 0.163662 0.163718
3 0.817843 26
2 0.654586 0.000366
1 0.969289
1 0.733653
1 0.734439
4 0.48289 0.482952
1 0.201769
3 0.782123 23
0 0.87973 hnljz
2 0.298035 5.5e-05
4 0.895043 0.895104
0 0.111565 hewnz
3 0.790666 15
1 0.916471
4 0.80256 0.802606
0 0.37124 yaxjm
2 0.654407 0.000381
1 0.060163
2 0.650906 0.000747
3 0.875619 36
1 0.351123
4 0.190812 0.190905
3 0.215811 5
4 0.174213 0.174311
0 0.41644 negxx
2 0.121508 0.000721
0 0.281174 cynuc
3 0.430827 26
3 0.261064 19
1 0.993227
2 0.007475 0.00044
0 0.730912 wpyqa
4 0.394404 0.394471
0 0.676459 tpavb
4 0.916236 0.916265
0 0.075891 ygbdh
4 0.462388 0.462484
4 0.98604 0.986078
3 0.884724 45
0 0.279128 yhccg
2 0.019724 0.000229
1 0.124745
3 0.761255 49
2 0.560027 0.000188
3 0.042591 3
4 0.141739 0.141746
1 0.415124
0 0.909063 uqvno
1 0.716668
3 0.782601 14
0 0.738311 fpdzi
1 0.361247
0 0.653045 yzgqt
2 0.038634 0.000175
1 0.628625
4 0.586332 0.586398
2 0.16598 0.000966
1 0.928607
0 0.318837 dylfo
4 0.171714 0.171724
4 0.448344 0.448406
0 0.855195 frqou
4 0.728533 0.728597
1 0.734164
1 0.615412
1 0.826918
2 0.871876 9.5e-05
1 0.436221
1 0.012687
1 0.413302
3 0.051045 13
4 0.931795 0.931818
0 0.428948 buqca
3 0.104924 45
1 0.448194
0 0.024134 pudgx
3 0.190988 37
2 0.961027 0.000426
3 0.922655 9
3 0.152397 7
4 0.203881 0.203974
2 0.947006 0.00086
3 0.12771 40
4 0.380053 0.380081
1 0.957017
2 0.111241 2.1e-05
4 0.415075 0.415156
4 0.125276 0.125364
3 0.994659 35
2 0.878991 0.000318
1 0.453583
0 0.166874 nnltl
2 0.519038 0.000584
1 0.630279
2 0.278937 0.000932
0 0.216753 alklr
3 0.829443 11
2 0.218319 0.000596
2 0.86777 0.000643
2 0.161284 0.000632
4 0.351203 0.351204
2 0.314296 9.7e-05
4 0.315351 0.315413
4 0.596668 0.596682
1 0.106674
0 0.173675 objjo
1 0.223604
0 0.23209 tubwl
2 0.067832 0.000862
0 0.775929 xaxse
2 0.382189 9.1e-05
3 0.552832 28
2 0.622838 0.000711
4 0.859733 0.859749
0 0.608175 lovpu
4 0.629634 0.629689
4 0.711525 0.711584
0 0.907205 ceyja
2 0.113516 5.8e-05
1 0.252706
4 0.284611 0.28465
2 0.721445 0.000933
4 0.859598 0.859624
3 0.005584 32
4 0.9275 0.927546
4 0.722511 0.722577
1 0.931178
1 0.624957
4 0.641884 0.641899
0 0.89459 fyvxw
3 0.223321 13
2 0.668687 0.000504
3 0.175082 6
1 0.830941
2 0.163039 0.000358
1 0.433919
4 0.304848 0.304946
2 0.141019 0.00034
3 0.583602 22
4 0.98288 0.982902
1 0.189443
0 0.111143 jvhiz
0 0.292226 zexzv
4 0.421068 0.421098
3 0.502312 49
3 0.170693 1
2 0.806701 0.000123
1 0.110932
1 0.817263
1 0.954274
3 0.243653 34
4 0.870351 0.870404
0 0.947821 tiozc
2 0.523015 0.000145
0 0.145067 wbkzy
4 0.702605 0.702698
2 0.935873 0.000361
4 0.976523 0.976584
4 0.045801 0.045867
2 0.993622 0.000451
2 0.878864 0.000665
4 0.456249 0.456315
0 0.822339 jsuat
4 0.857077 0.857104
3 0.165297 44
4 0.465151 0.465169
3 0.644053 20
0 0.90007 hxemp
1 0.542484
2 0.765221 0.000824
1 0.290375
3 0.471495 22
0 0.886188 vxplm
2 0.152193 0.000578
2 0.421063 2.3e-05
4 0.389114 0.389199
2 0.346881 0.000294
4 0.242356 0.242426
2 0.049084 1e-05
2 0.474395 0.00052
1 0.461685
0 0.252611 fpyhe
3 0.179103 33
3 0.568217 18
2 0.144379 0.000987
1 0.746673
3 0.223731 43
0 0.729852 siasi
4 0.3081 0.308178
3 0.36433 5
2 0.566489 0.000983
0 0.776953 rswih
4 0.364085 0.364103
1 0.637065
2 0.468731 0.000269
2 0.766109 0.000519
0 0.464405 kfhhu
2 0.562565 0.000611
0 0.506855 icvoe
0 0.945023 lmtvj
3 0.723723 5
2 0.552916 0.000883
2 0.012617 0.000786
0 0.48255 bqzua
3 0.765246 31
4 0.545891 0.545974
2 0.909138 0.000516
1 0.010049
4 0.103701 0.103757
3 0.370296 42
4 0.309179 0.30919
1 0.08203
2 0.146178 0.000621
0 0.317641 tqxsg
0 0.428837 bwhfy
1 0.354443
3 0.552035 37
2 0.36964 0.000599
0 0.574309 oabvw
3 0.174016 46
2 0.504841 0.000776
3 0.346497 36
1 0.200993
3 0.49199 38
1 0.855583
2 0.682672 0.00077
4 0.069216 0.069289
1 0.364804
2 0.20294 0.000606
2 0.893308 0.000352
1 0.398149
0 0.992783 xzwnn
0 0.078363 diitc
0 0.33559 rxejb
3 0.620175 27
2 0.513484 0.000331
1 0.471831
0 0.88161 xccad
2 0.399718 0.000824
2 0.31366 0.00075
2 0.98355 0.000341
1 0.314306
0 0.335822 kkvzo
2 0.250425 0.000614
3 0.281066 26
3 0.292648 36
2 0.190971 0.000745
2 0.408056 0.000496
4 0.907958 0.908047
3 0.054078 46
4 0.72757 0.72759
3 0.334726 42
4 0.363679 0.363737
4 0.161097 0.161131
2 0.970097 0.000472
0 0.220018 mdqqu
2 0.134371 0.000854
4 0.976599 0.976662
4 0.597219 0.597248
1 0.512872
2 0.803896 0.000871
3 0.34706 41
0 0.650059 jayqf
1 0.304657
2 0.92751 0.000378
3 0.135663 34
4 0.916801 0.916886
4 0.362192 0.362249
3 0.68244 31
2 0.418147 0.000399
1 0.420888
4 0.33479 0.334823
4 0.125246 0.125325
2 0.574873 0.000141
2 0.608214 0.000156
2 0.279345 0.00077
4 0.552288 0.552319
1 0.036298
1 0.389997
2 0.778618 0.000396
4 0.199506 0.199589
2 0.46305 0.000289
3 0.285786 28
3 0.132279 46
2 0.114435 0
0 0.241557 ezipg
0 0.725697 dkkcz
1 0.60666
2 0.007313 0.000167
1 0.871711
3 0.531287 35
2 0.34015 0.000985
4 0.296576 0.296667
3 0.923792 32
2 0.191724 0.000123
0 0.849654 jeles
4 0.776786 0.776797
1 0.360871
1 0.460283
3 0.9919 18
0 0.046919 lidmf
4 0.401444 0.401448
1 0.825018
3 0.276502 3
1 0.568823
3 0.986927 13
3 0.975094 5
2 0.07514 0.000156
3 0.203575 27
3 0.631773 25
0 0.486053 ckiuq
2 0.552668 0.000352
0 0.739438 ymgdm
1 0.219842
1 0.959663
2 0.306824 0.000781
4 0.314912 0.314938
2 0.649087 0.000793
1 0.834313
1 0.43089
1 0.604072
4 0.185851 0.185882
2 0.659908 0.000135
3 0.895969 1
0 0.413285 dglkl
2 0.815307 5.9e-05
1 0.33825
3 0.369812 7
0 0.098238 ovfza
1 0.733984
0 0.024598 iiqby
1 0.931485
2 0.029992 3.1e-05
2 0.765583 0.000867
1 0.853319
2 0.950218 0.000478
2 0.682292 8.8e-05
4 0.165958 0.166009
4 0.237819 0.237821
0 0.205648 fzpjw
4 0.036398 0.036407
1 0.936027
4 0.440726 0.440818
3 0.907296 23
3 0.472105 33
1 0.550546
0 0.82972 vmbzg
0 0.751291 xjmsw
4 0.319616 0.319639
3 0.474617 1
2 0.149056 0.000297
0 0.281259 wbgfy
2 0.505323 0.000758
3 0.637148 15
1 0.904791
2 0.594633 0.000829
2 0.661636 0.000511
4 0.009321 0.009333
1 0.674729
1 0.523764
0 0.815916 dhxbb
4 0.19071 0.190808
3 0.968949 41
2 0.094553 0.000574
1 0.30964
4 0.314517 0.314613
0 0.401969 nohku
4 0.498751 0.498793
1 0.707774
4 0.015617 0.015631
0 0.944751 gmmuo
1 0.624372
2 0.576653 0.000294
4 0.556579 0.556594
4 0.506651 0.506716
2 0.496839 9.2e-05
1 0.191084
1 0.228396
1 0.92393
3 0.641397 46
1 0.07145
4 0.361314 0.361365
4 0.217788 0.217845
1 0.878612
3 0.804668 28
4 0.996134 0.996229
3 0.110796 15
3 0.969188 14
0 0.40947 ftine
3 0.592973 17
2 0.144724 0.000522
0 0.855797 bgppd
0 0.001742 wnmuo
0 0.003539 lxcci
1 0.601071
2 0.591484 0.000938
1 0.711163
4 0.137339 0.137379
1 0.735535
0 0.86248 smnyy
2 0.202002 0.000196
0 0.381803 bzzwb
0 0.007043 loerz
1 0.274627
2 0.432619 0.000514
2 0.295099 0.000731
0 0.552685 bowbe
4 0.609016 0.609018
1 0.54277
3 0.878574 37
4 0.672049 0.67213
0 0.417317 otjyf
0 0.499562 fhizb
3 0.172254 27
3 0.128585 44
3 0.487326 16
3 0.654524 1
1 0.177333
1 0.803189
4 0.480308 0.480313
2 0.607139 0.000569
4 0.060369 0.060445
3 0.131559 9
2 0.611836 0.00035
2 0.217482 0.000695
0 0.365898 pvqrf
0 0.417932 vsbml
3 0.556768 5
1 0.351354
1 0.32871
0 0.366443 ogndm
3 0.298598 47
3 0.289666 8
1 0.899372
0 0.218212 rwdue
0 0.726397 tmdtd
1 0.871789
0 0.312228 cspur
4 0.364882 0.364884
4 0.124715 0.124742
1 0.342928
4 0.159715 0.159751
4 0.470584 0.470651
3 0.548335 31
4 0.141703 0.141742
0 0.862525 yeygj
4 0.304559 0.304581
1 0.710824
4 0.630489 0.630541
0 0.63485 ixomc
3 0.532398 20
1 0.856108
0 0.7717 wprwj
4 0.620871 0.620877
3 0.288645 9
3 0.685747 49
2 0.335306 0.000607
2 0.227309 0.000392
2 0.759707 0.000512
3 0.738772 39
1 0.837
2 0.549413 0.000826
0 0.210988 qghgv
2 0.283441 0.000719
1 0.457201
0 0.388235 bumrm
3 0.160256 4
0 0.983728 ujsyu
0 0.625963 uyqcp
1 0.005723
0 0.587178 gfvns
4 0.185976 0.18603
2 0.661992 0.00051
2 0.162072 5.8e-05
0 0.545122 lactr
1 0.257323
3 0.170158 5
2 0.975565 0.000472
2 0.818002 0.000947
1 0.599639
4 0.788616 0.788709
1 0.281184
3 0.717613 31
0 0.971998 rlxka
2 0.50972 0.00067
1 0.506009
0 0.746931 rblch
3 0.648113 15
0 0.615073 yyaru
1 0.729132
0 0.396298 mnnot
1 0.160437
3 0.434455 9
3 0.766735 8
0 0.698655 xegvz
2 0.062521 6.9e-05
3 0.575344 28
0 0.516294 yaiqo
4 0.33738 0.337419
4 0.288187 0.288235
2 0.054923 0.000508
3 0.636861 2
3 0.411349 44
4 0.270419 0.270492
2 0.096806 0.000836
2 0.319492 0.000482
2 0.298952 1.8e-05
0 0.615027 fblod
0 0.491217 qwpyc
0 0.913652 tllmm
4 0.275981 0.276071
3 0.636437 2
2 0.353332 0.000368
4 0.359742 0.359836
1 0.337451
3 0.803223 19
0 0.31495 pywdl
3 0.562587 25
4 0.354921 0.354938
3 0.317089 7
4 0.205591 0.205635
3 0.682476 4
4 0.524994 0.525001
4 0.870015 0.87004
2 0.235745 0.000145
3 0.73601 15
2 0.870296 0.000588
1 0.412143
3 0.926434 32
2 0.88455 0.000175
3 0.195999 35
3 0.879553 35
0 0.528689 qtuxs
1 0.783009
4 0.161279 0.161302
4 0.734853 0.734864
1 0.068763
2 0.88604 7.3e-05
2 0.856903 0.000424
4 0.698929 0.698994
2 0.224498 0.000853
3 0.281473 47
0 0.121288 jdzmm
4 0.00988 0.009883
2 0.673228 0.000324
1 0.58216
0 0.515824 peruy
0 0.370109 zxwdt
1 0.562747
0 0.599088 wdjqs
2 0.994224 0.00087
2 0.951367 0.000884
1 0.330944
0 0.607215 oevlw
3 0.676537 10
2 0.621876 0.000784
4 0.340274 0.340347
3 0.6648 15
1 0.175377
2 0.919893 0.000395
4 0.945569 0.945648
1 0.661769
4 0.106589 0.106594
0 0.947833 jtsze
0 0.21585 vudof
0 0.561724 darox
3 0.829613 23
2 0.424742 0.000982
4 0.1483 0.14834
4 0.048616 0.048651
0 0.083501 wthim
3 0.252165 26
0 0.363068 bgsqn
2 0.842078 8.6e-05
1 0.783173
1 0.090595
3 0.092469 48
0 0.096294 tecxi
3 0.524002 9
4 0.795928 0.796005
3 0.489519 33
1 0.729215
4 0.404085 0.404121
4 0.851506 0.851538
4 0.933219 0.933281
0 0.599367 irjgu
0 0.711564 khxla
4 0.775354 0.775427
3 0.060001 13
4 0.464086 0.464137
4 0.831944 0.832027
3 0.423537 32
2 0.205555 0.000907
4 0.363817 0.363902
4 0.457829 0.457841
4 0.835138 0.835158
0 0.170845 fsowd
1 0.330548
4 0.95271 0.952793
0 0.234225 qrrvd
1 0.440126
0 0.362053 uonqi
0 0.440439 jttrf
0 0.769723 rtdhh
2 0.626944 6e-05
1 0.583051
3 0.159701 41
2 0.417819 5.9e-05
4 0.751956 0.752003
4 0.912202 0.91224
3 0.661581 3
3 0.36047 36
1 0.100251
2 0.348328 0.000613
3 0.130388 35
4 0.073448 0.073523
0 0.045157 htgue
0 0.106951 szqys
2 0.196115 0.000769
3 0.201476 20
2 0.066156 0.000634
0 0.068405 sdwwa
2 0.25411 0.000444
1 0.965211
4 0.409254 0.409268
2 0.08452 0.000398
3 0.948884 47
1 0.754057
0 0.032298 hunqw
2 0.835807 0.000473
4 0.130772 0.130811
1 0.111456
0 0.321658 necto
3 0.561434 2
4 0.525083 0.525158
2 0.184753 0.000725
1 0.729553
1 0.380284
0 0.437959 srreh
0 0.443857 vffrk
1 0.190913
2 0.846438 0.00037
2 0.590109 0.000124
2 0.664927 0.000533
4 0.789207 0.789279
3 0.749295 31
3 0.951133 1
4 0.102299 0.102344
4 0.687894 0.687895
1 0.983395
4 0.629574 0.629656
1 0.488338
4 0.370881 0.370973
3 0.116766 6
0 0.983138 uuqzg
1 0.01596
1 0.711068
2 0.322506 8.4e-05
1 0.822254
0 0.673482 czdhs
4 0.837574 0.837623
4 0.314344 0.314423
4 0.992492 0.992545
4 0.173024 0.173034
1 0.734862
1 0.754108
1 0.72128
1 0.415221
1 0.975418
4 0.201114 0.201149
3 0.768223 46
4 0.590699 0.59078
0 0.339302 bnvzr
0 0.913276 mkwfq
3 0.594654 20
4 0.265387 0.265428
1 0.305439
0 0.426073 gvlre
0 0.068243 fncby
3 0.413833 33
1 0.113922
4 0.186527 0.186557
2 0.399203 0.000571
3 0.865705 49
4 0.616782 0.616806
4 0.107331 0.107409
0 0.092063 ljeev
1 0.745034
2 0.250727 0.000956
1 0.950787
4 0.017386 0.017403
3 0.471303 46
4 0.645257 0.645337
4 0.818756 0.818819
4 0.237549 0.237626
1 0.724584
0 0.25244 kvwon
2 0.502008 0.000195
3 0.035747 12
1 0.452336
4 0.407514 0.407549
3 0.098091 30
4 0.648605 0.648634
3 0.157282 13
3 0.92298 38
0 0.680656 uelwu
4 0.401281 0.401364
0 0.321889 vvgsf
4 0.206594 0.206619
3 0.8552 4
3 0.012482 20
1 0.870835
0 0.518876 qylsd
4 0.273807 0.27383
0 0.360914 sbevu
4 0.399785 0.399866
4 0.456126 0.456169
0 0.940438 seslw
1 0.253839
3 0.804179 29
0 0.212556 ntyte
4 0.549492 0.549569
0 0.515587 ejcpd
0 0.865193 ghlob
4 0.15258 0.152616
1 0.234462
1 0.352402
2 0.823105 0.000921
3 0.427949 41
4 0.468426 0.468525
1 0.912515
3 0.252452 48
0 0.513702 yhdob
0 0.093022 wyurv
4 0.416967 0.417064
0 0.450615 hnoio
0 0.315111 nitrd
4 0.984993 0.985049
3 0.046773 31
2 0.198054 0.000121
4 0.167744 0.167805
3 0.124122 28
2 0.867724 0.000152
4 0.507635 0.507703
1 0.286565
4 0.600993 0.601069
1 0.879205
1 0.552997
1 0.841294
1 0.336155
3 0.123402 9
2 0.414414 0.000473
3 0.859833 30
4 0.134338 0.134354
0 0.854058 novev
3 0.060916 20
1 0.664805
3 0.499701 14
1 0.139455
4 0.975875 0.975945
4 0.28403 0.284073
2 0.746342 0.000554
2 0.185794 0.000612
2 0.522446 0.000919
3 0.765427 4
1 0.53185
1 0.549956
4 0.867323 0.86736
3 0.006778 11
3 0.6678 47
4 0.944943 0.944999
0 0.098663 ohtzy
4 0.102731 0.102818
3 0.863878 39
1 0.996814
1 0.005704
0 0.879972 bgrme
3 0.27376 7
0 0.010733 xitej
3 0.294344 47
4 0.149084 0.149151
2 0.829137 0.000237
3 0.771264 23
4 0.261604 0.261644
3 0.326271 6
4 0.798351 0.798419
1 0.41783
4 0.248251 0.248317
2 0.680554 6.2e-05
4 0.215589 0.215635
2 0.130853 0.000172
3 0.749078 48
2 0.274392 0.000504
2 0.234692 0.000776
4 0.853891 0.85397
4 0.344649 0.344685
1 0.590332
4 0.80026 0.800317
1 0.881484
3 0.507558 28
4 0.91873 0.918751
3 0.516192 23
3 0.498492 48
0 0.44962 qwawf
1 0.93093
3 0.499668 35
2 0.131885 0.000765
3 0.252353 45
4 0.171083 0.171102
2 0.339926 0.00099
0 0.15395 kfajg
4 0.191385 0.191449
3 0.300091 47
3 0.671476 29
4 0.680223 0.680245
1 0.025568
1 0.846192
0 0.226954 hktzy
3 0.819542 20
3 0.900921 32
3 0.75373 48
1 0.093407
0 0.774424 twbta
2 0.817573 0.00051
0 0.408986 wrfkw
1 0.817244
4 0.299292 0.299343
3 0.21407 1
4 0.267892 0.267939
1 0.025894
3 0.574962 20
4 0.135171 0.135239
4 0.699396 0.69945
3 0.354376 43
4 0.577901 0.57799
0 0.104615 zepgf
0 0.170139 igzrl
3 0.909359 32
2 0.335664 0.000102
1 0.03506
1 0.035861
2 0.423936 0.00074
2 0.588305 0.000298
4 0.669612 0.669622
3 0.448637 24
4 0.011906 0.011991
2 0.252313 5.7e-05
1 0.868776
1 0.697445
4 0.912227 0.912285
0 0.464441 fdwnl
3 0.663952 7
3 0.410337 44
4 0.423314 0.423317
0 0.264316 tgisz
1 0.894941
2 0.936666 5e-06
1 0.360607
2 0.6475 0.000944
1 0.11132
4 0.940849 0.940933
1 0.028948
0 0.016087 pwlvv
0 0.655257 bviak
3 0.942203 30
0 0.819163 cexmm
3 0.46407 38
3 0.795791 43
1 0.233788
1 0.557608
1 0.20248
1 0.40171
0 0.201512 mmlyl
3 0.34666 6
3 0.338458 10
1 0.271105
3 0.082639 26
2 0.888615 0.000964
3 0.446223 27
0 0.857949 llhdz
4 0.45251 0.452579
0 0.170307 obmtz
1 0.476452
1 0.140047
4 0.265387 0.265421
1 0.448703
4 0.860491 0.860549
2 0.806288 0.000989
2 0.707093 0.00088
4 0.751614 0.751619
0 0.759014 xpbvd
2 0.222891 0.000391
1 0.388879
2 0.104394 0.000583
3 0.07615 16
0 0.422208 rowqc
0 0.352399 behyj
1 0.184405
0 0.48587 vjmpm
1 0.358659
0 0.740147 kangu
1 0.64386
3 0.695341 26
1 0.46046
2 0.235326 2.3e-05
0 0.876852 yvchg
3 0.471217 8
1 0.516379
0 0.658081 zhmac
3 0.743997 18
4 0.011426 0.011487
2 0.636123 0.00073
3 0.54378 37
4 0.066613 0.066695
0 0.843712 xpoit
4 0.107638 0.107691
3 0.340134 13
3 0.429973 28
4 0.554086 0.554141
0 0.913525 ifsev
0 0.623253 ubzki
1 0.721587
3 0.620072 25
3 0.961248 29
2 0.562773 2e-06
2 0.175725 8.9e-05
4 0.346709 0.346756
2 0.15425 0.000587
4 0.293855 0.293916
4 0.277172 0.277201
3 0.272663 3
2 0.121153 0.000626
0 0.620014 avrbl
4 0.037802 0.037844
1 0.964121
3 0.151511 8
0 0.669136 nbxww
1 0.963394
2 0.332303 0.000963
3 0.935281 35
4 0.534288 0.534362
3 0.71096 4
4 0.204986 0.205011
4 0.356497 0.356582
4 0.683948 0.684022
2 0.28686 0.000144
0 0.168113 tyzur
1 0.592547
0 0.116741 alztf
3 0.994739 20
0 0.279098 xolnw
2 0.951802 0.000583
4 0.523275 0.523357
1 0.170447
0 0.042177 whsoq
4 0.578385 0.578436
3 0.473508 10
1 0.250865
3 0.641306 35
1 0.499901
0 0.644993 lywyi
2 0.591119 0.000635
4 0.60682 0.606896
2 0.731509 1.3e-05
1 0.814884
3 0.084289 31
1 0.829345
4 0.800484 0.800581
2 0.295502 0.00079
2 0.266102 0.000507
2 0.660285 0.000219
2 0.13463 0.000242
1 0.965041
1 0.99079
4 0.587582 0.587608
0 0.188223 olkuc
0 0.340494 hmfod
1 0.268185
3 0.315915 3
4 0.707328 0.707425
1 0.188721
3 0.931282 35
4 0.974391 0.974436
4 0.268797 0.268849
4 0.827044 0.827139
0 0.149033 drltf
0 0.624604 ikikb
1 0.943264
4 0.154711 0.154743
4 0.711895 0.711918
4 0.50425 0.504323
3 0.845811 26
3 0.563423 37
2 0.238516 0.000952
2 0.181795 0.00044
4 0.490328 0.490341
0 0.166902 mrsuv
0 0.64423 lszqz
3 0.500533 23
3 0.063956 10
2 0.818825 0.000363
4 0.281396 0.281396
3 0.12178 9
2 0.563504 0.000282
2 0.159938 0.000689
1 0.98462
0 0.201537 kmwzx
3 0.657974 35
0 0.476799 gdppw
2 0.198374 0.000372
1 0.749198
1 0.664313
0 0.220783 zykbh
2 0.543293 0.000203
0 0.365718 jodxw
0 0.902528 eqmey
4 0.623847 0.623879
4 0.62224 0.622279
4 0.114379 0.114446
3 0.436423 22
2 0.496069 0.000277
2 0.135132 4.4e-05
3 0.321805 1
1 0.415115
3 0.268138 0
4 0.584334 0.584402
2 0.463846 0.000999
1 0.889648
1 0.20101
1 0.937506
2 0.723016 0.000575
0 0.879192 hlpqa
4 0.765377 0.765454
4 0.307579 0.307662
4 0.736599 0.736624
3 0.265451 29
0 0.663286 vzwxx
2 0.112999 0.000194
3 0.507923 0
4 0.736336 0.736348
0 0.184416 ycdpd
1 0.414516
2 0.635789 0.000272
1 0.653466
2 0.487773 0.000101
1 0.753763
0 0.87892 cirhh
0 0.04654 enkck
4 0.044425 0.044478
4 0.859682 0.859709
3 0.610306 46
4 0.401823 0.401829
2 0.1262 0.000917
2 0.996851 0.000726
1 0.596504
1 0.229614
2 0.415239 0.000728
2 0.507463 0.000355
2 0.137468 0.000389
1 0.438096
0 0.399057 zlvwg
3 0.829119 47
2 0.382138 0.000985
2 0.581734 0.0006
1 0.827871
0 0.865963 xggut
2 0.908887 0.000965
1 0.957287
1 0.595018
2 0.724473 0.000162
0 0.889974 fxrtu
1 0.51927
0 0.591545 spkmi
3 0.661156 32
1 0.642851
4 0.965777 0.965867
1 0.949001
0 0.427145 zhicq
2 0.940183 0.000749
2 0.81835 0.000771
0 0.562481 hywyd
3 0.362156 12
1 0.133239
0 0.012059 lyhtj
2 0.938475 0.000651
4 0.048052 0.048138
3 0.669104 29
2 0.847877 0.000341
2 0.806607 0.000926
2 0.907721 6e-05
1 0.753185
3 0.54972 37
3 0.671807 18
2 0.438764 0.000893
0 0.998375 behml
2 0.399543 9e-06
4 0.029509 0.029572
0 0.075424 mkmot
2 0.304632 0.000988
3 0.976439 8
2 0.931555 0.000651
4 0.244022 0.24404
0 0.553445 rtgyz
2 0.103684 8e-06
4 0.695461 0.695544
3 0.040423 31
0 0.032677 nuscv
4 0.819903 0.819997
0 0.677061 hkcjj
4 0.742332 0.742422
3 0.362368 0
3 0.361993 4
1 0.112056
2 0.652631 0.000867
2 0.411887 0.000435
4 0.102699 0.102706
2 0.165903 0.000258
4 0.847076 0.847085
4 0.381093 0.381186
0 0.120741 mlnuh
2 0.087447 2e-06
1 0.552349
4 0.902873 0.902883
3 0.005572 19
0 0.761718 tgqxu
2 0.108274 0.000572
0 0.346342 pkzdw
1 0.538367
3 0.203198 3
3 0.205267 28
0 0.326942 ghikj
0 0.281413 vzztt
2 0.533609 8.3e-05
2 0.501048 0.000448
4 0.555935 0.556002
4 0.759133 0.759205
2 0.353178 4.6e-05
3 0.578409 20
2 0.8034 0.000998
0 0.237007 uacvz
3 0.676132 32
3 0.951369 15
2 0.318845 5.4e-05
2 0.727069 0.000653
1 0.06752
0 0.259452 kolsn
3 0.879262 25
4 0.173162 0.173209
4 0.365646 0.365727
4 0.183957 0.184021
1 0.242174
1 0.590465
3 0.684233 44
0 0.406106 leqvt
4 0.700047 0.700064
2 0.687677 0.000792
3 0.946662 38
3 0.501126 45
2 0.880759 0.000322
1 0.09559
2 0.126359 0.00049
3 0.68288 4
2 0.227334 0.000928
0 0.070108 pqlyn
3 0.703196 9
2 0.446034 0.000484
0 0.252808 umbxf
2 0.603598 0.000509
4 0.608192 0.608206
3 0.351878 42
3 0.938338 22
3 0.314667 40
4 0.190496 0.190583
0 0.99498 rpyma
4 0.431628 0.431687
0 0.760897 xbklr
0 0.029416 yuyfp
0 0.795774 ofthw
3 0.980207 48
4 0.583156 0.583156
0 0.191216 mmfzb
2 0.654463 0.000425
0 0.086276 lyuaa
0 0.903051 kjeqt
3 0.358117 10
1 0.382669
2 0.663369 0.000673
4 0.809819 0.809819
1 0.823924
3 0.253178 42
1 0.610002
3 0.654006 34
4 0.554324 0.554408
2 0.762693 0.000965
0 0.637163 ipimp
1 0.352482
1 0.340156
2 0.01893 0.000961
2 0.572922 0.000548
4 0.890162 0.890259
2 0.122212 0.000583
3 0.515729 32
4 0.83602 0.836065
3 0.162099 29
4 0.646625 0.646716
2 0.725176 0.000302
3 0.346683 42
3 0.06786 42
4 0.958022 0.958111
2 0.080234 0.000472
2 0.273123 4.4e-05
3 0.591134 2
4 0.672004 0.672035
3 0.834981 22
2 0.076509 0.000976
2 0.24604 0.000742
3 0.417859 25
2 0.06368 0.000167
1 0.660267
1 0.686168
0 0.198035 jpapz
0 0.731694 nymbt
0 0.248551 qgqwc
1 0.951191
4 0.77588 0.775932
1 0.674872
3 0.552979 35
0 0.422237 smrpg
4 0.895625 0.895661
2 0.511961 0.000528
3 0.374039 17
4 0.098245 0.09826
1 0.896293
2 0.186044 0.000517
2 0.753282 0.000425
4 0.515319 0.515319
1 0.776139
1 0.037146
0 0.999553 dsuyo
0 0.315529 aippb
0 0.585505 qmpgt
0 0.946942 rnwnl
3 0.807912 31
0 0.160044 mhcpd
2 0.627132 0.000611
4 0.876876 0.876933
4 0.338845 0.338892
1 0.319779
4 0.504515 0.504599
3 0.764517 26
2 0.612094 0.000815
4 0.167813 0.167888
0 0.937656 cepzg
4 0.147838 0.147895
0 0.196381 dwxqs
3 0.495695 45
3 0.909112 9
2 0.833092 0.000236
1 0.117308
3 0.895547 16
1 0.733184
1 0.110881
3 0.847042 7
0 0.78375 drkyl
1 0.845496
0 0.04719 njzrm
0 0.424199 ivndn
0 0.038155 zlfyp
0 0.09923 ocpex
0 0.108663 godup
0 0.612094 nxyik
0 0.9492 ylflf
2 0.017461 0.000299
4 0.494043 0.494123
3 0.241252 10
3 0.552003 13
4 0.855888 0.85589
0 0.057505 cdegq
4 0.934342 0.934367
0 0.496584 lzums
0 0.074743 runcy
0 0.044228 otbvk
0 0.985877 dxduu
4 0.155959 0.156
2 0.188819 0.000689
4 0.611979 0.612008
2 0.170319 7.3e-05
3 0.969151 41
1 0.20116
3 0.397256 24
1 0.029788
4 0.19078 0.190852
2 0.344261 0.000441
1 0.369902
0 0.245736 hldlx
3 0.935976 12
1 0.032219
4 0.499026 0.499062
0 0.908302 pzjkz
2 0.502539 0.000368
0 0.268332 stfsd
4 0.575391 0.575421
1 0.678872
1 0.730655
3 0.126446 29
1 0.426082
2 0.068573 0.000265
0 0.066743 mbckr
1 0.08314
1 0.021826
3 0.529698 20
0 0.463591 bsbxa
3 0.59299 25
0 0.526112 hlqti
0 0.267323 isjkl
3 0.998114 10
1 0.223102
1 0.438144
3 0.282633 47
3 0.860225 32
0 0.38025 rztzd
0 0.776841 vnmmt
2 0.310017 0.000385
3 0.915453 33
1 0.746941
4 0.208577 0.208651
1 0.170181
0 0.786402 xxxgy
3 0.168577 33
3 0.020544 44
2 0.332447 0.000919
0 0.201312 aeapx
4 0.367137 0.367232
4 0.773288 0.773346
1 0.55969
3 0.338144 45
1 0.470552
1 0.872498
0 0.193417 wjszv
2 0.341825 0.000555
0 0.736517 brmoa
2 0.654043 0.000586
2 0.63923 0.000231
0 0.690269 ligzk
4 0.450637 0.450654
2 0.073212 0.000803
0 0.682608 vqkcb
3 0.809688 31
1 0.627126
2 0.411575 0.000708
0 0.045475 dizsc
2 0.623895 0.000431
4 0.785276 0.785299
2 0.852987 0.000297
4 0.753167 0.753187
0 0.336603 lhkhm
0 0.120442 snwim
1 0.49257
0 0.005219 ziigz
2 0.343307 0.000855
4 0.096474 0.096501
1 0.032394
0 0.547026 gzbct
0 0.169401 fdzdc
2 0.484312 0.000763
1 0.419533
3 0.94688 22
3 0.462216 49
0 0.411646 lzfsm
4 0.045358 0.045424
4 0.88219 0.882257
4 0.636892 0.636951
1 0.542433
2 0.083617 0.000966
0 0.906634 objpp
1 0.994306
2 0.86072 0.000166
4 0.751911 0.751987
3 0.483925 17
0 0.546601 geitz
4 0.602993 0.602994
2 0.624359 0.000898
3 0.491047 14
4 0.485353 0.485429
2 0.479736 0.000903
0 0.108531 oaalh
3 0.093202 14
3 0.478432 20
1 0.683134
0 0.804807 rdrsi
1 0.613014
3 0.191176 2
2 0.369652 0.000217
1 0.197648
2 0.043782 0.000477
1 0.533527
2 0.473774 0.000345
4 0.524095 0.524135
3 0.834917 20
0 0.963582 flxae
4 0.707154 0.707242
3 0.314392 7
4 0.100944 0.101028
2 0.150824 0.000813
0 0.750267 dmsjv
2 0.84214 5.7e-05
4 0.749463 0.749482
2 0.093968 0.000455
2 0.731608 0.000821
1 0.788818
3 0.368563 39
4 0.845684 0.845749
4 0.872722 0.872762
1 0.891341
0 0.232703 xushy
2 0.367897 0.000601
1 0.414524
3 0.983581 23
3 0.821564 37
3 0.793196 39
2 0.915651 0.000854
3 0.33876 17
4 0.988949 0.989038
1 0.872061
0 0.597902 xujxz
4 0.136869 0.136922
0 0.417963 brmek
1 0.824579
4 0.979335 0.979413
3 0.691754 42
4 0.903643 0.903656
2 0.12131 0.000356
1 0.755879
1 0.891687
0 0.412284 rxufx
0 0.793309 ssubk
3 0.362119 3
4 0.591708 0.591776
2 0.792759 0.000384
2 0.175467 0.000808
1 0.201698
0 0.298685 jgvln
0 0.071329 dfjbl
1 0.316431
3 0.058526 42
3 0.946695 39
4 0.471956 0.472047
2 0.127021 0.000439
1 0.257356
4 0.563863 0.563892
1 0.343239
4 0.936475 0.936529
1 0.304267
0 0.980805 eupno
3 0.030534 11
2 0.728497 0.000134
0 0.360869 hzaaa
2 0.838982 0.000525
0 0.253551 yqmbf
4 0.703668 0.703669
3 0.090712 8
3 0.643851 46
0 0.312523 rknrk
3 0.481477 16
0 0.836811 mhwja
4 0.677909 0.677927
0 0.908605 hyxsh
1 0.508688
3 0.198961 46
0 0.587029 gzidq
0 0.448324 kppwg
3 0.305128 35
0 0.254444 vcnme
1 0.58046
1 0.606513
3 0.597118 44
2 0.124014 0.000475
0 0.36558 pmdfx
4 0.950436 0.950528
4 0.374623 0.374715
3 0.303804 27
3 0.578762 37
2 0.774117 9.5e-05
0 0.484011 nfpyi
2 0.753025 0.000853
2 0.689996 0.000383
3 0.664506 45
0 0.135152 utjjw
3 0.197681 15
0 0.48815 xchzs
4 0.656296 0.656308
1 0.845767
0 0.808801 wcddu
3 0.77367 1
3 0.814252 32
1 0.026502
0 0.579475 oospl
2 0.835972 0.000163
1 0.277997
0 0.913284 glmdf
1 0.125367
0 0.664341 nktqg
4 0.020097 0.020131
2 0.406506 0.000464
3 0.586457 27
2 0.200972 0.000975
0 0.471027 rcfbu
2 0.505171 0.000235
2 0.695366 0.000118
2 0.847161 0.00015
1 0.562065
4 0.473271 0.473323
3 0.575267 31
1 0.776239
3 0.037601 43
4 0.366995 0.367076
0 0.747012 svzte
0 0.277351 nnftj
3 0.66439 47
0 0.141238 fjulw
2 0.050348 0.000407
3 0.931364 8
4 0.153592 0.153649
3 0.235511 25
3 0.029215 5
2 0.69102 0.00075
1 0.470965
0 0.305378 xxhrm
4 0.74941 0.749494
4 0.100892 0.100955
4 0.802852 0.802876
1 0.417636
2 0.504767 2e-06
2 0.44307 2.2e-05
2 0.364613 0.000287
2 0.225504 0.000349
2 0.636532 7e-05
3 0.502726 32
4 0.610455 0.610531
4 0.830787 0.830815
4 0.20471 0.204799
3 0.304768 47
3 0.36074 21
0 0.725353 zkroi
3 0.460853 20
0 0.365821 yozma
1 0.590521
3 0.998569 43
4 0.330398 0.330459
3 0.638116 1
2 0.454179 0.000606
4 0.578956 0.579042
4 0.209299 0.209356
4 0.091472 0.091525
3 0.835349 9
0 0.657846 bqgss
3 0.829905 5
3 0.484747 29
4 0.620354 0.620418
4 0.22317 0.223232
1 0.894204
2 0.092862 2.3e-05
3 0.466536 35
0 0.640734 nvymf
0 0.8885 odmmp
2 0.24518 0.00021
1 0.730838
4 0.953936 0.953964
4 0.436518 0.436532
3 0.441598 0
3 0.635428 34
2 0.134249 0.000151
1 0.076531
1 0.087527
4 0.120647 0.12073
2 0.882179 0.000945
0 0.663484 bpmbl
4 0.63096 0.630993
1 0.75111
1 0.164326
2 0.370401 0.000187
0 0.682898 hfnfj
0 0.6698 heuzq
1 0.719513
4 0.741695 0.741744
0 0.889007 cynms
1 0.806825
2 0.431693 0.000211
1 0.869531
1 0.363897
4 0.417549 0.417598
2 0.470597 0.000271
3 0.778036 7
3 0.604385 32
0 0.495519 zjjpf
3 0.134129 26
0 0.190898 hhmqh
0 0.055784 yuyqx
2 0.174646 0.000301
4 0.66838 0.668423
4 0.601281 0.601283
4 0.165712 0.165768
1 0.536595
3 0.134295 38
4 0.544101 0.544132
0 0.371456 ivhjd
4 0.951355 0.951381
2 0.760692 0.000669
3 0.361974 23
4 0.016001 0.016003
4 0.320509 0.320519
4 0.661177 0.6612
4 0.784775 0.784796
1 0.685448
2 0.346841 0.000503
0 0.264507 nsvbq
4 0.463085 0.463183
1 0.044543
1 0.78809
2 0.540163 0.000896
1 0.240169
1 0.159796
0 0.648897 fessh
0 0.243301 nvprg
1 0.583701
2 0.112229 0.000932
0 0.855305 gxstc
3 0.900348 33
3 0.065597 2
2 0.577688 0.000674
2 0.38699 0.000975
4 0.860408 0.860457
4 0.948316 0.948392
3 0.111601 47
3 0.062976 21
1 0.580247
2 0.711109 0.000244
0 0.909697 nbxjl
4 0.850871 0.850968
1 0.403983
0 0.732951 pikqk
4 0.720847 0.720876
3 0.952444 18
4 0.464456 0.464497
3 0.107501 40
1 0.799
0 0.252548 putfb
4 0.9014 0.901497
4 0.389161 0.389247
0 0.96432 jrfuy
0 0.01604 zjxvr
4 0.749046 0.749129
3 0.414595 6
3 0.526212 9
4 0.427612 0.42767
4 0.333125 0.333222
1 0.992601
2 0.870104 0.000963
2 0.402497 0.000118
0 0.925224 rdyor
2 0.745024 0.000185
0 0.464376 tluzi
2 0.130348 0.000625
3 0.670503 41
2 0.540607 0.000204
0 0.459456 ngfxm
1 0.665102
2 0.631305 0.000346
3 0.246445 0
1 0.300405
1 0.227594
0 0.9493 oacpm
2 0.082645 0.000213
2 0.471184 0.000246
4 0.389458 0.389517
2 0.969578 6.7e-05
4 0.46312 0.463201
0 0.637723 ivlgm
4 0.919104 0.919151
1 0.446343
2 0.85346 0.000785
2 0.418019 0.000919
3 0.304276 31
0 0.790207 lqfhw
4 0.159929 0.159949
1 0.254213
2 0.870822 0.000422
4 0.334804 0.334821
1 0.188264
3 0.67633 40
2 0.591148 0.000561
1 0.946908
4 0.135691 0.135726
2 0.374555 0.000184
1 0.534484
1 0.315762
0 0.590391 erltf
2 0.260014 0.000227
4 0.395656 0.395693
2 0.408217 0.00042
4 0.00181 0.001848
0 0.74657 vkrgk
1 0.384294
4 0.779034 0.77909
3 0.009241 27
2 0.586213 0.000946
3 0.092883 30
0 0.107599 cibpq
4 0.133066 0.133135
2 0.887529 0.00086
1 0.4687
2 0.579358 0.000369
4 0.593089 0.593188
4 0.695654 0.695751
2 0.768447 0.000243
4 0.448329 0.448369
0 0.463141 pkznk
1 0.541719
4 0.430759 0.430778
3 0.718672 36
1 0.532394
2 0.082673 0.000839
0 0.517856 zuhfi
2 0.011599 0.000791
0 0.016371 unsnw
3 0.992237 9
0 0.951936 fuvqi
2 0.589547 0.000563
3 0.875186 49
0 0.609154 yvpik
2 0.86846 0.000445
1 0.223127
1 0.341704
1 0.682689
3 0.326674 15
1 0.68603
3 0.299126 3
2 0.536007 0.000804
4 0.661513 0.661595
0 0.798618 sqnfw
0 0.830731 cxkjz
1 0.93136
4 0.796757 0.796776
4 0.918643 0.918735
2 0.445185 5.1e-05
1 0.616736
4 0.455995 0.456062
2 0.852982 0.000231
0 0.694525 wzqzp
2 0.240636 0.000606
4 0.864234 0.864275
3 0.098103 48
4 0.176808 0.176809
0 0.309896 uzlwm
3 0.178987 41
3 0.873512 8
4 0.462875 0.462924
1 0.670141
0 0.548187 kjvts
3 0.555193 35
4 0.51097 0.511051
2 0.471752 2.3e-05
4 0.307755 0.307821
0 0.181267 rgeaj
0 0.911592 sxvxf
4 0.646747 0.64677
4 0.415123 0.415134
1 0.834978
1 0.721304
3 0.820549 11
3 0.842915 1
2 0.191103 0.000931
2 0.222021 0.000875
2 0.666319 0.000654
4 0.291217 0.291248
1 0.344692
0 0.463761 gsjyi
0 0.332047 eeaub
0 0.14525 vejur
1 0.265713
2 0.8073 0.000283
0 0.855684 subsk
1 0.468896
4 0.717211 0.717254
1 0.914711
2 0.8671 0.000684
4 0.654359 0.654372
2 0.734815 0.000944
1 0.646235
2 0.397096 8.5e-05
1 0.815071
3 0.166485 44
0 0.516222 kfwik
2 0.155994 0.000188
1 0.515859
3 0.720886 11
1 0.664041
2 0.528312 0.00045
3 0.493749 18
1 0.291688
4 0.067918 0.068012
3 0.936606 45
1 0.436285
0 0.947204 lgdaz
2 0.288104 2.5e-05
3 0.170181 28
2 0.591181 0.000594
3 0.626918 32
2 0.211188 0.000628
2 0.063984 0.000549
2 0.032581 0.000255
2 0.471376 0.000845
2 0.693881 0.000314
1 0.981985
4 0.661431 0.661449
0 0.98984 pgsij
2 0.060035 0.000573
1 0.236587
2 0.150508 0.000168
4 0.111268 0.111307
1 0.697011
4 0.946788 0.946851
0 0.29599 mqccg
2 0.182326 0.000478
3 0.627388 20
4 0.799991 0.800086
0 0.846256 kanpf
1 0.499575
0 0.388551 rxljd
0 0.750775 vtobj
3 0.440443 2
2 0.424045 0.000365
2 0.946827 0.000816
3 0.731122 7
3 0.728781 32
0 0.633684 ozlvb
2 0.334629 0.00084
1 0.660387
4 0.334699 0.334788
3 0.091486 39
3 0.401204 8
0 0.304579 ingyr
1 0.672969
3 0.267115 44
4 0.59587 0.595964
2 0.783026 0.000135
3 0.860644 5
1 0.587986
1 0.163739
0 0.159604 ewwmi
3 0.010138 5
1 0.304609
2 0.95552 0.00015
2 0.396815 0.000694
3 0.626302 44
4 0.564185 0.564278
4 0.860312 0.8604
3 0.634771 34
1 0.353503
2 0.38613 0.000773
3 0.986937 19
3 0.590519 36
0 0.077065 mzpcz
4 0.352592 0.352655
0 0.830689 gaxpt
3 0.897656 43
3 0.346429 26
0 0.575421 vknrc
3 0.942482 25
2 0.214537 0.000795
3 0.083482 11
4 0.1242 0.1242
1 0.199832
0 0.480035 ogthz
1 0.225879
2 0.147743 0.000699
1 0.244754
4 0.816774 0.816857
3 0.429921 7
0 0.592732 yosot
4 0.960404 0.960472
4 0.463169 0.463195
0 0.191431 wqodz
3 0.967805 38
2 0.784579 0.000673
3 0.2145 30
0 0.134892 usccz
4 0.247752 0.247824
3 0.855582 0
3 0.047013 8
2 0.902539 0.000764
1 0.401956
2 0.4035 0.000549
2 0.134353 0.00018
3 0.457938 43
4 0.046765 0.046844
0 0.549653 lgzus
0 0.149913 ojxab
3 0.418439 26
2 0.338291 0.000478
0 0.472644 urumk
2 0.878535 0.000705
1 0.740584
1 0.849408
3 0.407548 35
3 0.588653 0
3 0.917558 14
4 0.543436 0.543493
4 0.996668 0.99667
4 0.732068 0.732156
4 0.936662 0.936754
2 0.124323 0.000862
3 0.678968 20
3 0.086516 8
3 0.67517 10
2 0.096045 0.00036
2 0.879604 0.000668
2 0.228288 0.00027
3 0.960356 11
3 0.41337 3
2 0.294799 0.000714
2 0.749622 0.000283
4 0.826758 0.826849
2 0.501928 0.000951
1 0.114325
4 0.674334 0.67437
2 0.488477 0.000595
2 0.368435 0.000303
3 0.109933 24
4 0.332291 0.332316
0 0.393565 otxtw
0 0.664034 bchpi
3 0.54729 19
3 0.544804 16
0 0.913239 jwnls
1 0.050621
2 0.922559 0.000892
3 0.181916 7
3 0.930293 5
0 0.181172 gtfcx
4 0.043652 0.04374
2 0.725316 0.000675
3 0.890697 2
1 0.45767
4 0.598206 0.598235
2 0.030098 0.00071
3 0.992646 13
3 0.910481 42
3 0.049571 29
2 0.052532 0.000781
1 0.569959
2 0.748785 0.000114
3 0.895857 37
4 0.382499 0.382592
3 0.483246 43
3 0.282262 0
4 0.462629 0.462633
0 0.493097 drgar
3 0.143171 47
4 0.905032 0.905084
0 0.55759 qsbhr
0 0.186662 biijv
4 0.767452 0.7675
1 0.77178
0 0.404203 bkcgf
0 0.909546 pjfir
3 0.806416 42
0 0.152141 zljwd
1 0.088064
2 0.642693 0.000196
4 0.563248 0.563287
3 0.339583 37
0 0.131736 avrre
3 0.679035 40
1 0.142395
3 0.333848 33
4 0.578742 0.578818
4 0.446925 0.446949
0 0.010174 ultfz
3 0.29897 0
0 0.434059 vntqt
4 0.74717 0.747197
2 0.219988 0.000439
1 0.024221
2 0.60872 0.000498
1 0.688881
4 0.346475 0.346499
3 0.087616 44
3 0.370208 5
0 0.8071 hdhnb
3 0.782012 42
0 0.860991 javkc
2 0.560449 0.000448
3 0.369826 24
2 0.973794 0.000618
2 0.344003 0.000775
0 0.131842 ohlvn
3 0.552965 33
4 0.238163 0.238222
2 0.048434 0.000583
0 0.547586 lftng
4 0.931995 0.932007
3 0.345898 18
4 0.836298 0.836353
4 0.418564 0.418616
1 0.547322
4 0.059916 0.059961
0 0.997919 svbdo
0 0.470328 wdhag
3 0.798518 48
3 0.783768 49
3 0.060061 38
0 0.716246 inuio
4 0.780401 0.78045
0 0.152518 klahf
4 0.154827 0.154863
2 0.624326 0.000465
0 0.240825 lkikc
0 0.817568 ienww
3 0.643445 37
1 0.539572
1 0.623916
2 0.983863 0.00053
1 0.45356
2 0.84013 2.6e-05
2 0.597307 8e-05
3 0.029346 11
3 0.696028 43
3 0.971624 25
3 0.615069 14
4 0.154642 0.154713
4 0.03201 0.032103
1 0.934721
0 0.898415 gudrt
2 0.247919 0.000689
3 0.634732 34
1 0.846397
1 0.989247
2 0.023266 0.000739
1 0.758589
0 0.649261 hyusa
2 0.47148 0.000987
4 0.982111 0.982172
1 0.832152
4 0.847225 0.847312
3 0.529201 6
1 0.360398
1 0.068495
0 0.913412 zlqcr
3 0.032079 35
2 0.59179 0.000232
1 0.871363
4 0.185848 0.185867
0 0.850387 ingtj
2 0.084449 0.000311
2 0.240754 0.000723
2 0.132298 0.000745
2 0.516935 0.000482
1 0.625077
2 0.754643 0.00044
3 0.347038 45
3 0.931465 47
0 0.170599 ettbo
3 0.664675 38
2 0.227348 0.000432
3 0.761445 1
0 0.578764 jmnth
2 0.172073 0.000755
4 0.058776 0.058828
1 0.229375
4 0.398832 0.398858
1 0.305371
0 0.165411 sdfzd
4 0.207995 0.208031
3 0.042342 46
3 0.694452 43
0 0.917451 plzyg
2 0.294008 0.000327
4 0.085736 0.085784
1 0.767499
2 0.21481 0.000153
4 0.73136 0.731383
0 0.001978 yysqd
2 0.846717 0.000358
3 0.309121 33
3 0.048202 40
3 0.093293 30
1 0.888291
2 0.149149 0.000444
3 0.876235 26
4 0.910058 0.910151
2 0.636512 0.000646
3 0.663048 15
1 0.700362
1 0.946399
2 0.423391 0.000591
0 0.624677 agubq
0 0.722099 mmuex
2 0.251351 0.000151
3 0.437997 11
2 0.987712 0.000577
1 0.725015
2 0.06892 0.00036
1 0.069008
3 0.901671 33
0 0.730777 zdbsf
4 0.861142 0.861234
4 0.535425 0.535467
3 0.244254 4
2 0.653445 7e-06
1 0.504045
1 0.314798
3 0.206373 39
2 0.067183 0.000368
3 0.642335 49
4 0.900554 0.900613
0 0.414749 ewevu
3 0.695849 37
1 0.381107
0 0.977297 daxin
3 0.850502 0
2 0.464252 0.00024
4 0.853737 0.853774
4 0.060345 0.060372
0 0.318731 jcvmx
2 0.646696 0.000693
2 0.951335 0.000563
0 0.473609 kmqyf
2 0.745731 0.000792
1 0.599468
4 0.15288 0.152946
2 0.829475 2.4e-05
2 0.268466 0.00061
1 0.915162
0 0.127536 mxqdc
4 0.742498 0.742562
3 0.120992 32
3 0.057702 2
3 0.726934 18
2 0.486927 0.000717
3 0.078951 41
2 0.315178 0.000568
4 0.368456 0.368514
4 0.563879 0.563937
0 0.82273 uttru
3 0.514003 48
0 0.361493 tgzem
2 0.866038 7.7e-05
2 0.662634 0.000645
3 0.031091 5
4 0.111322 0.111387
4 0.47064 0.470725
0 0.746158 gegqq
1 0.475904
2 0.243301 5.9e-05
0 0.248817 vlcyk
1 0.244012
1 0.70187
2 0.248946 0.000275
4 0.405511 0.405571
4 0.668021 0.668082
0 0.165847 cbwhf
2 0.968442 0.000455
2 0.970688 0.000842
2 0.568579 0.000127
0 0.873726 sohrg
0 0.916947 enlrx
1 0.556235
2 0.415169 0.00086
4 0.317536 0.31759
4 0.116726 0.116768
3 0.029256 11
2 0.413001 0.000224
3 0.292497 14
3 0.093857 16
0 0.563239 fgeqa
2 0.223348 0.000228
3 0.268603 9
4 0.516297 0.516329
0 0.332571 nijhr
3 0.139685 33
3 0.334759 32
1 0.46878
4 0.614958 0.614964
2 0.709512 0.000353
1 0.87174
1 0.829657
4 0.667833 0.667861
2 0.585668 0.000121
2 0.432856 0.00039
2 0.572542 0.000575
1 0.305289
4 0.640408 0.640427
0 0.255366 xeipd
0 0.264919 kqlpw
2 0.769204 0.000625
3 0.45562 21
0 0.514735 dzfge
1 0.963734
2 0.898389 0.000512
3 0.379619 44
4 0.032016 0.032028
2 0.864206 0.000317
1 0.149762
4 0.500201 0.500241
2 0.745361 0.000463
3 0.636438 10
4 0.889699 0.889782
4 0.132938 0.133011
3 0.156406 44
4 0.656428 0.656514
0 0.38129 bzbzn
2 0.94899 0.000489
1 0.004805
4 0.772994 0.773039
4 0.035706 0.035757
0 0.471075 rtlhp
3 0.361997 10
2 0.445396 0.000561
0 0.765463 llbhm
1 0.917923
0 0.40157 esrsr
4 0.945732 0.945817
1 0.392139
1 0.680376
4 0.221294 0.221332
2 0.916947 0.000505
4 0.133436 0.133518
1 0.373576
3 0.559144 21
0 0.766414 wqacx
0 0.46304 eypcy
2 0.908141 0.000105
2 0.957793 0.000744
0 0.677637 ctlht
0 0.771982 dqddm
0 0.855431 cjmkf
1 0.702751
3 0.958169 9
3 0.432314 3
3 0.109952 36
0 0.338719 yecvy
2 0.768559 0.000984
4 0.197935 0.198019
3 0.300159 8
3 0.418177 34
1 0.36115
1 0.44937
4 0.176036 0.17611
2 0.130871 0.000189
0 0.672077 nctmw
2 0.462696 0.000602
2 0.978836 0.000762
0 0.324349 fsmrv
3 0.48174 20
2 0.657776 0.000294
2 0.111133 0.000429
1 0.390655
4 0.149652 0.149684
1 0.876967
0 0.681018 hiwwu
1 0.473687
0 0.546192 bgsef
2 0.519184 0.000419
3 0.616993 48
4 0.007648 0.00774
1 0.489125
0 0.091023 uwulm
1 0.155392
1 0.190012
4 0.962914 0.962943
1 0.068596
0 0.496505 zceyk
1 0.259318
0 0.225036 jhmxk
0 0.543929 pmvui
4 0.134327 0.134423
0 0.051782 qairo
0 0.660905 dwldr
1 0.258265
1 0.898951
0 0.730816 hdyel
0 0.846074 hdutw
4 0.028967 0.02902
4 0.723457 0.723467
3 0.088151 36
0 0.668665 lupcc
0 0.905685 uykcr
0 0.063849 twafn
3 0.087536 43
2 0.696446 2.9e-05
3 0.202046 24
2 0.99016 0.000766
0 0.30758 zykvf
1 0.613973
0 0.374841 iwplu
4 0.360375 0.360424
2 0.575047 0.000253
2 0.986503 0.000237
3 0.300652 47
4 0.564112 0.56419
4 0.871647 0.87166
2 0.6943 0.000483
4 0.404826 0.404887
1 0.143528
4 0.314815 0.31484
0 0.85539 lqimq
4 0.01774 0.017754
4 0.098205 0.098249
0 0.194237 wdudo
4 0.438459 0.438535
2 0.314398 0.000965
2 0.185533 0.000151
4 0.597092 0.597127
4 0.541779 0.541854
1 0.978318
1 0.663661
2 0.052647 0.00071
3 0.753497 12
3 0.148647 48
2 0.948623 0.000845
2 0.463229 0.000415
3 0.46204 24
1 0.010128
1 0.15077
3 0.630872 40
1 0.044615
3 0.162917 8
3 0.916414 21
1 0.581413
4 0.422958 0.422995
2 0.401712 0.000771
1 0.732531
4 0.665213 0.665287
4 0.591079 0.591175
2 0.221951 0.000436
1 0.339772
2 0.443624 0.000726
2 0.87639 0.000149
3 0.457804 18
3 0.504193 35
0 0.044907 fosjp
3 0.576047 21
3 0.31435 9
1 0.584999
1 0.067638
3 0.120487 30
0 0.870473 ptgwo
3 0.571144 41
4 0.374547 0.374591
0 0.359515 vqojz
2 0.191488 0.000868
0 0.192175 gkgvs
1 0.275479
2 0.77561 0.000208
1 0.780035
4 0.335076 0.335088
2 0.709118 0.000483
3 0.161032 28
2 0.410945 0.00018
4 0.762209 0.762209
4 0.682919 0.682983
2 0.798948 0.000818
1 0.192402
3 0.581592 28
0 0.556648 rmsvm
2 0.111431 0.000923
3 0.220052 3
2 0.982261 0.000855
1 0.969349
0 0.03992 xyakc
2 0.08263 0.000479
2 0.959651 0.000796
1 0.855061
4 0.807968 0.808026
3 0.100723 32
1 0.168222
3 0.662893 12
3 0.66571 34
4 0.570728 0.570784
3 0.68613 30
0 0.806705 pdmol
2 0.637332 0.000558
3 0.254407 42
1 0.091535
4 0.761992 0.762015
4 0.462825 0.462917
4 0.631213 0.631213
2 0.833695 0.00063
4 0.733171 0.733237
1 0.40264
2 0.201914 0.000638
3 0.41141 33
2 0.715902 0.0002
2 0.447783 0.000544
3 0.35891 2
1 0.871761
0 0.547196 xcuea
1 0.887901
1 0.892949
2 0.801175 0.000153
2 0.098578 0.000663
4 0.187298 0.187395
2 0.466194 0.000255
2 0.161346 0.000879
4 0.999642 0.999662
0 0.252549 hlfum
0 0.577666 tijcp
1 0.035368
0 0.826607 fqlsg
4 0.88291 0.882984
0 0.729282 jujng
1 0.128531
4 0.049329 0.049378
3 0.865137 20
0 0.416864 kxlec
3 0.90883 3
2 0.788865 0.000538
3 0.367411 46
4 0.46028 0.460363
4 0.637684 0.637764
2 0.13455 0.000423
3 0.900404 46
2 0.883563 0.000188
4 0.20968 0.209729
4 0.346357 0.346378
3 0.360593 3
4 0.714031 0.71413
1 0.174312
4 0.93963 0.939678
1 0.408412
3 0.872318 27
1 0.865296
2 0.400064 0.000485
1 0.126096
4 0.024426 0.024432
2 0.045082 0.000801
1 0.77451
2 0.283672 0.000241
1 0.139759
3 0.661844 25
2 0.654041 0.000418
2 0.403585 0.000714
4 0.320001 0.3201
1 0.446097
0 0.819114 yyrxt
1 0.549266
2 0.429363 0.000777
1 0.775586
1 0.995756
4 0.811393 0.811454
3 0.360952 27
3 0.173596 29
1 0.136045
4 0.21742 0.217469
4 0.618715 0.61879
3 0.252609 44
4 0.618354 0.618427
2 0.39394 0.000546
4 0.956866 0.956905
2 0.406876 0.000102
1 0.974932
4 0.632468 0.632533
3 0.366241 16
3 0.501308 41
3 0.966472 15
3 0.97536 43
4 0.93914 0.939179
0 0.412358 wpxdt
3 0.246113 28
3 0.158522 49
3 0.946551 33
0 0.226054 mhrck
3 0.077381 37
0 0.016521 rctmh
1 0.327341
2 0.28168 0.000355
4 0.843823 0.843873
2 0.677315 0.000711
2 0.528468 0.000765
0 0.346092 rwnsa
1 0.624429
2 0.653715 0.000215
0 0.934534 juxjz
4 0.151045 0.151062
1 0.727925
4 0.168449 0.168493
0 0.657297 rcsye
2 0.356997 0.000475
0 0.628247 ueotw
1 0.251135
0 0.334479 uqxxh
0 0.088538 ydzyy
3 0.635923 23
3 0.509273 48
3 0.653872 41
0 0.720692 krchh
0 0.267523 yepfk
4 0.548263 0.548289
2 0.029234 0.000861
0 0.181509 irmmo
1 0.661533
3 0.463048 39
1 0.69705
1 0.907505
1 0.214334
1 0.222904
0 0.457994 wszzk
4 0.574864 0.574908
4 0.781998 0.782077
3 0.643005 5
4 0.170677 0.170724
2 0.384209 0.00071
2 0.371972 4.4e-05
3 0.886027 41
4 0.432349 0.432386
2 0.643446 0.000956
0 0.639876 gywzt
1 0.57929
0 0.645189 qiqgb
3 0.567593 18
4 0.423731 0.4238
2 0.617122 0.000227
3 0.250393 39
2 0.78411 0.000115
0 0.212372 pzupz
4 0.252471 0.252525
3 0.328346 4
1 0.546165
3 0.898136 12
0 0.846706 jftbn
4 0.846572 0.846636
4 0.289684 0.289687
3 0.650609 35
4 0.173075 0.173082
4 0.143981 0.144051
3 0.31469 35
2 0.438822 2.2e-05
0 0.690436 svlyk
2 0.526308 0.000929
1 0.62545
3 0.315157 8
4 0.97065 0.970718
3 0.630984 40
1 0.428021
4 0.217721 0.21773
3 0.806639 32
2 0.502475 0.000475
0 0.333413 prkpn
0 0.751618 vjlet
0 0.777343 mmjht
0 0.729551 oqeln
0 0.325013 ntguj
0 0.152649 bdvqq
4 0.547556 0.54758
3 0.359293 33
4 0.578533 0.578583
0 0.400258 suzlg
4 0.413104 0.413159
3 0.260797 16
3 0.929798 46
4 0.31453 0.314576
3 0.570424 30
4 0.40221 0.402214
1 0.690674
4 0.836113 0.836129
3 0.401979 28
3 0.551025 34
0 0.968983 iuund
2 0.297062 0.000587
4 0.875808 0.875861
0 0.578765 ccdhq
1 0.192362
3 0.181467 11
3 0.898027 36
2 0.903542 0.000621
3 0.515949 4
3 0.420807 43
2 0.296616 0.000598
2 0.365456 0.000762
3 0.373801 39
4 0.092265 0.092352
3 0.839705 0
1 0.737732
3 0.840778 25
4 0.885143 0.885242
0 0.488333 jstgq
1 0.124473
1 0.107939
4 0.979701 0.979732
4 0.454783 0.454851
1 0.028844
4 0.454506 0.454582
4 0.612133 0.61222
2 0.668984 0.000617
3 0.580089 37
4 0.878379 0.878419
0 0.519583 wtljc
1 0.41254
1 0.545194
1 0.604312
2 0.549246 0.000861
3 0.910547 15
2 0.845164 0.000711
3 0.098151 5
4 0.329817 0.329884
0 0.167043 twroa
1 0.154108
3 0.873534 22
3 0.636086 42
3 0.678299 45
1 0.111348
2 0.362612 0.000176
4 0.901432 0.901525
2 0.102944 0.000158
3 0.249808 10
3 0.731656 42
3 0.796048 26
0 0.122396 xpiye
2 0.493881 0.000542
2 0.276261 0.000154
3 0.776036 47
2 0.790217 0.000552
2 0.962827 0.000268
3 0.434712 2
0 0.060705 dikzk
0 0.340967 ruoul
4 0.214171 0.214235
0 0.60423 acxnc
1 0.799434
0 0.82469 upnvf
3 0.13219 45
0 0.640936 jziqc
3 0.132544 10
3 0.253126 24
2 0.647573 0.00064
4 0.931329 0.931371
1 0.628608
0 0.463057 qgbee
4 0.476711 0.476808
4 0.477639 0.477702
4 0.044797 0.044844
3 0.791057 21
1 0.43863
3 0.773727 34
2 0.602294 0.000129
3 0.515972 49
4 0.403817 0.403906
2 0.183212 0.000352
4 0.153873 0.153965
0 0.042907 davqh
4 0.281985 0.282049
4 0.835763 0.83582
4 0.206892 0.206959
3 0.842011 37
2 0.62069 0.000405
4 0.402006 0.402072
2 0.76027 0.000518
1 0.518101
4 0.562938 0.562969
3 0.451185 32
0 0.170819 nwgov
1 0.695433
0 0.918498 foiyi
3 0.573824 33
0 0.400343 ywujo
2 0.082536 0.000925
4 0.51396 0.514015
2 0.299091 0.000525
2 0.121009 0.000958
2 0.555859 0.000786
4 0.360812 0.360851
4 0.443038 0.443102
4 0.082074 0.082117
3 0.284049 4
2 0.969912 0.000599
1 0.473124
3 0.516695 4
0 0.805974 rljoz
3 0.424259 13
4 0.464598 0.46463
4 0.244769 0.244827
1 0.187305
2 0.61074 0.000217
3 0.842091 7
1 0.103755
0 0.13444 qqnfh
2 0.176332 0.000563
0 0.038123 ergof
3 0.176833 17
3 0.737097 9
3 0.992827 18
3 0.382543 21
1 0.058765
4 0.197448 0.197468
2 0.846752 0.000494
4 0.731026 0.731054
2 0.186607 0.000956
2 0.432815 0.000141
1 0.866329
4 0.483751 0.483763
1 0.340427
4 0.086797 0.086842
2 0.145563 0.000544
3 0.080735 44
0 0.03523 ukimr
1 0.94733
0 0.017186 dddtk
0 0.937241 mdbmo
4 0.767412 0.767456
2 0.3645 0.000288
0 0.578643 rghem
1 0.522052
2 0.397452 0.000936
4 0.542229 0.542252
4 0.962909 0.962973
4 0.068893 0.068905
1 0.828416
1 0.75975
1 0.740697
0 0.108998 abcsv
1 0.872031
2 0.3704 0.000647
1 0.912629
1 0.225521
3 0.399087 27
2 0.166599 0.000827
3 0.637323 27
4 0.37802 0.378025
3 0.642633 13
2 0.221036 0.000695
1 0.47364
0 0.444043 npmei
3 0.641189 42
0 0.963898 fkhao
1 0.157986
0 0.334681 vaunb
2 0.797968 0.000806
2 0.242011 0.000984
1 0.115036
1 0.658246
4 0.668889 0.668914
0 0.324796 vqxdo
1 0.813872
2 0.731486 0.000149
0 0.80373 zjsvb
2 0.134683 0.000841
2 0.060712 0.00044
4 0.817453 0.817509
1 0.398368
3 0.173105 7
4 0.731507 0.731597
1 0.920269
4 0.635501 0.635553
2 0.98792 0.000796
4 0.810497 0.810527
4 0.87132 0.87133
0 0.459792 tsinf
3 0.508294 40
0 0.41236 qyevi
1 0.496489
4 0.974576 0.974635
1 0.369193
0 0.605022 wzjgx
0 0.380266 gahkh
4 0.126378 0.126442
4 0.34685 0.346936
2 0.509241 0.000852
0 0.026355 vfpcb
4 0.696602 0.696671
4 0.346756 0.346792
1 0.166434
2 0.309571 0.000207
3 0.952302 24
4 0.566325 0.566415
1 0.588263
0 0.121254 sbllm
0 0.407141 mbpkx
4 0.126929 0.12698
4 0.395403 0.395477
3 0.240419 26
4 0.417346 0.417428
2 0.657847 0.000559
3 0.852714 41
4 0.048157 0.0482
2 0.6031 3.6e-05
3 0.992812 14
2 0.557757 0.000167
3 0.469512 41
4 0.709931 0.710001
3 0.463482 24
0 0.879603 kmbzf
3 0.806761 15
0 0.070797 lrvzo
0 0.78877 kflbs
1 0.058905
0 0.455788 exlds
3 0.698306 0
3 0.505067 15
0 0.092217 fjyur
0 0.021233 hgmxz
0 0.08236 maibv
2 0.693158 5.3e-05
0 0.641508 muwjx
2 0.155294 0.000852
2 0.777307 0.000142
1 0.244411
2 0.714633 0.000981
2 0.739778 0.000817
0 0.240899 byavp
3 0.003402 18
2 0.131757 0.000901
3 0.118962 3
1 0.896269
2 0.506494 0.000184
0 0.498392 rimhj
3 0.471497 41
1 0.36172
4 0.405056 0.405078
4 0.782015 0.782056
0 0.745683 idvay
1 0.417651
2 0.349895 0.000395
3 0.120621 47
0 0.908516 vfaoe
0 0.993434 uphnd
3 0.471344 31
0 0.650367 ykgpz
2 0.986445 2.3e-05
0 0.199243 golga
3 0.258685 36
3 0.134524 26
0 0.931177 xbove
0 0.53354 ankhn
1 0.652136
1 0.832631
2 0.121242 0.00098
4 0.643893 0.643912
2 0.399568 0.000432
1 0.401544
4 0.362875 0.362879
4 0.423461 0.423531
4 0.458728 0.458728
2 0.336841 0.000498
0 0.505329 phkjj
1 0.167862
3 0.3616 47
2 0.420539 0.000941
2 0.299766 0.000797
3 0.415529 46
0 0.967251 jxjmx
2 0.463177 0.00029
1 0.722718
4 0.684677 0.684709
3 0.404858 17
1 0.008255
0 0.244184 tschh
0 0.947445 fqttt
1 0.90589
2 0.53174 0.000532
3 0.77081 42
3 0.314971 12
3 0.604349 47
2 0.650249 1.8e-05
0 0.612947 ggyxz
0 0.271873 qygmb
1 0.417843
1 0.387496
2 0.092666 0.000153
3 0.288678 18
4 0.975378 0.975408
4 0.121316 0.121342
0 0.455387 yutmt
2 0.695577 3.4e-05
1 0.323337
1 0.52672
3 0.829985 38
2 0.619605 0.000157
4 0.594983 0.595022
3 0.294731 47
1 0.432661
3 0.916876 22
3 0.534477 38
3 0.746406 22
1 0.586095
1 0.638453
1 0.951479
1 0.291239
0 0.46756 iuana
4 0.129967 0.130024
3 0.050719 26
0 0.993281 wlwdm
4 0.560574 0.560586
2 0.959976 0.000247
4 0.434297 0.434383
4 0.901858 0.901919
4 0.516182 0.516257
3 0.028336 8
2 0.411262 0.000315
0 0.845017 tiuij
1 0.577861
0 0.879237 cunbo
1 0.702897
1 0.667691
1 0.415539
3 0.688654 27
3 0.879528 4
0 0.842507 voxcv
3 0.751466 28
4 0.602719 0.602795
1 0.404622
2 0.575243 0.000626
2 0.028978 0.000518
2 0.233985 9.7e-05
1 0.305749
1 0.51057
0 0.15972 elrrq
4 0.116399 0.116471
3 0.823027 23
3 0.760139 38
3 0.916501 17
2 0.167802 0.000169
4 0.371583 0.371601
0 0.398505 puczr
2 0.364199 0.000942
3 0.997398 41
0 0.936334 zcxjd
3 0.311301 45
0 0.663858 bidpw
1 0.950257
3 0.218233 25
1 0.430712
4 0.827024 0.827048
1 0.576693
4 0.518812 0.518818
3 0.145281 0
1 0.340218
1 0.212012
2 0.825309 0.000806
3 0.726798 4
1 0.169218
2 0.922731 0.000723
2 0.734904 0.000747
3 0.209735 42
2 0.244899 0.000751
1 0.39018
3 0.33523 48
4 0.321122 0.321149
4 0.60128 0.601371
2 0.315384 0.000664
3 0.247722 10
2 0.575013 0.000256
3 0.26965 43
2 0.676765 0.000243
0 0.790983 jxnib
0 0.491228 cldrj
2 0.917335 0.000756
2 0.721164 0.000108
3 0.975296 16
3 0.761299 9
2 0.954416 0.000654
3 0.092855 18
4 0.12837 0.128404
2 0.603388 0.000531
2 0.196037 0.000467
1 0.587719
4 0.931597 0.931614
0 0.525031 fpifs
4 0.670033 0.67005
2 0.931784 0.000499
1 0.070552
0 0.776728 ilbft
3 0.356572 9
3 0.6164 43
0 0.785335 uvpfm
2 0.816074 0.000795
1 0.166656
4 0.795484 0.795565
2 0.698922 0.000231
1 0.616244
0 0.154937 fmxza
1 0.33507
3 0.027894 38
3 0.634657 40
2 0.427804 0.000513
0 0.152736 uwelm
4 0.949393 0.949457
1 0.605123
4 0.868892 0.868959
0 0.513154 gtrgc
1 0.465878
4 0.975427 0.975473
0 0.316002 qlcup
1 0.887354
1 0.723807
3 0.539507 32
0 0.661688 ibmvv
4 0.734127 0.734164
2 0.897393 0.000483
2 0.213395 0.000266
0 0.477617 bgxlr
4 0.746329 0.746342
2 0.534701 0.000771
2 0.465266 0.000484
4 0.463932 0.463968
3 0.198059 23
0 0.414353 oarvx
2 0.240853 0.000724
0 0.41905 pvwov
4 0.247321 0.247385
3 0.712587 0
2 0.624535 0.00093
1 0.269593
4 0.217722 0.21781
3 0.636949 27
1 0.059247
1 0.909098
2 0.891193 0.000187
3 0.603812 30
4 0.851133 0.85123
3 0.563721 47
2 0.552314 0.000875
4 0.471982 0.471991
1 0.470022
0 0.369422 rsyul
4 0.1569 0.15696
4 0.729328 0.729396
2 0.695837 0.000317
0 0.77591 rkily
4 0.3543 0.354317
1 0.086773
1 0.871562
2 0.401218 0.000236
1 0.234564
2 0.028898 0.000455
1 0.180444
3 0.731719 11
4 0.308257 0.308285
4 0.857112 0.85714
0 0.069841 zicdy
3 0.079802 35
3 0.356845 9
4 0.191039 0.191074
1 0.027549
2 0.67957 0.000545
0 0.396121 cgqdo
3 0.552123 42
0 0.70304 ygscr
3 0.731159 0
2 0.3727 4.1e-05
4 0.711038 0.711129
3 0.463798 30
2 0.387649 0.000998
4 0.424455 0.424503
4 0.481742 0.481787
3 0.162634 36
3 0.711133 43
2 0.530907 4.6e-05
1 0.903608
2 0.143465 0.000646
3 0.616496 7
1 0.669134
1 0.996687
0 0.961977 sqtnj
3 0.93207 33
2 0.250534 0.000429
3 0.167721 19
2 0.702211 0.000435
3 0.763242 33
2 0.59276 0.000155
1 0.542569
1 0.356914
2 0.38843 0.000724
2 0.872935 0.00043
4 0.005968 0.006032
4 0.938749 0.938791
2 0.044446 0.000383
2 0.775014 0.000679
4 0.469297 0.469378
1 0.313452
3 0.715858 30
3 0.552499 30
0 0.705075 dfnah
0 0.841636 hibgp
3 0.340952 15
2 0.405128 1.4e-05
1 0.044463
2 0.309298 0.000399
4 0.380784 0.380808
4 0.272347 0.272446
3 0.106691 1
0 0.462538 yippy
2 0.817526 4.9e-05
1 0.222654
3 0.090292 20
3 0.759888 45
2 0.93667 0.000225
2 0.257716 0.000548
4 0.497467 0.497477
2 0.751732 0.000308
4 0.783418 0.7835
3 0.346257 4
2 0.106813 0.000567
2 0.424236 0.000153
2 0.519581 0.000685
4 0.51205 0.512055
1 0.029603
0 0.782132 nqpdw
3 0.200766 29
1 0.523221
0 0.541896 fchzn
2 0.315064 0.000558
0 0.483188 iufzh
0 0.121404 dbiml
3 0.812544 28
4 0.02509 0.025166
4 0.16841 0.168506
0 0.085611 izjdt
3 0.556238 3
1 0.012026
1 0.541343
2 0.731611 0.00012
3 0.47711 15
3 0.288906 7
4 0.735075 0.735109
2 0.048888 0.00023
4 0.644303 0.6444
4 0.487967 0.487997
4 0.150621 0.15065
1 0.500709
2 0.59227 0.000164
4 0.167977 0.167996
4 0.233383 0.233408
1 0.057615
2 0.514447 0.000784
1 0.245029
3 0.917069 39
1 0.415377
2 0.622633 0.00035
1 0.048769
4 0.112025 0.112064
0 0.710851 lilek
4 0.18835 0.188428
3 0.068191 7
3 0.115236 10
0 0.587577 fgtpb
2 0.470807 0.000129
2 0.928762 0.000678
2 0.889876 0.00055
0 0.600725 mloew
2 0.652842 0.000372
3 0.361415 17
4 0.131209 0.131293
0 0.495212 caitf
3 0.05068 36
4 0.089583 0.089622
1 0.029711
0 0.757085 pdxnk
1 0.612516
3 0.011809 32
3 0.894945 27
2 0.878802 0.000469
3 0.475591 1
2 0.330877 8.4e-05
3 0.30324 16
1 0.161146
3 0.7288 16
4 0.095631 0.09569
2 0.975446 0.000468
4 0.986471 0.986536
1 0.492708
4 0.654899 0.654931
1 0.135049
1 0.858991
4 0.145302 0.145361
0 0.306448 zpwxl
0 0.414283 kwhbi
1 0.286246
3 0.771183 40
3 0.657125 24
0 0.308527 acifs
4 0.654837 0.654919
3 0.154529 9
1 0.660837
3 0.097173 16
3 0.374359 11
1 0.357097
0 0.639575 iebqr
3 0.630019 46
2 0.12662 0.000484
0 0.4585 mbhyg
3 0.032404 0
1 0.40575
1 0.046282
1 0.194687
4 0.608016 0.608016
1 0.082686
1 0.326564
0 0.860173 psnhs
2 0.557417 0.000734
4 0.347635 0.347681
2 0.244358 0.000274
1 0.458127
1 0.79849
4 0.048084 0.048127
0 0.390818 hizmm
0 0.244037 szvtg
4 0.256061 0.256084
4 0.555662 0.555679
3 0.643113 46
1 0.957956
0 0.170186 ztcrs
2 0.504322 0.000627
1 0.29627
4 0.405315 0.40534
3 0.06303 32
4 0.488887 0.488976
1 0.630221
2 0.508527 7.6e-05
3 0.072678 44
4 0.423217 0.423251
0 0.463019 lityn
2 0.515522 0.000787
4 0.506486 0.506517
2 0.462552 0.000336
1 0.338993
2 0.186498 0.000434
4 0.302464 0.302542
3 0.725681 13
0 0.612389 gbgnb
0 0.560169 pdmoo
4 0.243511 0.24355
1 0.659487
2 0.384641 0.000274
3 0.573227 40
1 0.173868
4 0.124624 0.124719
3 0.123942 7
0 0.109152 hyfek
3 0.125724 16
1 0.580304
0 0.357013 cgzpy
4 0.125488 0.125572
2 0.533798 0.000201
0 0.281972 yajol
4 0.774533 0.774575
2 0.045177 0.000976
2 0.028266 0.000375
1 0.61537
4 0.072835 0.072893
1 0.942695
4 0.861131 0.861161
3 0.397761 4
1 0.634595
3 0.398024 3
0 0.688909 muabq
0 0.878926 umruv
3 0.379394 3
2 0.658425 0.00074
2 0.86901 0.000853
1 0.618739
4 0.060538 0.060582
0 0.922954 ekxvw
3 0.4571 17
1 0.592936
4 0.892427 0.892458
0 0.111393 qrnsl
4 0.4507 0.450783
3 0.983816 39
0 0.205841 drytu
0 0.894791 ejwuj
1 0.923278
1 0.611628
3 0.689837 31
4 0.544071 0.544141
0 0.421754 rmsor
0 0.515417 otouk
3 0.768022 46
4 0.067247 0.067305
1 0.324408
1 0.110184
2 0.746952 0.00034
3 0.496423 1
1 0.577319
4 0.201525 0.201536
3 0.823496 24
2 0.643632 0.000108
1 0.327545
0 0.866993 zttkr
0 0.785211 ddsjz
0 0.941053 fqgbo
1 0.936331
3 0.607191 25
3 0.406937 20
3 0.790282 25
0 0.498035 ccgbd
0 0.992889 izjcy
2 0.188128 0.000664
4 0.763596 0.763685
4 0.88714 0.887205
3 0.810429 37
1 0.03286
2 0.310034 0.000658
0 0.293218 zldfg
1 0.389149
2 0.481902 0.000739
4 0.201773 0.201852
0 0.582697 csfit
4 0.280964 0.280981
2 0.896064 0.000903
3 0.247549 21
4 0.724788 0.724876
4 0.930522 0.930524
1 0.738262
4 0.360564 0.36063
2 0.826895 6.3e-05
4 0.746385 0.746403
0 0.009691 uvljb
0 0.3179 dkrun
3 0.331983 45
2 0.022517 0.000907
1 0.18619
0 0.486341 ilnwr
4 0.110398 0.110401
3 0.343023 2
0 0.643946 xeull
1 0.032035
0 0.608534 etzae
4 0.395046 0.395103
2 0.425665 0.000164
0 0.567314 zumtu
2 0.746473 0.000284
1 0.240871
2 0.083759 0.000888
0 0.00038 rzuxa
1 0.243092
2 0.668498 0.00058
0 0.798839 btiaz
1 0.037725
1 0.787808
4 0.664852 0.664932
1 0.935849
4 0.807343 0.80739
3 0.783436 8
4 0.026529 0.026544
0 0.99237 amjzq
1 0.669026
0 0.445114 dpplh
3 0.839195 11
1 0.620891
4 0.762333 0.762422
3 0.729247 11
3 0.002344 1
3 0.96697 33
0 0.433623 oaqej
0 0.759329 sqqnd
1 0.747271
2 0.490067 8.1e-05
3 0.334465 5
4 0.314336 0.314435
2 0.540259 0.000721
3 0.092987 3
3 0.319805 36
4 0.595486 0.595581
3 0.342856 46
2 0.96654 0.000435
0 0.922853 qqdlf
1 0.586767
1 0.278813
1 0.541959
0 0.044186 bkfvc
0 0.168005 mzdnv
0 0.076717 nnyhb
1 0.864217
1 0.028165
0 0.833979 gsjbg
0 0.665122 txvyu
2 0.60622 0.000446
4 0.425215 0.425278
1 0.817611
3 0.671467 24
1 0.949412
2 0.539722 0.000763
3 0.684653 10
1 0.03924
1 0.987406
4 0.516138 0.516207
1 0.076837
4 0.672423 0.672434
0 0.479938 moseb
3 0.562173 36
2 0.87067 0.00034
4 0.659256 0.659283
4 0.045724 0.045757
0 0.729988 vzooc
4 0.567456 0.567518
1 0.305328
0 0.99042 nqvbo
4 0.812382 0.81244
0 0.98799 niouf
3 0.029575 27
3 0.725131 12
1 0.526473
3 0.245175 49
4 0.436595 0.436617
3 0.706541 31
4 0.917472 0.917488
3 0.448154 3
0 0.998221 jlqhy
4 0.881455 0.88151
3 0.373519 46
3 0.068669 18
2 0.29565 0.000661
0 0.048183 dlzun
3 0.230409 42
3 0.22863 16
1 0.032295
2 0.640372 0.000783
3 0.013891 30
1 0.959573
3 0.377959 41
0 0.488397 tqpgq
2 0.442253 6.4e-05
4 0.355657 0.355704
1 0.93871
0 0.709218 otppy
2 0.168004 0.000107
4 0.743999 0.744078
0 0.871956 dxcli
2 0.168109 0.000892
3 0.349043 1
0 0.471061 lstpd
2 0.75434 0.000326
1 0.593748
0 0.003225 njkfp
3 0.048059 44
2 0.488989 0.000441
0 0.796576 mqthm
4 0.114421 0.114443
2 0.55046 0.000362
0 0.322936 fxuyi
0 0.908785 pbfit
1 0.036187
3 0.259977 1
2 0.639517 0.000391
3 0.104806 14
0 0.340306 mqlqs
1 0.435133
4 0.781519 0.781524
4 0.530547 0.53062
1 0.914644
3 0.860769 27
2 0.922898 0.000444
0 0.673337 hozte
2 0.261885 0.000378
2 0.359825 0.000452
3 0.15956 16
0 0.195931 vialq
2 0.071764 0.000576
2 0.511015 2.1e-05
4 0.184352 0.184375
1 0.244191
1 0.637933
4 0.332788 0.332798
4 0.700301 0.70037
0 0.365685 hmruu
3 0.464726 37
0 0.789646 dsqwc
2 0.874857 0.000661
0 0.920683 ppnii
1 0.194126
1 0.166677
3 0.102324 15
3 0.868628 2
0 0.658275 iabci
0 0.629719 dwltl
3 0.123814 43
1 0.691569
0 0.054025 fegem
0 0.092652 evzcl
2 0.424437 9.6e-05
2 0.870844 0.000912
2 0.605057 0.000842
4 0.496468 0.496517
4 0.592191 0.592209
4 0.646216 0.646234
4 0.13206 0.132154
4 0.041392 0.041392
3 0.227319 44
1 0.168109
3 0.914495 18
0 0.092905 cfaef
2 0.424038 0.000792
4 0.070255 0.070318
3 0.464245 7
3 0.548039 6
0 0.191137 fbzgi
2 0.355388 0.000555
4 0.055265 0.055347
0 0.207035 urhhp
3 0.170074 47
3 0.66144 11
0 0.872269 eftwx
2 0.507026 0.000281
1 0.862414
1 0.38969
1 0.123825
4 0.671847 0.671852
4 0.586733 0.586827
0 0.29593 rjhvo
2 0.791863 0.000936
1 0.45601
2 0.368907 0.000831
3 0.231321 20
1 0.665352
0 0.029609 tpske
2 0.124583 0.000908
1 0.332213
4 0.147457 0.147522
4 0.042745 0.042768
4 0.904626 0.904699
3 0.871526 27
4 0.20291 0.202977
0 0.542032 lmdvr
1 0.739481
4 0.609689 0.609698
3 0.045089 7
3 0.494594 36
1 0.062219
4 0.463526 0.463602
2 0.001084 0.000153
4 0.068475 0.068553
2 0.919655 0.000337
0 0.433618 tfyqo
3 0.588702 15
3 0.149609 30
2 0.068388 0.000973
4 0.712823 0.71287
3 0.194329 21
4 0.775102 0.77511
2 0.290484 0.000863
4 0.29902 0.299099
4 0.021226 0.021304
2 0.12628 0.000995
0 0.275889 zmueh
3 0.858599 44
1 0.243917
3 0.494125 42
0 0.300962 ucbbm
0 0.523484 vpfls
3 0.85663 40
0 0.669199 fhvww
2 0.701332 0.000186
0 0.551174 zymwv
4 0.264158 0.26418
0 0.202266 ltbpw
3 0.131751 34
4 0.937345 0.93742
3 0.928043 0
2 0.629375 0.000188
2 0.696901 0.000297
4 0.02943 0.02944
1 0.690798
1 0.11635
3 0.721774 7
1 0.507665
2 0.87073 0.000871
4 0.721002 0.721048
2 0.165397 0.000648
4 0.794772 0.794809
4 0.491673 0.491707
0 0.870088 nnzbs
1 0.084819
3 0.569095 35
0 0.663932 hyxjf
0 0.389393 vocoi
0 0.43062 rbfoj
3 0.799786 25
2 0.884605 0.000378
2 0.993442 0.00028
4 0.022839 0.022878
2 0.462949 0.00031
4 0.136505 0.136562
1 0.021144
2 0.544956 0.000918
3 0.700927 4
1 0.552802
1 0.750961
3 0.854763 39
0 0.848206 nfrab
3 0.422915 25
3 0.092206 27
0 0.223134 kcxob
3 0.21679 23
1 0.967751
1 0.919355
2 0.488625 0.000224
1 0.399625
0 0.126954 alukr
0 0.371921 rcypd
0 0.832334 xijzn
2 0.381988 0.000719
0 0.804208 kmnmi
4 0.201258 0.201336
1 0.759258
1 0.505239
0 0.728657 rppgo
4 0.05671 0.056804
0 0.225208 mlgen
2 0.579237 0.00047
2 0.157673 8e-05
0 0.356527 kmjch
1 0.219002
3 0.858856 4
0 0.198217 vxgge
4 0.233491 0.233512
3 0.124535 35
1 0.992856
2 0.515823 0.000547
4 0.828406 0.828442
3 0.365042 22
2 0.082702 0.000749
0 0.670043 oqntr
3 0.331981 39
2 0.050326 0.000999
3 0.445113 31
1 0.660969
2 0.212412 0.000724
2 0.577454 0.000198
1 0.677851
3 0.550647 0
3 0.120606 19
1 0.66214
0 0.50894 kfkit
2 0.717164 0.00044
0 0.10117 ewume
3 0.314822 44
2 0.911192 0.000415
4 0.473308 0.473342
0 0.650267 akxso
0 0.412089 gvbpk
3 0.549343 14
2 0.984097 0.000265
0 0.069337 diiwv
0 0.334913 amtbr
2 0.060394 0.000194
1 0.993178
1 0.889522
4 0.782477 0.782569
3 0.809991 19
1 0.968256
1 0.664256
0 0.740398 qvdnd
3 0.266371 9
2 0.326765 0.000853
1 0.3395
3 0.121217 49
1 0.620875
2 0.272837 0.000694
0 0.757446 wpwep
1 0.923253
1 0.340166
2 0.592535 0.000589
2 0.22974 0.00038
3 0.186048 13
1 0.548231
4 0.661769 0.661776
2 0.598482 0.000753
2 0.02824 0.000319
3 0.612288 37
1 0.83717
4 0.728979 0.729
1 0.107944
3 0.178321 26
3 0.880721 41
2 0.428952 0.000655
1 0.361135
3 0.718678 31
0 0.746918 vakhs
3 0.871509 7
4 0.998216 0.998294
2 0.339885 0.00054
2 0.109102 0.000582
1 0.054406
4 0.577058 0.577127
3 0.916836 34
3 0.43091 22
2 0.16294 0.000464
0 0.875668 zsjpw
2 0.828406 0.000197
0 0.296298 zgmxk
2 0.552316 0.0007
1 0.116983
2 0.120452 0.000257
4 0.799744 0.799766
1 0.675413
0 0.131767 uzygy
2 0.750986 0.000583
1 0.686434
2 0.746747 5e-05
4 0.569362 0.569413
0 0.092268 rxexj
4 0.653781 0.65387
4 0.572075 0.572089
4 0.351479 0.351515
1 0.427181
1 0.878415
3 0.617413 46
3 0.186776 49
0 0.905825 imidp
3 0.14308 5
4 0.032588 0.032671
4 0.8612 0.861219
2 0.288382 0.000712
4 0.560498 0.560524
0 0.148372 cukjg
4 0.353268 0.353294
2 0.939263 3.9e-05
2 0.668318 0.000334
3 0.636035 5
1 0.973124
3 0.637113 40
3 0.77584 17
4 0.440564 0.440621
3 0.301526 25
3 0.832866 18
0 0.360957 aomyg
3 0.389144 27
4 0.87862 0.878657
2 0.493559 0.000379
3 0.289673 20
2 0.624753 0.000114
3 0.851356 37
1 0.795774
0 0.641408 rtgdv
4 0.425429 0.425528
0 0.643682 hzfqg
4 0.422977 0.422991
1 0.838308
0 0.350351 vpuoi
2 0.592862 0.0009
0 0.02895 pabra
3 0.29286 11
3 0.730488 19
1 0.089039
1 0.717122
0 0.315403 qisun
4 0.47541 0.475506
0 0.210183 qssnr
1 0.368658
0 0.172333 qaesm
2 0.663397 0.000492
1 0.227031
2 0.34167 0.000995
0 0.867677 crvbg
1 0.519767
1 0.15953
1 0.355551
2 0.485227 0.000362
1 0.580893
2 0.452944 0.000682
1 0.423782
3 0.888468 32
3 0.272497 4
0 0.39637 jutml
4 0.695971 0.695982
1 0.170865
2 0.85769 0.000888
1 0.310634
1 0.995942
0 0.441097 eclqw
1 0.515983
2 0.744847 0.00042
4 0.901956 0.901976
3 0.241067 38
3 0.450866 33
0 0.644007 olzof
2 0.938064 3.7e-05
4 0.441624 0.441624
1 0.114243
4 0.117708 0.117793
3 0.430629 27
4 0.14384 0.143852
2 0.854223 0.000732
1 0.349847
0 0.963017 ofyrr
3 0.082604 28
3 0.692498 38
3 0.552117 19
4 0.830043 0.830064
4 0.865389 0.865451
1 0.519624
0 0.341484 rlkqu
2 0.937484 0.000965
4 0.405136 0.405146
1 0.341364
3 0.488938 40
4 0.446618 0.446654
0 0.588742 jtirv
4 0.927555 0.927586
3 0.585999 9
1 0.663253
4 0.449723 0.449724
1 0.841144
3 0.144027 17
3 0.22465 8
4 0.360401 0.360411
1 0.963454
1 0.787001
1 0.85024
1 0.085032
0 0.131494 ugbna
3 0.027146 40
1 0.687525
4 0.043216 0.043292
2 0.347265 0.000444
3 0.552888 15
3 0.709836 16
0 0.940744 dtfxl
0 0.864266 mxcne
4 0.8416 0.841601
3 0.159861 33
1 0.533998
0 0.736133 jrdqh
3 0.623765 30
1 0.381417
0 0.340724 sxdgy
1 0.8086
3 0.967626 18
3 0.617311 4
4 0.15131 0.151311
4 0.059941 0.06001
4 0.842282 0.842316
4 0.459819 0.459822
1 0.736522
0 0.124194 qwdww
2 0.16672 0.000582
1 0.072204
1 0.455107
4 0.045489 0.04552
2 0.815405 0.00094
1 0.8554
1 0.120746
3 0.231727 18
0 0.872274 jbftf
0 0.787159 hdtlg
0 0.462966 xeiao
1 0.614137
4 0.573454 0.573537
4 0.321533 0.321537
4 0.193807 0.193846
2 0.111574 0.000525
0 0.170361 qfcmy
0 0.673899 xspqk
4 0.441394 0.44145
1 0.014848
0 0.299001 wipvb
1 0.813803
3 0.797266 16
3 0.784554 8
1 0.323073
0 0.098627 goydy
0 0.065925 qyaks
2 0.459304 0.000845
1 0.498582
1 0.712026
3 0.132245 39
4 0.319664 0.319726
0 0.870777 ecngx
3 0.711438 28
1 0.271467
1 0.160177
3 0.659885 45
1 0.67482
3 0.782248 10
3 0.511142 13
4 0.092281 0.092375
2 0.646782 0.000338
1 0.329392
1 0.843669
3 0.235624 0
2 0.455691 0.000465
4 0.205469 0.205481
1 0.396641
2 0.672001 0.000551
2 0.699495 0.000616
1 0.728694
3 0.684205 1
1 0.805671
1 0.845472
1 0.244779
2 0.361671 2.5e-05
1 0.448081
1 0.857185
3 0.637957 28
3 0.82631 29
0 0.38151 cvakg
2 0.478217 0.000921
0 0.840042 ocvxm
0 0.422187 csntm
3 0.874984 7
3 0.069005 29
2 0.44016 0.000969
3 0.09941 11
0 0.080684 dwaiz
2 0.590976 0.000323
4 0.710832 0.710887
4 0.671148 0.671239
2 0.854863 0.000509
2 0.564385 0.000273
3 0.853557 36
2 0.871696 0.000352
2 0.839029 0.000429
0 0.350454 rbmrg
1 0.517831
2 0.272486 0.000278
2 0.636219 0.000242
3 0.918489 1
1 0.959203
3 0.069399 29
3 0.055632 11
4 0.098487 0.098553
2 0.424327 0.000665
1 0.942158
4 0.541767 0.541855
3 0.181697 22
1 0.664751
4 0.352261 0.35227
0 0.311465 eqsme
2 0.081171 7e-06
4 0.571179 0.571205
2 0.357216 1.6e-05
3 0.002722 7
3 0.700772 29
4 0.423261 0.423311
0 0.019815 uumoj
1 0.361572
4 0.138056 0.138128
4 0.709235 0.709333
3 0.221093 42
3 0.67511 47
2 0.489001 0.000396
2 0.522947 0.000298
4 0.059114 0.059176
0 0.355686 fxxsk
0 0.558202 jnpow
1 0.42368
0 0.986646 olfui
3 0.072982 11
2 0.648449 0.000473
2 0.520487 0.000915
0 0.575861 ypuha
4 0.801842 0.80189
4 0.778891 0.778925
4 0.765537 0.765567
3 0.112088 13
3 0.244104 3
2 0.891064 0.000478
4 0.545332 0.545345
2 0.298419 0.000293
1 0.609708
3 0.975017 4
2 0.940063 0.000145
1 0.220319
4 0.162626 0.162713
3 0.999092 15
4 0.553 0.553089
1 0.398425
3 0.233403 40
2 0.048174 0.000384
1 0.657882
4 0.936659 0.936717
3 0.770098 4
2 0.145133 0.000581
1 0.148608
0 0.636108 klbho
4 0.860439 0.860458
4 0.435469 0.435524
2 0.093351 0.000119
0 0.490348 scmtf
1 0.191824
2 0.032744 1.9e-05
4 0.278881 0.278917
4 0.183184 0.183226
3 0.485913 23
3 0.619085 19
2 0.222863 0.000684
0 0.754651 fliqr
1 0.277718
1 0.988664
0 0.284332 pfuyc
2 0.19059 0.000363
4 0.209227 0.209283
2 0.991974 0.000468
3 0.781422 19
1 0.981976
3 0.473105 38
1 0.339956
3 0.83294 44
2 0.69256 0.000925
0 0.010174 loxbf
2 0.186599 0.000622
0 0.224335 acluy
3 0.344667 4
1 0.376923
0 0.349396 rpuup
0 0.721341 nzqpc
0 0.638324 mvrsx
3 0.816029 8
1 0.160696
2 0.579049 0.000971
4 0.552858 0.552914
1 0.382266
3 0.144262 35
4 0.819224 0.819296
1 0.529309
4 0.361727 0.361738
0 0.367977 mewko
4 0.757733 0.75783
2 0.090609 0.000594
3 0.169894 0
1 0.191573
2 0.406715 0.000121
4 0.452376 0.452457
0 0.136362 shfch
4 0.487541 0.487547
2 0.356975 0.000325
1 0.775308
4 0.040295 0.040306
2 0.108807 5.9e-05
3 0.266804 41
0 0.908243 rqdng
2 0.297847 0.000845
1 0.785388
3 0.565858 36
0 0.827924 znvku
3 0.553033 6
3 0.438655 33
3 0.869059 42
1 0.919472
1 0.819067
0 0.776671 paadl
4 0.755662 0.75572
4 0.973757 0.973763
1 0.300659
3 0.506004 15
4 0.33536 0.33543
0 0.736445 yqyxt
3 0.54203 3
0 0.198427 czjsd
4 0.965732 0.965814
1 0.922548
1 0.41736
4 0.791842 0.791849
4 0.074089 0.074149
3 0.525581 18
1 0.515595
4 0.147281 0.147325
2 0.696805 0.000203
0 0.736439 lzjtd
2 0.0315 0.000212
4 0.661244 0.661258
0 0.690471 evveu
4 0.9958 0.995831
3 0.659433 25
3 0.356239 30
0 0.463823 nphbv
1 0.242259
2 0.542988 0.00057
2 0.749483 0.000393
2 0.997912 0.000634
3 0.166914 24
4 0.52501 0.525054
0 0.971192 lpkqt
1 0.235888
0 0.519311 jwryi
2 0.166242 0.000187
0 0.283509 pycxi
1 0.833207
1 0.741151
3 0.318147 45
3 0.661174 12
3 0.708478 15
3 0.176637 28
4 0.835189 0.835198
3 0.997728 39
0 0.664997 jkqor
1 0.061436
3 0.707808 4
1 0.877909
1 0.73554
1 0.720666
1 0.555176
4 0.969925 0.969993
4 0.153141 0.153181
1 0.122572
3 0.683195 39
2 0.459239 0.000447
3 0.938186 7
1 0.673726
3 0.040408 46
2 0.298909 0.000651
3 0.879365 28
1 0.07103
2 0.707271 0.000898
4 0.620702 0.620778
0 0.098036 hnnsd
1 0.235467
0 0.098784 kocfn
3 0.900317 17
3 0.162598 48
0 0.185726 ipjzf
2 0.20949 0.000483
2 0.254879 0.000854
3 0.006698 6
4 0.876261 0.876287
3 0.951044 48
4 0.303046 0.303092
4 0.817122 0.817188
0 0.625447 zodkd
4 0.496632 0.496705
4 0.201273 0.201307
2 0.569467 0.000535
3 0.698445 8
4 0.863727 0.863736
2 0.039128 0.000607
4 0.455815 0.455863
1 0.181288
4 0.032582 0.032627
2 0.570103 0.000777
0 0.374108 gwxie
3 0.1658 13
3 0.711357 42
2 0.395498 0.000671
4 0.270206 0.270225
0 0.967846 nkfev
0 0.549484 xzkcm
4 0.658605 0.658661
4 0.804268 0.804364
4 0.505412 0.505456
4 0.031084 0.031157
0 0.807135 wjchz
3 0.666608 34
3 0.869458 14
0 0.567467 iyyhz
3 0.406907 32
2 0.305201 0.000755
1 0.745814
3 0.737336 23
4 0.778263 0.778338
4 0.256942 0.25699
4 0.94736 0.947452
4 0.460337 0.460363
3 0.776633 16
4 0.514226 0.514301
4 0.900825 0.900872
0 0.340029 hckbz
1 0.099145
3 0.894418 44
2 0.925546 0.000238
2 0.04039 0.000184
1 0.519222
3 0.34556 15
4 0.875359 0.875394
0 0.864914 fmpbb
0 0.047348 aoecq
4 0.661551 0.661609
0 0.568428 whvwj
4 0.60191 0.601994
1 0.902202
3 0.343363 37
1 0.948723
0 0.962144 ddjfa
0 0.413652 eyiqr
3 0.488314 27
4 0.667039 0.667132
1 0.473286
4 0.60648 0.606534
3 0.436274 25
3 0.398418 33
1 0.664759
1 0.575029
3 0.869633 11
2 0.359511 0.000139
4 0.793288 0.793358
0 0.558281 fifmp
4 0.190715 0.190739
3 0.164726 8
1 0.829486
1 0.006419
3 0.576007 4
3 0.35713 9
0 0.865509 yeckp
1 0.365596
0 0.622212 rgwbm
0 0.17572 dcumx
1 0.855636
2 0.984036 0.0006
1 0.228767
3 0.438865 11
0 0.011337 spjpd
3 0.315387 41
2 0.189364 0.000291
4 0.037647 0.037743
1 0.082289
3 0.835389 1
1 0.855513
4 0.653092 0.653183
0 0.664429 prxva
1 0.718128
4 0.448015 0.448048
0 0.423702 eyazi
4 0.665033 0.665122
0 0.343375 hvdie
3 0.97519 13
1 0.305873
3 0.682672 6
2 0.33132 0.000223
1 0.422969
2 0.961967 0.000266
1 0.791612
2 0.42354 0.00041
4 0.34861 0.348641
1 0.143019
1 0.303939
2 0.040662 0.000598
0 0.16653 vvenf
0 0.0003 jjpvb
1 0.502849
1 0.556417
0 0.154943 rfllc
0 0.166699 fmsyl
2 0.969921 0.000462
3 0.016506 12
1 0.541411
1 0.048973
2 0.17074 8.2e-05
2 0.30725 0.000525
3 0.388002 17
0 0.586963 wooco
1 0.981273
0 0.574937 borqs
0 0.468186 fhzdg
1 0.888457
0 0.424256 szmcv
0 0.655191 pcomh
1 0.729574
0 0.619577 nialf
1 0.170446
2 0.30093 0.000701
1 0.093742
0 0.871028 bsttb
3 0.70581 32
4 0.818111 0.818128
3 0.218532 41
0 0.975249 katpa
3 0.34002 44
4 0.794927 0.794976
2 0.628542 1.6e-05
3 0.153996 31
0 0.40743 cayiw
1 0.923346
4 0.070154 0.070195
0 0.146254 zpfid
4 0.083277 0.08333
0 0.908321 szufh
1 0.721524
1 0.642126
0 0.796829 pmaaj
1 0.815698
4 0.505005 0.505085
2 0.361046 0.000383
3 0.853042 31
1 0.451769
4 0.805302 0.805312
0 0.154018 hqmwo
1 0.668578
0 0.898888 mjmrv
1 0.886014
4 0.852509 0.852566
0 0.302435 zorby
2 0.243957 0.000673
1 0.55442
0 0.534553 ntyqj
1 0.805569
0 0.990637 kohph
4 0.724793 0.724875
2 0.234386 0.000689
0 0.98592 wmpab
0 0.682492 kdowh
4 0.018714 0.018775
4 0.725385 0.725438
4 0.959112 0.959193
1 0.726694
0 0.545664 aleak
4 0.343539 0.343621
2 0.663394 0.000611
2 0.403392 0.000763
4 0.141405 0.141457
1 0.198908
0 0.367671 befph
0 0.806783 dizdj
3 0.956442 46
1 0.220405
4 0.373944 0.374012
3 0.515349 22
1 0.201944
4 0.774236 0.774254
1 0.748545
3 0.681918 19
1 0.119701
3 0.222956 12
2 0.522851 0.000116
0 0.58222 udghu
3 0.834723 42
3 0.445697 28
1 0.093014
4 0.352773 0.35287
2 0.708993 0.000492
2 0.420557 0.000982
4 0.102673 0.10275
4 0.360394 0.360493
2 0.127682 0.000922
2 0.54321 0.000619
2 0.325756 0.000838
3 0.077854 26
3 0.93646 13
0 0.442099 csckq
4 0.392219 0.392287
4 0.170215 0.170272
3 0.529348 40
2 0.352523 0.000334
4 0.602402 0.602472
3 0.128728 0
2 0.873596 0.000704
2 0.573494 0.000155
0 0.381959 wayvc
4 0.054654 0.054686
1 0.057756
4 0.276347 0.276362
3 0.337317 31
4 0.340191 0.340212
0 0.912016 ujvqp
1 0.267036
0 0.30897 euqpo
4 0.49056 0.490596
1 0.575017
4 0.025214 0.025218
2 0.039141 0.000728
2 0.626563 0.00056
0 0.399258 mqucu
4 0.340356 0.340438
0 0.746417 iheul
1 0.048155
2 0.627907 0.000911
4 0.667048 0.667088
4 0.430638 0.430642
2 0.901211 0.00061
3 0.273881 38
4 0.458107 0.458127
4 0.720876 0.720949
4 0.092905 0.092928
0 0.123432 wpmwg
3 0.629946 8
1 0.35552
2 0.968663 0.000484
1 0.974725
3 0.032921 34
2 0.753798 0.00051
4 0.15978 0.159835
4 0.652104 0.652111
1 0.644174
2 0.581627 0.00061
4 0.743888 0.743905
4 0.110905 0.110985
1 0.895486
0 0.846213 aukic
0 0.416801 ysrvh
3 0.795602 8
1 0.893581
4 0.204877 0.204898
3 0.29887 23
3 0.146866 43
2 0.166441 0.000597
3 0.423461 11
1 0.356614
4 0.644048 0.644143
2 0.917568 0.000804
3 0.327502 25
0 0.481323 zlgaf
3 0.833756 33
1 0.093129
3 0.850425 41
1 0.007593
0 0.540045 ioefn
0 0.354672 ujlay
2 0.092656 0.000128
4 0.996589 0.996604
0 0.782434 nrkgm
2 0.283143 0.000465
3 0.806422 27
2 0.471246 0.000977
3 0.400433 28
1 0.371779
0 0.738187 vswmj
3 0.962296 25
4 0.456273 0.456274
3 0.23536 21
0 0.529931 hegft
1 0.342974
4 0.558667 0.558678
1 0.552131
4 0.211347 0.2114
3 0.375324 37
4 0.696106 0.696122
0 0.024271 tohux
0 0.846282 esqxg
2 0.089693 0.000176
0 0.935898 goucd
1 0.836677
2 0.632458 0.000817
3 0.720712 16
2 0.815329 0.000923
2 0.907698 0.000625
1 0.670604
3 0.40613 28
2 0.431061 0.000394
3 0.79425 45
0 0.630927 zcgaq
0 0.807746 phtfl
1 0.393476
3 0.455883 12
3 0.049599 21
3 0.997674 3
0 0.200352 xqihf
1 0.94688
3 0.223173 43
0 0.925201 dyrug
1 0.311551
0 0.498076 uobyx
3 0.322262 0
3 0.082867 33
0 0.480314 mhehj
1 0.759491
2 0.196321 0.000914
4 0.919082 0.919147
4 0.132303 0.132313
2 0.034307 0.000365
1 0.48781
3 0.491481 37
3 0.026471 22
1 0.340148
2 0.327221 0.000137
4 0.603064 0.603073
0 0.051978 xlcqe
0 0.020933 fcujf
2 0.33868 0.000204
0 0.41149 nyvun
2 0.855071 0.000225
1 0.954701
2 0.238902 0.00042
4 0.464628 0.464674
0 0.783597 nozpy
3 0.512806 1
0 0.924296 zodmo
1 0.194807
