0 0.761647 dszen
3 0.095745 36
2 0.160397 0.000168
1 0.755908
2 0.233878 0.000635
0 0.355143 gwvlc
4 0.15875 0.158757
4 0.625426 0.625507
1 0.903425
0 0.498717 vyacp
0 0.237516 tjzxc
2 0.230394 1.2e-05
0 0.383562 rfwcx
0 0.134639 uiyhq
2 0.149221 0.000855
4 0.561 0.561091
2 0.075667 0.000307
1 0.770502
4 0.367802 0.367823
1 0.114548
1 0.206567
0 0.816185 bedsn
1 0.90369
0 0.817128 okocf
4 0.264416 0.264419
4 0.340083 0.340146
2 0.626937 0.000492
4 0.325759 0.325827
2 0.434297 0.000935
4 0.250482 0.250526
1 0.210351
1 0.950842
4 0.203461 0.203515
2 0.757656 0.000311
0 0.461073 bezrh
0 0.907689 vtpky
2 0.826612 0.000622
4 0.879261 0.879318
4 0.205015 0.205023
0 0.155857 btsiu
0 0.511209 yhdui
3 0.995618 18
1 0.720833
1 0.008414
0 0.671353 wazhh
2 0.435655 0.000102
4 0.107865 0.107887
2 0.947881 0.000482
4 0.569856 0.569947
4 0.023558 0.023562
3 0.378434 13
1 0.673704
1 0.344176
1 0.645422
2 0.080509 0.000449
4 0.906404 0.906446
3 0.633133 49
2 0.560467 0.000666
0 0.924572 cdvfv
3 0.861313 29
1 0.7561
2 0.399147 0.000804
3 0.259676 10
0 0.924715 mermq
2 0.491712 0.000415
4 0.052179 0.052261
1 0.976751
4 0.744657 0.744712
0 0.02093 wsnos
3 0.364645 5
3 0.624321 17
0 0.549036 tslfn
4 0.924732 0.924763
4 0.976911 0.976976
2 0.470015 0.000894
0 0.92987 twggf
1 0.064832
1 0.900651
4 0.682099 0.682124
2 0.768024 0.000361
3 0.757474 39
3 0.877889 23
0 0.825072 finqr
4 0.537934 0.537987
2 0.829316 0.000313
1 0.897957
1 0.317786
0 0.884674 witcz
3 0.681181 4
2 0.675401 0.000396
2 0.594354 0.000468
4 0.00657 0.006628
1 0.888801
4 0.749535 0.749541
1 0.578851
1 0.354615
0 0.132942 rminn
3 0.474659 1
1 0.672192
3 0.093383 45
4 0.093807 0.093888
1 0.258934
4 0.870022 0.87005
1 0.603628
2 0.812624 0.000899
4 0.805784 0.805877
0 0.232501 hwyks
1 0.404811
1 0.268136
1 0.411237
0 0.681697 kcjmu
3 0.202898 15
2 0.015522 0.000716
1 0.337659
0 0.914996 ojlsk
2 0.545963 0.000717
4 0.814099 0.814114
3 0.701191 25
1 0.584059
2 0.902063 0.000214
1 0.672836
3 0.796975 18
4 0.698914 0.698991
1 0.61391
0 0.826415 yehbh
0 0.792304 bwflv
0 0.470445 qaukm
0 0.825992 fczlb
0 0.064372 djvca
1 0.140089
3 0.436401 9
4 0.278132 0.278174
2 0.748578 0.000792
3 0.97759 41
4 0.475 0.475085
0 0.285737 ejjaa
0 0.256471 kfrua
3 0.30502 1
0 0.329229 tjdrq
1 0.64383
4 0.156198 0.156292
1 0.102431
3 0.036543 22
4 0.791408 0.791435
0 0.469764 xnzad
3 0.173853 16
0 0.190071 ijyan
3 0.660224 35
4 0.476918 0.477
0 0.579349 jnvtr
0 0.770945 iyxcz
3 0.782506 43
4 0.802341 0.802342
2 0.153576 2.8e-05
0 0.330153 gpdyj
0 0.552474 dlxzz
4 0.04892 0.049008
3 0.269171 33
3 0.699079 31
1 0.151522
2 0.817227 0.000631
3 0.376554 36
1 0.577208
4 0.745368 0.745432
1 0.814195
4 0.351624 0.351654
2 0.639969 0.000434
2 0.207109 0.000149
0 0.084443 tnula
4 0.78642 0.786457
3 0.888886 41
3 0.413645 0
4 0.24211 0.242191
1 0.408976
2 0.587661 9.3e-05
1 0.324448
0 0.153835 ygilf
2 0.564319 0.000196
3 0.867091 33
1 0.552494
2 0.880002 0.000849
2 0.671377 0.000311
3 0.673208 37
0 0.777221 dwxhs
4 0.955905 0.955978
0 0.702588 kkces
2 0.951189 0.000534
1 0.027392
2 0.765387 0.000593
4 0.953116 0.95312
0 0.009271 mrvns
1 0.999538
3 0.887329 13
1 0.269812
0 0.143415 gnmys
1 0.476168
1 0.91427
1 0.502718
2 0.308018 0.000498
3 0.763561 7
1 0.207096
0 0.756428 khkgx
2 0.501943 0.000417
3 0.484691 4
4 0.985325 0.985362
2 0.503584 0.000159
0 0.006302 pwufe
4 0.646923 0.646957
2 0.598452 0.000309
0 0.065872 utnah
3 0.355884 5
4 0.522418 0.52246
3 0.026002 3
0 0.032304 rcacg
1 0.518937
2 0.6146 0.000742
3 0.93096 16
2 0.923783 7.3e-05
4 0.862879 0.86295
0 0.729484 fixpa
3 0.080538 43
1 0.816575
0 0.79852 abwku
4 0.387737 0.387767
0 0.801454 wtfzp
2 0.566181 0.000282
4 0.538555 0.538571
0 0.638973 mzkcn
4 0.113949 0.11395
2 0.585719 0.000363
1 0.115531
1 0.894489
0 0.179589 daszc
0 0.688836 stigv
0 0.161011 iujve
2 0.689179 0.000581
2 0.581426 0.00067
1 0.377761
3 0.867067 1
2 0.244203 0.000899
3 0.081293 43
0 0.642158 xqias
4 0.724621 0.72464
1 0.971131
3 0.280372 14
1 0.37815
4 0.090149 0.090161
4 0.957217 0.95728
2 0.20142 0.000362
0 0.09153 zeniu
3 0.951427 38
2 0.176206 0.000607
3 0.147337 22
3 0.983401 43
3 0.356487 43
0 0.472367 warog
1 0.769514
0 0.501978 dbzxs
3 0.234749 7
1 0.410955
1 0.436244
4 0.574398 0.574432
3 0.447238 29
3 0.435957 41
4 0.462938 0.462964
3 0.983201 40
3 0.001531 30
4 0.160086 0.160132
0 0.893725 digjt
4 0.456699 0.456701
4 0.675735 0.675823
3 0.079889 45
2 0.978829 0.000935
0 0.812219 bgokm
3 0.071106 9
3 0.964831 6
3 0.140839 10
2 0.706264 0.000612
4 0.081315 0.081377
0 0.031649 kziki
4 0.570794 0.570816
0 0.234662 ipsno
1 0.63948
2 0.895544 0.000672
3 0.181128 36
2 0.066015 0.000603
4 0.61999 0.619994
1 0.915836
4 0.940052 0.940146
1 0.723086
2 0.756973 0.000519
3 0.312168 21
2 0.214223 9.9e-05
4 0.645135 0.645231
1 0.98696
4 0.181944 0.182041
4 0.782547 0.782595
2 0.931151 0.000849
3 0.223998 1
3 0.123564 39
2 0.762427 0.000939
3 0.997949 13
2 0.728524 0.000464
1 0.373659
0 0.289948 ujuvu
2 0.410618 0.00091
0 0.814819 tsptv
4 0.287001 0.287079
4 0.489134 0.489203
4 0.003435 0.003469
1 0.093553
0 0.014859 iusyy
0 0.763506 mzypu
2 0.005878 0.00081
2 0.748643 0.000164
0 0.007059 xrdwa
4 0.485396 0.485438
4 0.623718 0.623771
4 0.639013 0.639063
2 0.227677 0.000127
0 0.149745 nhghq
4 0.893694 0.893751
1 0.417105
4 0.019124 0.01916
4 0.221267 0.221313
0 0.488809 qhxbl
0 0.396291 ielol
1 0.714736
1 0.38851
2 0.623735 0.000139
1 0.626365
4 0.118883 0.118958
3 0.340151 23
1 0.345312
1 0.661852
2 0.61133 7.6e-05
4 0.007621 0.00765
0 0.250282 cbsjf
3 0.765121 27
4 0.034954 0.035026
3 0.434409 21
1 0.513615
4 0.063869 0.063948
2 0.242073 0.000859
2 0.508501 0.000255
3 0.607182 46
1 0.797779
2 0.738151 0.000465
4 0.480482 0.48052
4 0.918951 0.919043
1 0.318405
4 0.916707 0.916754
1 0.650253
4 0.03589 0.035941
4 0.593101 0.593131
3 0.518357 31
0 0.347953 jrqmk
3 0.577847 15
2 0.013151 0.000309
0 0.986683 oyvef
0 0.436187 rhunh
1 0.287124
0 0.322296 hgowm
3 0.837903 30
1 0.367406
4 0.875411 0.8755
2 0.674388 0.000768
1 0.413564
3 0.066551 11
3 0.087014 2
2 0.889721 0.000436
2 0.897568 0.000127
3 0.682368 33
1 0.795363
3 0.346341 19
0 0.64653 jltiv
1 0.956837
0 0.029214 puliw
1 0.346294
4 0.299977 0.299985
2 0.159647 0.000639
2 0.749261 7.8e-05
0 0.226382 qjxvz
2 0.769616 0.000821
4 0.306082 0.30617
4 0.503842 0.503911
2 0.78618 0.000862
3 0.643789 41
2 0.915319 0.000296
3 0.385568 37
3 0.052702 16
0 0.421866 sgdyv
0 0.272157 dnhsk
3 0.669275 21
1 0.829416
0 0.67494 saabt
4 0.781485 0.781503
4 0.691753 0.691811
1 0.180937
0 0.47877 xiolz
0 0.682673 mawtu
3 0.688034 7
3 0.63827 11
3 0.132921 49
1 0.271096
2 0.378255 0.000489
1 0.377767
1 0.253358
0 0.199635 wwykf
2 0.464191 0.000666
2 0.681523 0.000319
0 0.55072 czyvw
2 0.240311 0.000614
4 0.5878 0.587808
3 0.446763 16
4 0.646399 0.64645
0 0.053701 mpquy
2 0.699132 0.00038
1 0.380803
1 0.275973
0 0.925693 jhwld
0 0.457021 zwewi
1 0.122184
3 0.580195 7
0 0.802042 awcvd
0 0.322758 usdhw
4 0.915105 0.915118
2 0.393782 0.00079
4 0.63618 0.63621
4 0.125455 0.125477
0 0.744965 tkowg
4 0.891482 0.891548
4 0.730592 0.730668
1 0.610239
0 0.500727 dskpz
0 0.857721 qwcob
0 0.12818 zsslv
2 0.203825 0.000646
1 0.355991
2 0.786058 0.000219
4 0.87816 0.878242
3 0.804363 25
4 0.259893 0.259941
1 0.452105
1 0.404371
2 0.681598 0.000551
0 0.604313 fumrq
4 0.120333 0.120395
1 0.422743
2 0.953182 4.1e-05
0 0.817492 pnbiu
3 0.093871 42
0 0.615163 lravc
4 0.519335 0.519411
0 0.022416 ledpt
4 0.020545 0.020582
2 0.651921 0.000653
2 0.729471 0.000818
3 0.62727 19
1 0.665964
4 0.234092 0.234123
4 0.927072 0.927157
2 0.5855 0.00041
0 0.364261 uvvuk
1 0.823408
4 0.238232 0.238245
3 0.967703 34
1 0.111326
3 0.290617 40
4 0.471388 0.471435
3 0.903757 7
0 0.244832 fmxjc
4 0.899241 0.899298
2 0.72265 0.000318
4 0.333415 0.333462
4 0.348999 0.349007
2 0.976102 0.000978
0 0.825796 lcjzo
4 0.373548 0.373591
2 0.210316 0.000966
2 0.399673 0.000327
1 0.040048
4 0.834189 0.834243
0 0.274836 vhpuc
2 0.653285 0.000347
0 0.737962 yoiku
0 0.11772 uulbo
1 0.777065
2 0.540666 0.000395
4 0.612821 0.612913
0 0.681705 jazxe
2 0.357244 0.000891
3 0.086996 37
4 0.396791 0.3968
1 0.192904
2 0.459459 0.000631
0 0.752876 ovjve
0 0.224047 rqxsj
3 0.52637 30
2 0.399966 0.000222
2 0.23082 0.000754
1 0.728147
1 0.79157
3 0.660994 37
4 0.283574 0.283592
3 0.811294 25
0 0.551693 laqrk
4 0.685082 0.685137
3 0.085049 27
0 0.088364 rqsab
1 0.756383
3 0.73129 0
3 0.564748 46
3 0.578673 39
4 0.589655 0.58966
4 0.91948 0.919577
4 0.253635 0.253695
0 0.199365 ljgrh
2 0.319177 0.000101
3 0.593632 26
1 0.682823
2 0.406674 0.000745
1 0.828415
4 0.090703 0.090776
0 0.526535 ckqpu
2 0.604863 0.000305
0 0.869895 dwidf
1 0.989954
3 0.623979 33
0 0.030001 anhat
4 0.646061 0.646131
0 0.961162 zovfu
2 0.777811 0.000716
4 0.483235 0.483329
2 0.782291 4.8e-05
2 0.40627 0.000333
2 0.952624 0.000293
4 2.5e-05 4.5e-05
2 0.13813 0.00052
3 0.319121 40
3 0.721034 35
0 0.679992 aqyvi
4 0.56749 0.56749
3 0.324295 22
1 0.189582
3 0.283181 4
4 0.708201 0.708244
1 0.155721
1 0.736979
3 0.944854 13
1 0.762263
2 0.529684 0.00049
3 0.755832 48
2 0.839675 0.00035
2 0.16397 0.000373
4 0.869904 0.869927
0 0.270058 bzisx
3 0.385585 29
0 0.9192 ljivt
1 0.770695
2 0.108257 0.000395
1 0.344914
0 0.536721 ymtsp
4 0.60336 0.603394
2 0.100227 0.000623
4 0.321206 0.321276
1 0.170443
2 0.509195 0.000649
1 0.261731
1 0.299561
1 0.645621
1 0.324867
4 0.957764 0.957857
1 0.994561
4 0.794867 0.794873
1 0.090653
0 0.501698 sutdo
0 0.136227 kkorr
0 0.921823 blksu
4 0.6839 0.683938
0 0.023902 txwod
1 0.245982
3 0.031977 24
0 0.168204 qxuen
0 0.492209 xyhvk
0 0.49146 evzqb
1 0.049385
2 0.811072 0.000308
1 0.057055
3 0.277298 31
4 0.474962 0.474985
0 0.312635 vylnc
4 0.304869 0.304914
1 0.826332
3 0.379353 45
1 0.522546
3 0.36418 20
3 0.609501 27
2 0.886799 0.000861
1 0.848654
3 0.25137 41
4 0.531332 0.531334
0 0.777655 jfmiw
4 0.95491 0.954954
2 0.477456 7.9e-05
4 0.843779 0.843802
1 0.267156
0 0.273017 ulnwr
2 0.917616 7e-06
2 0.9653 0.000809
2 0.538148 0.000807
4 0.313513 0.313566
4 0.143657 0.143694
3 0.225089 2
2 0.815412 0.00092
0 0.817819 srfhb
0 0.561413 fcfwm
0 0.222467 oyhtl
3 0.183887 3
1 0.194747
2 0.318242 0.00074
4 0.635627 0.635704
1 0.344658
0 0.780295 jxecz
3 0.969423 38
3 0.59047 19
0 0.79001 bvpjb
2 0.901565 0.000833
3 0.719374 23
4 0.355001 0.355004
0 0.750151 djarj
4 0.841348 0.841359
2 0.431818 0.000883
2 0.221828 0.0008
3 0.712077 21
1 0.913426
4 0.788842 0.788904
3 0.184415 31
4 0.32037 0.320422
1 0.192964
0 0.053023 olkqx
3 0.729387 37
2 0.951215 0.000337
2 0.179644 1.1e-05
1 0.609423
0 0.621918 pwvvv
1 0.649472
3 0.352372 42
2 0.781389 0.000388
1 0.561428
4 0.825126 0.825151
4 0.824478 0.82457
3 0.463898 38
1 0.296974
1 0.345273
4 0.491148 0.491236
4 0.883517 0.883587
2 0.532989 0.000478
1 0.858182
0 0.567451 dxznm
3 0.149505 38
3 0.204944 36
1 0.429968
0 0.458058 rkiqt
0 0.537752 zgqlz
2 0.873839 0.000521
3 0.035422 25
4 0.221087 0.221121
3 0.129723 22
1 0.85102
3 0.681901 32
1 0.734076
1 0.789663
4 0.923566 0.923633
1 0.321983
4 0.647429 0.647511
1 0.037621
1 0.756176
3 0.561981 30
3 0.959267 0
1 0.682325
0 0.489753 lihta
0 0.467163 aildv
2 0.015088 0.000365
1 0.569061
1 0.849322
4 0.581154 0.581209
4 0.056773 0.05683
1 0.513215
1 0.216724
3 0.006663 28
4 0.675644 0.675655
4 0.702262 0.70232
2 0.06992 0.000592
0 0.60136 oudgp
3 0.001636 47
2 0.05841 0.000355
0 0.087977 lirmv
3 0.637214 22
0 0.362225 nelhe
3 0.758411 4
1 0.377068
1 0.202231
1 0.044544
4 0.469818 0.469869
1 0.557796
4 0.679756 0.679799
3 0.941439 34
2 0.685913 0.000469
0 0.380342 hnuba
1 0.817928
4 0.944843 0.944941
2 0.839899 0.000994
1 0.309718
0 0.22927 rfeve
3 0.906745 14
3 0.533566 34
0 0.159334 dtwrj
4 0.01635 0.016383
0 0.961193 egopk
2 0.317814 6.7e-05
0 0.620342 qxljh
4 0.477987 0.478031
0 0.864428 ghhwd
0 0.309496 zxgig
4 0.943194 0.943199
0 0.17398 dczwe
0 0.942667 pjjbc
4 0.02811 0.028134
3 0.373817 37
0 0.829611 xyugz
3 0.934974 10
4 0.730212 0.730225
1 0.145792
4 0.474477 0.474536
4 0.468728 0.468813
2 0.520823 0.000851
2 0.948547 0.000879
0 0.675287 sfjti
2 0.870431 7.7e-05
0 0.674329 vvwzl
2 0.825626 0.000866
3 0.294354 3
0 0.331529 ngnjo
1 0.491246
2 0.183239 0.000705
0 0.174778 calvy
1 0.324591
2 0.403713 0.000741
4 0.51136 0.511379
3 0.626993 41
0 0.284963 mrhoe
0 0.619423 usbut
0 0.927919 dimzv
4 0.258719 0.25881
1 0.276439
1 0.965427
2 0.067205 0.000168
2 0.352168 0.000434
4 0.598917 0.599002
1 0.756505
1 0.893367
4 0.49156 0.491644
3 0.717243 14
1 0.300222
1 0.962497
3 0.805114 13
2 0.256911 0.00064
1 0.324116
3 0.270474 34
4 0.645553 0.645597
2 0.165091 0.000501
0 0.574811 nvxxc
4 0.729424 0.729487
0 0.691921 axele
2 0.963542 0.000174
2 0.750368 0.00081
2 0.791103 0.000363
3 0.513848 32
2 0.111701 1.7e-05
3 0.260239 15
3 0.702573 41
1 0.674605
2 0.890075 0.000752
3 0.880668 10
0 0.84421 halbs
4 0.769861 0.769923
4 0.273393 0.273412
1 0.798762
4 0.93107 0.931095
3 0.435125 28
2 0.939785 0.000442
4 0.391538 0.391628
2 0.877348 0.000418
4 0.237685 0.237718
0 0.665183 mevmu
2 0.496016 0.000592
0 0.099355 ktokc
0 0.887181 qltsh
1 0.088825
4 0.825923 0.82594
4 0.555035 0.555086
1 0.506432
0 0.115748 rhozk
4 0.648561 0.648642
2 0.551172 0.000972
4 0.295581 0.295629
4 0.771865 0.771879
0 0.377042 ccary
4 0.063419 0.06351
0 0.884859 llysb
4 0.802522 0.802525
1 0.353694
0 0.452647 jxxly
4 0.314535 0.314556
1 0.786212
0 0.146016 lzywg
2 0.698829 0.000257
4 0.773059 0.773077
1 0.400348
0 0.096532 omnrb
0 0.829821 psgzg
0 0.213119 cxfox
1 0.92139
1 0.188475
1 0.066031
3 0.127501 23
4 0.882402 0.882412
2 0.606303 0.000677
2 0.252273 0.000289
0 0.676326 ubvwu
1 0.0757
2 0.801005 0.000826
4 0.241818 0.24182
0 0.307849 dvntk
0 0.252554 wcerj
4 0.877754 0.877797
4 0.559257 0.559301
1 0.97023
2 0.388798 0.000931
1 0.499679
4 0.124411 0.124495
0 0.713764 mwzot
2 0.895365 1e-06
1 0.15872
2 0.747006 0.000826
3 0.272277 35
4 0.313274 0.31334
1 0.218424
4 0.879302 0.879381
3 0.355965 48
1 0.264586
0 0.767581 rgrhb
0 0.734338 ftcyb
3 0.095943 30
4 0.210961 0.211054
3 0.37191 47
0 0.79832 zlqkt
0 0.656018 ayftf
1 0.353215
1 0.750359
3 0.131326 47
1 0.557658
4 0.379907 0.379958
4 0.268169 0.268219
1 0.582841
1 0.452644
1 0.703524
2 0.578416 0.000894
4 0.861528 0.861583
4 0.903966 0.904008
4 0.358421 0.358487
2 0.489747 0.000715
0 0.563757 ohids
0 0.553372 dsozu
1 0.253844
3 0.703822 22
3 0.716531 40
2 0.115159 0.000432
2 0.47358 0.00035
1 0.368289
1 0.057586
1 0.059596
4 0.756115 0.756121
2 0.983207 0.000929
0 0.658635 hrrqk
4 0.041022 0.041106
4 0.846344 0.846388
4 0.856836 0.85686
1 0.661853
4 0.889641 0.889679
3 0.839437 19
3 0.657995 21
2 0.193925 0.000194
2 0.183453 0.000824
4 0.018827 0.018852
0 0.059849 cgndm
2 0.018482 0.000264
2 0.271238 0.000767
4 0.051079 0.051136
2 0.326322 0.000863
0 0.173497 dyraw
1 0.010125
3 0.075721 24
2 0.668924 0.000871
0 0.082807 lshtn
0 0.182823 rezkg
3 0.079008 27
0 0.3705 slgsi
1 0.510097
1 0.756408
4 0.18318 0.183195
4 0.435435 0.435473
4 0.475281 0.475361
4 0.566205 0.566285
2 0.58035 0.000707
0 0.17571 fbant
4 0.134662 0.134678
2 0.644759 0.000399
2 0.626871 0.000707
3 0.470044 39
2 0.010948 0.000472
0 0.744043 nquzm
0 0.108442 clivi
0 0.768351 kaqac
1 0.237335
0 0.39909 lupwa
4 0.945071 0.945079
4 0.386697 0.386709
1 0.134734
2 0.925027 0.000314
2 0.456316 0.00068
0 0.276544 qcuaq
0 0.963649 oedso
0 0.110828 ptseq
0 0.363151 ivjkh
3 0.025979 36
0 0.302523 xqcgo
1 0.610981
0 0.287278 xpepb
1 0.768087
1 0.749759
1 0.181678
4 0.663527 0.663616
4 0.477635 0.477655
2 0.376945 0.000844
4 0.29092 0.291012
1 0.808597
3 0.377923 12
3 0.797422 2
4 0.365296 0.365367
1 0.282066
4 0.66526 0.665293
3 0.849162 10
2 0.946168 0.000148
0 0.06331 xzjjl
0 0.582314 gfhqh
1 0.106305
3 0.6021 8
0 0.517601 muefd
3 0.745553 22
2 0.590558 0.000818
3 0.28983 37
1 0.272395
4 0.475827 0.475862
3 0.096128 49
4 0.718785 0.718847
1 0.853094
4 0.29522 0.295241
1 0.994434
3 0.149978 4
0 0.64413 wlsys
4 0.050197 0.050294
3 0.042376 34
1 0.138504
3 0.28149 42
3 0.542757 36
4 0.354329 0.354338
2 0.348763 0.000794
3 0.440629 1
2 0.758437 0.000711
0 0.889374 iduxi
0 0.461948 plrlh
3 0.960946 37
0 0.315275 dcgdm
1 0.333845
0 0.680762 fcirp
3 0.587493 41
3 0.552812 44
3 0.173159 3
4 0.160519 0.160566
1 0.039859
4 0.319689 0.319716
2 0.846983 0.000464
3 0.69718 24
1 0.514411
2 0.848977 0.00068
2 0.019017 0.000173
0 0.21352 xmekt
3 0.445549 31
2 0.925531 0.000822
3 0.809426 41
1 0.516242
0 0.942129 umanl
2 0.958925 7.7e-05
3 0.551806 47
2 0.16668 0.000273
3 0.98941 36
4 0.030441 0.030467
2 0.592366 0.000125
1 0.756711
1 0.881145
0 0.661057 ofxuq
4 0.61813 0.618185
4 0.169936 0.16994
1 0.852969
3 0.511451 29
1 0.55234
2 0.527594 0.000129
3 0.566719 41
3 0.133388 20
1 0.835503
1 0.679801
2 0.757791 0.000679
1 0.375922
1 0.792002
0 0.557242 kfajs
4 0.80461 0.804645
3 0.944739 23
0 0.119832 zrknj
1 0.511721
2 0.322883 0.000543
0 0.698805 oyiun
4 0.854896 0.854909
2 0.900937 0.000623
2 0.958221 0.000363
0 0.098576 pyhyn
4 0.710987 0.710987
1 0.876852
4 0.525034 0.525129
1 0.250888
0 0.956753 rmplq
4 0.946139 0.946209
0 0.709854 zryqt
0 0.061314 dvwdg
2 0.402294 0.000969
4 0.142486 0.142584
2 0.676398 0.000703
0 0.919209 ynbby
3 0.937155 21
1 0.977768
3 0.349755 24
1 0.428124
2 0.329661 0.000698
0 0.248307 gvlkz
1 0.650024
0 0.502752 xuvwg
1 0.374583
1 0.136639
4 0.146351 0.146448
4 0.977488 0.97757
0 0.222238 vjhjk
0 0.566972 yzmdc
2 0.9512 0.000273
3 0.209855 16
3 0.857481 6
2 0.003832 0.000155
3 0.01629 28
1 0.456872
3 0.901611 7
1 0.756504
1 0.506833
3 0.260137 31
3 0.240475 10
0 0.384748 eopzt
3 0.516823 30
0 0.787267 rsqwc
3 0.708553 24
4 0.648414 0.648443
1 0.155247
4 0.757761 0.757841
1 0.703949
3 0.026506 14
0 0.19671 asycq
0 0.862766 aqpvy
1 0.48474
0 0.09843 urhnn
0 0.10999 pkozu
1 0.520346
2 0.097519 0.000618
0 0.115413 nxwxg
2 0.625411 0.000588
4 0.723842 0.723851
2 0.493871 0.000112
2 0.692033 0.000455
2 0.946586 0.000395
3 0.743998 1
4 0.254472 0.254544
2 0.994832 0.000838
3 0.268697 18
0 0.052616 ibvab
2 0.842565 0.000642
4 0.68002 0.680047
4 0.733892 0.733958
1 0.510615
4 0.848903 0.848939
3 0.390927 24
0 0.987765 mszjq
0 0.756262 bofrn
1 0.398124
1 0.671774
2 0.812036 0.000387
4 0.839004 0.839007
4 0.16304 0.163131
1 0.534116
3 0.783082 1
4 0.801617 0.801644
4 0.54267 0.542759
4 0.598947 0.598976
1 0.243346
0 0.51139 weyly
0 0.994088 holtd
4 0.710909 0.710948
0 0.008393 zltmz
3 0.820778 48
1 0.580476
1 0.823158
1 0.071139
1 0.020377
0 0.321291 mwttr
4 0.34469 0.344773
3 0.103814 28
2 0.735994 0.000937
3 0.881964 18
3 0.607714 26
2 0.97432 0.000585
3 0.04546 41
1 0.423165
4 0.029913 0.029936
3 0.732794 19
2 0.816781 4e-06
2 0.206763 0.000632
1 0.459109
2 0.973857 7.3e-05
2 0.59207 0.00014
3 0.823464 12
0 0.088723 nwzdo
1 0.120065
3 0.16977 34
1 0.066891
3 0.947906 47
1 0.770798
2 0.480505 0.000655
2 0.035599 7.8e-05
2 0.718768 0.000542
2 0.902225 0.000617
1 0.235826
3 0.003953 12
2 0.124018 0.000767
2 0.413205 0.000403
0 0.68145 wszfi
3 0.516596 29
3 0.886026 3
3 0.562568 40
0 0.360538 cdkgy
3 0.644076 13
3 0.057281 19
0 0.464046 ucctx
3 0.052743 6
1 0.919474
1 0.325953
3 0.796168 0
1 0.312272
4 0.644779 0.644808
0 0.819655 gakzz
0 0.030436 uiwyd
0 0.766667 uxrzv
0 0.951204 omwcd
3 0.216055 44
0 0.552062 skqlh
0 0.355437 uyrhd
0 0.405393 latnl
1 0.470154
4 0.660372 0.660391
4 0.39278 0.392793
4 0.461194 0.461258
2 0.819567 0.000154
4 0.882279 0.88236
1 0.232573
4 0.258286 0.258288
4 0.925321 0.925349
2 0.868323 0.000742
2 0.473771 0.000896
2 0.134144 0.000915
3 0.043276 30
0 0.50447 mljfp
3 0.900732 32
4 0.364068 0.364138
1 0.197264
2 0.238721 0.000854
0 0.250761 udrqa
3 0.997202 22
3 0.455012 45
0 0.776589 mrhys
1 0.559899
3 0.434524 47
2 0.173881 0.000168
3 0.101418 45
4 0.312697 0.312707
0 0.794224 idvrf
3 0.995833 8
2 0.881287 0.000127
4 0.644092 0.644121
0 0.287317 hqerj
2 0.269104 0.000499
1 0.098153
4 0.441251 0.441328
2 0.809925 0.000397
3 0.683023 42
2 0.565016 0.000907
1 0.948454
0 0.371639 efolu
4 0.238345 0.238349
1 0.023801
0 0.757343 wouei
1 0.642433
3 0.724246 27
1 0.289262
1 0.145284
1 0.043283
2 0.903754 0.000253
0 0.326723 rcdlo
2 0.648015 8e-06
4 0.545679 0.545734
0 0.923859 tzsgw
4 0.676687 0.67675
3 0.778595 47
2 0.029083 0.000121
1 0.356689
4 0.563077 0.563122
1 0.355209
4 0.27732 0.277395
3 0.339351 30
0 0.26321 xbaec
4 0.664025 0.664088
4 0.44262 0.44263
2 0.988056 0.000283
0 0.861097 aqicn
4 0.387807 0.387846
4 0.186234 0.186278
2 0.561384 0.000176
2 0.438553 0.000514
0 0.159869 gjggh
3 0.804919 43
3 0.666016 33
3 0.01351 25
4 0.990309 0.990343
3 0.76078 18
0 0.870602 evdbi
2 0.171079 0.000239
1 0.675428
1 0.141701
0 0.650753 huvtz
2 0.033555 0.000225
3 0.01139 31
4 0.69181 0.691891
1 0.462495
3 0.261015 10
4 0.975907 0.975946
4 0.367021 0.36703
0 0.72087 rtava
1 0.478798
1 0.411473
3 0.202094 13
1 0.316168
1 0.397639
0 0.609873 wktib
2 0.713538 0.000141
3 0.058225 41
0 0.544614 usidz
1 0.995958
3 0.589587 5
4 0.905756 0.905837
4 0.722953 0.723007
3 0.801165 37
2 0.855285 0.000811
2 0.792778 0.000696
0 0.65432 atlrq
4 0.999387 0.999393
3 0.38688 48
1 0.080972
3 0.037187 37
3 0.936642 2
4 0.918381 0.918443
1 0.593193
1 0.603462
1 0.693186
2 0.590413 2.6e-05
1 0.56746
3 0.383017 47
1 0.768599
2 0.446547 0.000181
2 0.845122 0.000368
1 0.966651
0 0.024499 xyfid
4 0.30349 0.30352
1 0.077624
4 0.356339 0.356387
1 0.177857
0 0.936956 mmfbt
2 0.538639 0.000562
0 0.181708 iepdw
0 0.562957 gfyye
4 0.61942 0.61942
0 0.313629 snnmk
0 0.423277 rrdpq
0 0.509583 cussn
1 0.363033
0 0.524402 qhqot
4 0.533198 0.533224
2 0.995996 0.000282
1 0.252008
3 0.212785 21
3 0.317268 16
2 0.067676 0.000844
2 0.867752 0.000366
3 0.230785 8
2 0.852659 0.000732
4 0.503316 0.503345
0 0.552866 bcrld
4 0.052531 0.052585
3 0.425681 24
4 0.536945 0.536995
0 0.745197 pmecw
0 0.724099 hklxr
4 0.329597 0.329677
1 0.170497
3 0.33415 14
3 0.674503 20
2 0.616536 9.4e-05
3 0.435754 30
4 0.232667 0.232725
4 0.141892 0.141963
0 0.113554 yusak
2 0.251156 0.000843
1 0.149394
0 0.933857 aarqa
4 0.956492 0.956509
1 0.439591
3 0.35982 9
1 0.756485
2 0.444057 0.000852
2 0.564854 0.000428
4 0.498896 0.498932
4 0.636139 0.63617
0 0.569997 uxkrv
0 0.901717 mhrfl
2 0.154506 0.000556
2 0.228435 1e-05
2 0.667639 0.000423
1 0.768663
1 0.035331
3 0.435039 28
0 0.775372 ydzsh
1 0.600507
1 0.512679
1 0.92362
3 0.239664 28
1 0.984452
0 0.821968 pbtzf
0 0.434425 dosum
3 0.317931 39
4 0.972949 0.972997
0 0.001981 idagw
2 0.718975 3.3e-05
2 0.887418 0.000698
3 0.923281 45
3 0.2775 25
2 0.58311 0.000331
3 0.664092 15
3 0.081466 25
2 0.6176 0.000306
3 0.604862 40
1 0.712357
0 0.406206 qshbo
1 0.422288
4 0.010759 0.010774
3 0.593869 49
1 0.774314
4 0.482701 0.48279
3 0.149293 11
2 0.079132 0.000825
0 0.766364 gsefc
4 0.321365 0.321383
3 0.260005 15
2 0.43362 0.000688
3 0.167919 45
2 0.206583 0.000448
4 0.842453 0.842512
3 0.968877 20
3 0.13309 26
3 0.140773 48
0 0.099795 fwgee
1 0.509975
4 0.327521 0.327534
4 0.379268 0.379286
4 0.913717 0.913729
3 0.001176 22
2 0.775599 0.000805
2 0.325495 0.000953
3 0.627909 30
4 0.729872 0.729924
0 0.99693 ybpnj
3 0.2628 13
3 0.748056 32
0 0.075766 ajadc
1 0.469854
2 0.908627 0.000132
0 0.603599 evnus
3 0.07425 49
0 0.671733 lcdjr
4 0.694056 0.694107
4 0.06641 0.066421
3 0.299714 17
2 0.208341 4.9e-05
2 0.328292 0.000814
2 0.178115 0.000283
3 0.54122 33
3 0.927582 17
4 0.683962 0.683962
3 0.59443 3
4 0.773427 0.773474
4 0.61249 0.612562
0 0.921408 cbfyb
3 0.105849 27
1 0.900477
2 0.037792 0.000407
4 0.870759 0.87084
4 0.090311 0.090325
2 0.411802 0.000742
0 0.625001 muisc
4 0.128158 0.128236
1 0.595519
3 0.557332 48
0 0.974161 flzqg
0 0.471023 xmrjc
3 0.694533 31
0 0.7856 sswgg
0 0.329344 krsrh
0 0.576182 jdzeq
2 0.862232 0.000922
0 0.70943 bvazz
3 0.888345 17
2 0.965199 0.000468
4 0.009888 0.009927
2 0.095557 0.000309
4 0.671739 0.671816
0 0.928843 vwdir
1 0.98237
2 0.436398 0.000579
0 0.23476 opero
2 0.083614 0.000188
3 0.753781 47
0 0.03961 jkjsn
3 0.872729 27
0 0.599697 prjox
3 0.156035 39
0 0.473137 dvnxx
3 0.332529 22
0 0.327404 wjcka
0 0.250501 chvqt
2 0.059856 0.000184
4 0.122347 0.122361
3 0.490341 40
3 0.104656 29
1 0.953537
2 0.693421 0.000293
1 0.770038
4 0.466528 0.466566
4 0.487254 0.487322
0 0.579437 amcgo
2 0.055704 0.000471
0 0.062397 uehcb
3 0.901546 48
3 0.057385 38
2 0.040265 0.000576
1 0.527519
4 0.554054 0.554127
1 0.72564
0 0.945311 mvqgv
1 0.884726
4 0.777192 0.777288
0 0.930487 qgwyf
3 0.696697 45
2 0.740568 0.000441
1 0.360341
2 0.704703 0.000967
1 0.362336
1 0.266616
1 0.860691
2 0.210462 0.000183
2 0.515907 0.000665
2 0.114954 0.000944
3 0.771386 12
3 0.984435 9
2 0.725004 0.000651
0 0.085345 ipmuh
2 0.745947 0.000276
0 0.218654 lidct
0 0.653903 qjpfl
4 0.356016 0.356111
4 0.313876 0.313903
2 0.476212 0.000263
3 0.471895 36
1 0.217843
4 0.348253 0.348302
4 0.513444 0.513511
2 0.443009 0.000344
2 0.583788 2.7e-05
4 0.300505 0.300602
0 0.756661 fdayh
1 0.83422
0 0.544441 noayu
1 0.523291
0 0.286805 wjxgy
3 0.582229 41
1 0.825109
4 0.745581 0.745595
1 0.909693
1 0.064308
2 0.251094 0.000536
2 0.7584 0.000172
0 0.593441 aftbs
2 0.078316 0.000419
4 0.445845 0.445845
0 0.757823 rlkzp
4 0.272224 0.272317
1 0.532318
2 0.639778 0.000854
2 0.398178 2.7e-05
2 0.879588 0.000251
3 0.277381 28
1 0.3308
2 0.409366 0.000152
0 0.683541 avrjj
0 0.333161 msrfo
4 0.882794 0.882816
3 0.465768 44
0 0.784096 fazfh
0 0.766422 gdyuv
4 0.898927 0.899004
1 0.946178
1 0.692677
1 0.309035
3 0.857207 9
1 0.322976
1 0.456179
2 0.505953 0.000134
1 0.816831
1 0.109883
4 0.367978 0.36807
1 0.487732
1 0.428451
3 0.167304 49
3 0.835647 26
4 0.661034 0.661076
4 0.041643 0.041713
0 0.001799 twrmp
1 0.615747
3 0.940542 4
1 0.672719
3 0.747325 30
3 0.430981 29
2 0.266628 0.000657
3 0.444014 49
2 0.002009 0.00017
4 0.003809 0.00388
3 0.544266 5
1 0.385202
3 0.188279 45
4 0.076375 0.076446
1 0.122033
1 0.49783
4 0.84958 0.849654
4 0.264589 0.264601
3 0.039289 5
4 0.272811 0.272842
3 0.904982 10
1 0.18329
3 0.747999 45
4 0.080532 0.080596
2 0.322294 0.000235
0 0.254247 xtfrp
3 0.872704 15
2 0.580661 0.000785
0 0.184392 teqvh
4 0.663463 0.663553
3 0.253559 44
3 0.346823 9
2 0.60841 0.000206
1 0.02116
4 0.888675 0.888726
0 0.808091 nvkms
3 0.083184 39
0 0.401029 pvvcc
0 0.778988 pfomq
4 0.250443 0.250444
1 0.397314
1 0.842777
2 0.097819 0.000538
0 0.549551 kgdzh
4 0.353717 0.353776
3 0.764746 24
3 0.038951 1
1 0.921566
1 0.121557
4 0.043787 0.04387
3 0.333515 13
0 0.431335 xsmal
0 0.874281 lhdac
3 0.007424 20
2 0.746507 0.000581
3 0.905593 38
2 0.465732 0.000474
3 0.799248 37
0 0.746935 wytwg
2 0.240097 0.000894
3 0.207166 16
1 0.095946
3 0.751707 0
3 0.904197 10
3 0.250262 30
1 0.265736
3 0.768586 25
0 0.031873 ajsej
1 0.566178
1 0.749216
1 0.843984
2 0.385642 0.000954
2 0.204443 0.000145
4 0.771206 0.771262
1 0.126736
2 0.866268 6.1e-05
0 0.675943 cndjj
2 0.619215 0.000641
3 0.579233 8
4 0.93957 0.93966
4 0.722524 0.722558
4 0.185021 0.185049
4 0.018938 0.019023
0 0.81635 qzjhg
1 0.346946
2 0.288999 0.000941
4 0.27164 0.271654
2 0.003498 0.000335
2 0.082541 0.000551
4 0.260475 0.260485
0 0.514404 uldcc
4 0.663664 0.663714
4 0.983461 0.983496
3 0.825632 13
0 0.431654 ymwdy
1 0.025795
0 0.797005 tfloj
4 0.31812 0.318186
2 0.899934 8.2e-05
2 0.036884 0.000543
4 0.941917 0.941925
1 0.55883
1 0.362593
1 0.461243
4 0.197811 0.197813
4 0.806491 0.80655
2 0.944733 0.000912
1 0.888652
3 0.856351 20
2 0.756286 0.000152
4 0.309522 0.30957
4 0.767791 0.767799
2 0.326621 0.000131
3 0.861995 28
0 0.264845 hgqyw
2 0.665406 0.00041
1 0.068262
2 0.641497 0.000264
0 0.341001 hmncy
4 0.947254 0.947341
1 0.852902
2 0.950552 0.000585
2 0.757297 0.00043
0 0.114902 hjezo
4 0.705975 0.705995
4 0.303375 0.303397
0 0.726649 trwzb
1 0.836626
1 0.81925
3 0.158753 28
2 0.343535 0.00094
0 0.116006 eottk
3 0.940485 45
3 0.925049 33
1 0.179593
0 0.540235 fmlva
4 0.136134 0.13621
2 0.713313 0.000964
2 0.756763 0.00097
3 0.229368 24
4 0.083186 0.083283
1 0.159331
2 0.535977 0.000203
2 0.065739 0.00045
2 0.686885 0.000605
3 0.035841 29
2 0.688327 5e-06
2 0.40164 0.000321
1 0.674755
4 0.187377 0.187453
3 0.685041 14
2 0.155894 0.000698
1 0.691871
3 0.951172 30
3 0.711994 17
0 0.454647 pdvpi
0 0.047329 maxdu
3 0.860012 47
2 0.767431 0.000591
2 0.767143 0.000814
1 0.761816
2 0.135913 0.000749
2 0.847907 0.000566
2 0.901495 0.000149
1 0.207673
0 0.986596 uehgd
3 0.354334 35
2 0.121766 0.000828
0 0.888909 drjws
3 0.199773 10
2 0.039145 0.000216
1 0.771341
0 0.765292 oqmgm
0 0.721108 pkbxc
0 0.900225 ranoj
0 0.417817 ittop
3 0.513896 3
0 0.055219 ztvdz
3 0.107798 31
4 0.146003 0.146003
4 0.187115 0.187192
4 0.389365 0.389397
4 0.405018 0.405088
3 0.234123 10
0 0.294254 vivwb
0 0.731701 cjlzq
4 0.84424 0.844306
0 0.031356 dopui
2 0.950998 0.000236
3 0.211403 31
4 0.577468 0.577503
3 0.330838 16
1 0.256105
1 0.671702
4 0.544781 0.544849
0 0.389021 dsthi
3 0.620059 49
0 0.571057 gmgkf
2 0.211654 0.000549
2 0.05837 0.000172
3 0.269337 45
2 0.177038 0.000639
0 0.970806 sbbws
3 0.231276 43
3 0.241292 28
3 0.056456 47
0 0.449089 djdqp
1 0.87851
4 0.043663 0.043664
0 0.447268 yolxn
2 0.993228 0.000646
3 0.14711 42
3 0.904754 22
1 0.114891
2 0.151622 0.00023
0 0.760796 yrydn
2 0.811392 0.000743
4 0.341045 0.341135
1 0.268099
4 0.722899 0.722996
4 0.386362 0.386451
2 0.807468 0.000912
0 0.285031 dmxrr
4 0.925438 0.925446
4 0.569828 0.569896
1 0.926571
2 0.484306 0.000913
0 0.268757 yfacs
4 0.82948 0.829524
1 0.667586
1 0.766739
2 0.202159 0.000445
3 0.06211 47
0 0.904384 hcamp
0 0.840186 ddidz
4 0.662767 0.662804
1 0.368212
0 0.111604 wbpbk
1 0.655662
2 0.220203 0.00083
2 0.119514 0.000179
0 0.162086 gsmfc
2 0.95309 0.00091
1 0.25062
3 0.304241 34
2 0.695633 0.000121
1 0.289185
0 0.267652 prsdj
0 0.156913 vsthn
0 0.056461 imlpp
2 0.02788 0.000665
1 0.750316
4 0.781979 0.782016
0 0.749995 apsix
3 0.110362 19
4 0.803727 0.803741
1 0.906434
0 0.61957 uncud
2 0.63897 0.0006
4 0.815535 0.815567
3 0.60699 0
3 0.18245 18
3 0.762118 19
4 0.951805 0.951865
0 0.004577 xvesf
1 0.687675
4 0.641761 0.641781
4 0.066361 0.06639
1 0.305645
2 0.291577 0.000446
1 0.990379
1 0.286949
0 0.902335 liidt
3 0.771226 44
0 0.074851 eiqon
2 0.744927 0.000257
3 0.050573 36
2 0.699371 5.9e-05
4 0.256389 0.256449
1 0.158724
0 0.209144 sarmm
4 0.146346 0.146348
2 0.221197 0.000355
0 0.816838 ayqfk
3 0.225184 45
0 0.882063 yaqsu
0 0.799404 agopm
4 0.765008 0.765069
3 0.877364 36
3 0.668285 41
4 0.720486 0.720539
4 0.82326 0.823263
3 0.141757 15
3 0.826613 3
1 0.279641
2 0.669114 0.000252
3 0.325868 46
4 0.090876 0.090885
3 0.484592 47
3 0.66923 38
3 0.389716 43
4 0.729329 0.729428
4 0.871086 0.87115
4 0.344336 0.344371
3 0.327153 43
4 0.636405 0.636433
2 0.661102 0.000788
1 0.543763
3 0.633323 11
1 0.818905
1 0.766971
4 0.298045 0.29808
3 0.757096 41
4 0.762118 0.762183
0 0.983807 luqll
0 0.819222 beper
4 0.105799 0.105806
1 0.122401
3 0.17786 48
1 0.632163
4 0.912207 0.912212
1 0.328908
1 0.082171
0 0.560601 tglbl
3 0.22754 5
1 0.957386
1 0.839566
3 0.812372 17
1 0.506585
0 0.688989 rvzhc
2 0.548734 0.000789
2 0.952269 4.6e-05
3 0.659957 23
3 0.470113 17
1 0.154865
3 0.199269 31
3 0.527994 48
2 0.034579 0.000515
1 0.173327
4 0.48951 0.489595
1 0.935967
4 0.39758 0.397677
3 0.815978 12
0 0.878063 onkhk
4 0.776981 0.777008
3 0.304975 25
0 0.339554 muthe
3 0.40361 11
4 0.317542 0.317602
3 0.133521 23
0 0.789874 olcec
1 0.974282
0 0.915199 lvghx
0 0.948546 weojy
0 0.609702 nmfpv
2 0.640742 0.000985
1 0.170427
1 0.748174
1 0.510976
3 0.590723 22
4 0.432162 0.432197
1 0.556893
4 0.130349 0.13044
0 0.673932 rcrmk
4 0.501053 0.501088
1 0.23239
4 0.4773 0.477321
3 0.654714 49
4 0.761789 0.76186
0 0.193951 izgxl
3 0.025471 15
1 0.777699
4 0.281197 0.281291
1 0.977065
1 0.016046
4 0.90881 0.908908
2 0.988681 0.000764
2 0.731925 0.000553
0 0.907772 ddfbw
4 0.632693 0.632711
1 0.566584
2 0.136128 0.000782
3 0.602229 13
1 0.951076
0 0.770842 tjpww
0 0.037954 upbol
1 0.885156
0 0.759909 gvnkw
2 0.880658 6.1e-05
2 0.220494 0.000797
1 0.60908
0 0.608418 pfhuu
3 0.657072 8
2 0.365538 0.000803
2 0.714249 6.4e-05
3 0.451305 9
3 0.808137 39
1 0.28355
3 0.213302 48
4 0.338734 0.338764
4 0.862451 0.862461
2 0.481568 0.000759
2 0.654992 0.000919
0 0.996046 omtee
4 0.470708 0.470732
3 0.820949 31
4 0.630382 0.630417
2 0.793744 7e-05
4 0.565523 0.565544
4 0.737948 0.737989
0 0.802465 xfwcq
3 0.234748 8
2 0.078546 0.000382
4 0.159422 0.159477
4 0.051046 0.051136
0 0.40612 szcbk
0 0.163209 yvtvd
4 0.884159 0.884208
2 0.635259 0.000957
2 0.230157 0.000691
1 0.295764
0 0.899548 evfdp
2 0.591699 0.000309
4 0.768258 0.76828
4 0.636002 0.636051
4 0.657614 0.657643
0 0.112615 gsxqt
3 0.438048 28
3 0.853949 1
3 0.320896 15
4 0.710315 0.710331
1 0.552059
4 0.821765 0.821811
2 0.570109 0.000141
4 0.070534 0.07057
4 0.588328 0.588371
1 0.6675
2 0.811475 0.000901
2 0.048445 0.00085
3 0.541705 46
0 0.23323 xpysr
1 0.237471
2 0.268238 0.000471
3 0.898254 17
1 0.663977
2 0.282525 0.000478
1 0.610352
4 0.621208 0.621305
1 0.157147
3 0.258679 4
3 0.282092 28
1 0.890269
2 0.699034 9.2e-05
1 0.925319
3 0.187 4
3 0.779019 31
0 0.061544 dckfl
3 0.435373 14
3 0.694052 21
3 0.976145 49
4 0.382766 0.382849
4 0.026859 0.026884
3 0.206422 31
4 0.908661 0.908703
4 0.272909 0.272947
0 0.454268 wtmvs
4 0.83318 0.833231
0 0.830813 ssmjs
4 0.523273 0.523308
4 0.729696 0.729713
3 0.639471 4
2 0.328265 0.000223
4 0.078603 0.078659
2 0.878694 0.00082
2 0.52606 0
3 0.646987 16
1 0.469762
1 0.714193
1 0.352287
1 0.703156
1 0.967162
0 0.735017 fkwah
3 0.046205 11
3 0.721413 19
2 0.899992 0.000271
2 0.54698 0.000437
1 0.016742
0 0.837324 egsel
0 0.427597 pblcf
0 0.750723 xtcwo
1 0.690116
2 0.089071 0.000739
1 0.636051
2 0.749967 0.00053
1 0.229327
3 0.275333 23
3 0.219282 38
0 0.282862 aeblf
4 0.672426 0.672491
4 0.861505 0.861538
3 0.950576 22
0 0.102979 yogvb
0 0.983713 vjcwt
1 0.74469
1 0.530318
1 0.604579
2 0.258444 0.000796
4 0.119949 0.12003
2 0.586877 0.000905
4 0.206208 0.206215
1 0.478333
0 0.054478 iblec
3 0.725694 26
0 0.2307 osppj
0 0.063664 gpcwv
3 0.204561 31
4 0.682894 0.68297
2 0.320365 0.000186
2 0.392306 3.6e-05
2 0.634352 0.000362
3 0.813013 23
1 0.038344
1 0.303409
4 0.108724 0.10882
0 0.964003 qhdbh
1 0.165557
3 0.36287 24
1 0.47099
2 0.912922 0.000107
4 0.591284 0.591304
4 0.716709 0.716753
0 0.32616 vxvub
4 0.378416 0.37847
0 0.052477 qrebl
2 0.846963 0.000658
0 0.759885 dibjt
1 0.082234
1 0.426743
4 0.085938 0.085967
0 0.951689 gcpnf
1 0.180701
2 0.579306 0.000557
4 0.232974 0.233065
3 0.15927 2
3 0.964042 42
1 0.064625
3 0.314957 18
2 0.917248 0.000249
4 0.868937 0.868953
3 0.166733 17
0 0.971594 kdixm
4 0.063068 0.063151
3 0.975227 6
0 0.672401 bnfbc
1 0.646905
0 0.363716 uoetv
1 0.686874
3 0.84735 26
2 0.664251 5.7e-05
3 0.301434 21
0 0.067842 qgoos
0 0.953539 obktf
4 0.109172 0.109189
0 0.672664 cwqom
0 0.35251 wdnai
1 0.670965
0 0.976673 zobej
1 0.394779
1 0.608225
1 0.940651
2 0.328403 4.9e-05
1 0.839729
4 0.472926 0.473008
0 0.671354 qoijp
4 0.289965 0.290039
0 0.924679 qujzh
3 0.143177 32
1 0.077104
2 0.283342 0.000856
2 0.788742 0.000134
1 0.706769
2 0.753545 0.000771
1 0.890424
0 0.264713 ddlws
3 0.133572 41
1 0.947863
3 0.460065 6
0 0.778302 thzzn
0 0.514362 jdljc
1 0.192578
3 0.921158 16
3 0.847107 34
0 0.347808 gtrde
4 0.948639 0.94872
0 0.02538 lwwhc
0 0.381222 tjxrp
3 0.77511 2
2 0.431744 0.000512
0 0.254654 zlmvd
0 0.564836 rcmpa
2 0.282996 0.000601
0 0.042518 fwywz
3 0.871203 41
0 0.87989 wgrki
1 0.246075
4 0.146425 0.146466
0 0.233543 nklal
3 0.629902 21
3 0.824386 29
4 0.945352 0.945437
3 0.199469 43
2 0.624099 0.000613
1 0.171298
3 0.461482 44
1 0.032302
4 0.649207 0.649297
1 0.846472
1 0.998707
2 0.58668 7.8e-05
0 0.411067 wqzvp
3 0.968741 49
4 0.657355 0.65744
2 0.164688 0.000248
4 0.888988 0.88904
4 0.685394 0.685488
2 0.531866 0.00022
1 0.41403
0 0.086466 cwmby
4 0.49563 0.495657
1 0.447281
1 0.479923
4 0.266956 0.266967
2 0.403832 0.000413
1 0.770527
4 0.898311 0.898366
2 0.658531 0.000391
3 0.521783 8
0 0.279751 ykvfe
3 0.23713 25
2 0.717053 0.000794
3 0.878017 11
2 0.47343 0.000773
1 0.568299
0 0.238373 aadjr
1 0.904897
4 0.161547 0.161556
1 0.092461
1 0.999689
2 0.655926 0.000828
2 0.555073 0.000923
4 0.857286 0.857336
4 0.164411 0.164508
3 0.432562 9
0 0.1593 onxes
3 0.448082 25
4 0.540544 0.540572
1 0.386488
1 0.693649
0 0.744079 adiiz
2 0.740924 0.000392
1 0.703786
4 0.972463 0.972507
0 0.141835 lnnpz
3 0.771499 34
0 0.803485 iqdja
0 0.53374 xslno
1 0.087454
0 0.019376 cenlf
4 0.905493 0.905574
3 0.371701 0
0 0.338285 ugvpw
1 0.393152
3 0.476341 46
1 0.770614
1 0.539723
2 0.874852 0.000874
4 0.552415 0.552503
0 0.174702 iwqrl
2 0.804471 0.000866
2 0.331051 0.000402
0 0.273652 sluvf
4 0.796072 0.796158
0 0.852148 cdkvd
3 0.92472 22
3 0.350983 46
3 0.671806 15
0 0.002857 iiind
3 0.548332 32
4 0.344404 0.344472
1 0.196552
3 0.935147 27
2 0.325503 0.00059
3 0.406914 38
1 0.977225
2 0.59388 0.000181
0 0.113089 ytxol
1 0.867959
1 0.13198
1 0.133919
3 0.925268 3
0 0.272195 xrbfj
3 0.261161 19
1 0.530475
2 0.560904 0.000975
3 0.182997 26
2 0.701665 0.000438
2 0.902416 0.00077
3 0.552688 9
3 0.569343 46
1 0.646742
2 0.518068 0.000885
2 0.047648 4.6e-05
2 0.98295 0.000874
4 0.538547 0.538557
3 0.53561 39
0 0.753627 ylslp
4 0.57931 0.579386
4 0.232657 0.232716
1 0.408544
4 0.489759 0.489846
3 0.266805 1
0 0.607031 gimht
2 0.843202 6.9e-05
3 0.570373 25
2 0.310462 0.000661
0 0.377438 xetnq
3 0.801425 2
1 0.584582
3 0.745038 14
0 0.046856 aeisa
0 0.814178 cbpbs
2 0.366697 0.000414
2 0.704489 0.000683
3 0.474736 32
4 0.853485 0.8535
0 0.114876 whodh
0 0.796851 iqrhy
2 0.128028 0.000184
1 0.494725
4 0.160886 0.160952
2 0.263234 7.4e-05
1 0.612311
1 0.631033
4 0.20504 0.205046
0 0.775109 cpbdc
1 0.147301
3 0.667236 28
3 0.174772 14
0 0.216723 apowo
1 0.267748
1 0.268874
4 0.6842 0.684264
4 0.843906 0.843948
3 0.49231 5
0 0.266899 zkvqu
3 0.161252 6
1 0.482146
4 0.132881 0.132895
1 0.916981
2 0.44348 0.000231
4 0.232497 0.232554
3 0.171839 43
4 0.55482 0.554877
2 0.435075 0.000354
1 0.168407
3 0.302217 1
0 0.343624 secov
1 0.846363
0 0.531179 uuerk
2 0.326397 0.000164
2 0.236754 4.3e-05
0 0.097082 ujpni
3 0.956582 30
4 0.861568 0.861581
1 0.253953
2 0.859988 0.000132
3 0.374268 10
4 0.200502 0.200581
1 0.405666
2 0.763083 6.2e-05
2 0.376517 0.000884
4 0.467486 0.467551
2 0.893377 4.8e-05
4 0.951735 0.951781
0 0.507947 fqhue
0 0.966097 gnqip
0 0.78284 eykak
1 0.51384
0 0.036573 qljik
3 0.579968 17
0 0.815042 bkeqy
1 0.451422
4 0.138078 0.138128
2 0.996177 0.000277
0 0.931045 vxnjd
1 0.475864
3 0.581181 27
1 0.91435
0 0.220586 spmpf
1 0.059241
4 0.618229 0.618272
1 0.539148
4 0.781165 0.78119
0 0.674463 otpev
4 0.288742 0.288835
0 0.203093 ffsro
1 0.844687
4 0.034664 0.034681
4 0.959107 0.959182
4 0.271892 0.271985
0 0.172744 jbbfd
4 0.275266 0.275281
3 0.564008 10
1 0.023847
0 0.216788 qjiwx
0 0.803553 nsiqs
0 0.064888 wublt
1 0.288348
3 0.764454 8
3 0.82778 12
4 0.297422 0.297441
3 0.502505 46
1 0.955884
0 0.594394 uigmu
2 0.409145 0.000137
1 0.422227
3 0.262674 25
3 0.54348 35
1 0.887613
2 0.899708 3.5e-05
2 0.408213 0.000892
0 0.494546 icora
1 0.46964
4 0.721692 0.721735
4 0.799027 0.799049
2 0.061701 0.000149
2 0.605181 0.000785
1 0.009146
4 0.814284 0.814365
1 0.222497
3 0.480668 43
2 0.519526 0.000519
2 0.736776 0.000897
3 0.133097 21
1 0.924335
3 0.402614 39
1 0.008115
2 0.913683 0.0009
3 0.922829 35
4 0.633363 0.633401
3 0.547788 9
3 0.62199 37
2 0.680815 0.000813
1 0.930462
0 0.383797 eonyk
4 0.484417 0.484503
4 0.69367 0.693756
0 0.351857 ltjco
1 0.177731
4 0.388895 0.388925
1 0.816708
1 0.017904
1 0.409171
2 0.862127 0.000182
1 0.549028
1 0.95993
4 0.140767 0.140819
2 0.949083 0.000809
2 0.907113 0.000157
2 0.89658 1.5e-05
0 0.540742 bpkez
0 0.253407 pfajy
0 0.738164 qucia
4 0.230602 0.230657
4 0.470717 0.470802
2 0.216733 0.000945
4 0.867996 0.868084
4 0.335967 0.335976
1 0.105727
1 0.202215
4 0.445404 0.445453
1 0.69992
3 0.359407 16
3 0.052655 46
1 0.347184
0 0.192043 ygibz
4 0.533754 0.533754
4 0.420363 0.420459
3 0.603116 12
4 0.564872 0.564885
3 0.264792 26
0 0.179159 necth
2 0.81168 0.000103
1 0.538708
2 0.838661 0.000251
2 0.926913 4.7e-05
0 0.807362 semqe
4 0.077709 0.077728
0 0.598309 eeqyc
4 0.101909 0.101975
3 0.525907 17
1 0.875033
0 0.422329 wtllq
2 0.76263 0.000122
2 0.041722 0.000183
1 0.500789
0 0.305328 piijb
0 0.07448 iiuqe
2 0.079001 0.000472
1 0.944596
3 0.443342 3
0 0.712043 xskbi
0 0.755751 ybzqq
0 0.210676 mehcw
4 0.637814 0.637859
2 0.098762 5e-06
2 0.716316 0.00047
2 0.929556 0.000762
4 0.184519 0.184556
4 0.94027 0.940275
4 0.646601 0.646619
1 0.701446
3 0.842808 24
1 0.646126
3 0.75917 18
3 0.958382 30
0 0.633641 orfey
4 0.802376 0.802413
0 0.258998 guqhu
3 0.846915 46
4 0.007159 0.007198
3 0.209863 3
0 0.566733 gxvkx
1 0.816708
2 0.362941 0.000899
4 0.407308 0.407405
3 0.27372 49
0 0.801258 veiqy
1 0.543154
0 0.254201 wbubq
3 0.234167 16
0 0.743688 zwnlf
0 0.713438 qipyf
4 0.064898 0.064957
4 0.99122 0.991281
0 0.914577 zomis
2 0.004615 0.000498
0 0.197256 zjnjj
2 0.509294 6.3e-05
1 0.713538
3 0.285466 10
1 0.733532
4 0.369136 0.36914
0 0.758134 wbrxz
2 0.272391 0.000666
3 0.67117 27
2 0.443933 0.000778
4 0.953228 0.953269
1 0.666766
4 0.705627 0.705704
2 0.955511 0.000598
0 0.196615 efbdf
2 0.586486 0.000289
3 0.203972 29
3 0.293588 26
1 0.939366
1 0.533716
2 0.027774 0.000483
3 0.733401 12
2 0.205264 0.00061
3 0.401879 41
2 0.78688 0.000803
3 0.020433 39
0 0.624478 xxgdh
1 0.816095
0 0.350917 bliqg
2 0.690011 0.000483
0 0.516909 zjyir
2 0.766028 0.000111
2 0.828306 0.000533
1 0.895095
4 0.871179 0.871203
3 0.68838 19
1 0.977083
0 0.193662 pjksi
0 0.31659 qxmiy
4 0.417492 0.417517
1 0.352377
1 0.067968
1 0.21607
0 0.596677 qqpqa
0 0.56715 poidc
1 0.169966
0 0.379385 lmyax
4 0.078317 0.078403
2 0.335981 0.000809
2 0.932658 0.000611
4 0.942393 0.942404
1 0.917948
3 0.943915 48
0 0.713298 ywkyd
1 0.440492
1 0.050584
3 0.325808 11
0 0.009408 yknum
2 0.082247 0.000949
0 0.516547 sdvgf
0 0.993433 byzxe
0 0.038376 zuzkd
1 0.724422
1 0.864547
0 0.699247 kfwzl
3 0.261898 29
1 0.675512
3 0.048868 24
2 0.03666 0.000529
2 0.591389 0.000494
1 0.595196
0 0.786638 irnxd
3 0.08545 42
4 0.469185 0.469243
0 0.731083 qxmnl
1 0.934847
1 0.861995
3 0.079248 27
1 0.190797
4 0.106317 0.106383
2 0.452348 0.000283
0 0.013979 rhfxy
0 0.956707 zctgf
4 0.646165 0.646181
1 0.134024
3 0.174854 25
2 0.904407 0.00085
3 0.422741 0
4 0.524088 0.524117
0 0.138927 usbnb
4 0.349103 0.349133
2 0.171418 0.000426
2 0.798534 0.000747
3 0.063684 4
3 0.088012 37
0 0.773081 fbuzf
3 0.435845 6
0 0.877067 jtxvq
2 0.419993 0.000331
4 0.734879 0.734957
0 0.798564 fnyqu
1 0.43956
0 0.404535 yranw
1 0.980379
2 0.92576 0.000851
0 0.130044 fupgb
3 0.904308 18
1 0.341206
1 0.83643
2 0.726209 0.000342
2 0.130744 0.000494
2 0.771543 0.000415
4 0.820236 0.820282
2 0.745996 0.00035
4 0.392392 0.392469
0 0.765254 itcoj
4 0.11506 0.115077
4 0.62343 0.623456
1 0.411869
3 0.444686 14
1 0.616453
0 0.171054 kaiho
3 0.510079 21
4 0.251628 0.251687
0 0.309182 frvls
1 0.66204
3 0.538789 22
1 0.701469
0 0.663075 rxtin
1 0.873895
0 0.80776 wjgbc
4 0.644747 0.644812
3 0.70829 16
4 0.886682 0.886684
0 0.972266 lujjl
4 0.752407 0.752467
3 0.560841 23
2 0.284486 0.000739
3 0.376579 17
4 0.777853 0.777919
4 0.660431 0.660488
0 0.230282 kjzzt
0 0.735645 rqlvg
0 0.73017 wdsfg
2 0.199883 0.000797
4 0.077647 0.077649
1 0.318414
4 0.46842 0.468439
3 0.888005 27
2 0.662915 0.000874
1 0.826343
0 0.544758 uzros
4 0.020672 0.020764
1 0.220556
1 0.594421
0 0.168995 myfcs
4 0.908248 0.908268
2 0.942827 0.000794
4 0.76917 0.76925
4 0.319 0.319074
0 0.306379 leamm
0 0.693633 fwfdc
4 0.87051 0.870523
3 0.151553 49
3 0.977474 16
0 0.11662 ldupu
2 0.499692 0.000231
3 0.080968 4
3 0.290953 0
0 0.669934 zapge
2 0.287855 6e-06
2 0.781681 0.000425
4 0.898302 0.898327
1 0.401254
2 0.086211 8.1e-05
2 0.88152 5.7e-05
3 0.900935 8
0 0.360434 uyodq
1 0.079304
3 0.534031 12
3 0.315713 37
2 0.214015 0.000865
4 0.131621 0.13166
2 0.298703 0.000288
4 0.477112 0.47718
2 0.736489 5.2e-05
2 0.205462 0.000436
2 0.782894 0.000454
3 0.37855 40
2 0.710564 0.000223
2 0.695004 0.00096
4 0.031869 0.0319
0 0.81526 yvdot
4 0.139406 0.139439
2 0.859055 0.000505
0 0.931855 nkhbv
1 0.675616
1 0.549826
1 0.709121
0 0.079792 eajqf
4 0.39979 0.399823
3 0.055548 16
2 0.914604 0.000271
0 0.846459 mfaxt
3 0.423251 42
0 0.857412 qnhky
0 0.094144 hqlpj
1 0.582703
1 0.137407
4 0.967136 0.967154
1 0.457723
3 0.845204 28
3 0.268455 20
1 0.642219
0 0.425878 apgvd
4 0.502908 0.502964
4 0.511867 0.51193
3 0.141537 22
0 0.625025 gvtzl
4 0.406065 0.40609
4 0.260241 0.260286
1 0.202471
0 0.183635 objjr
2 0.359353 1.7e-05
0 0.118363 nxors
3 0.728248 19
4 0.675409 0.675445
1 0.569107
4 0.512211 0.512259
2 0.910713 0.000135
0 0.561011 wuztx
1 0.430314
2 0.737571 0.00055
4 0.451578 0.451585
2 0.696178 0.000678
3 0.532797 19
1 0.318106
0 0.192749 minux
4 0.155883 0.155926
3 0.93491 22
1 0.365224
4 0.202904 0.20293
0 0.170834 umyvu
2 0.732236 0.00035
3 0.896422 22
3 0.089171 43
1 0.344227
2 0.074387 0.000195
2 0.009297 0.000567
4 0.890874 0.890957
0 0.954352 cqyet
3 0.336167 6
1 0.157869
4 0.944413 0.944456
3 0.549936 39
1 0.258923
1 0.908019
0 0.449943 ccopo
1 0.547206
4 0.358913 0.35901
0 0.882558 qlqdu
1 0.764256
1 0.751541
2 0.51735 0.000642
2 0.619293 0.000499
3 0.795624 49
3 0.625303 10
1 0.639615
3 0.731626 29
0 0.697906 gppvz
0 0.239026 vjvku
2 0.91878 0.000984
1 0.673335
0 0.476613 knjwr
2 0.454783 0.000799
3 0.453312 14
1 0.461174
1 0.408094
3 0.325933 15
1 0.832852
3 0.286857 14
3 0.316194 28
1 0.141154
3 0.738829 23
3 0.553997 3
2 0.525132 0.000652
0 0.365323 xfnjl
4 0.758386 0.75845
1 0.591239
4 0.188333 0.188338
0 0.504527 ceqvr
4 0.065259 0.065338
2 0.234051 6.3e-05
2 0.195334 0.000507
1 0.647012
1 0.310139
4 0.511662 0.511708
0 0.548281 ufxpl
4 0.195732 0.195739
0 0.153063 avivw
3 0.469485 21
4 0.068992 0.068999
2 0.046751 0.000798
3 0.940611 38
3 0.109209 43
0 0.385399 ktywx
3 0.024299 49
3 0.359063 20
4 0.327789 0.327844
0 0.491848 qnkgy
2 0.136562 0.000861
1 0.762123
1 0.542573
2 0.506201 0.000547
3 0.789105 15
2 0.798916 0.000364
0 0.906708 xrpnh
0 0.401347 oweuf
2 0.303223 0.00038
0 0.515731 cofcz
0 0.941516 lceib
2 0.103074 0.000462
2 0.890519 0.000609
4 0.686164 0.68622
3 0.817434 4
2 0.233897 0.000818
2 0.159714 0.000231
1 0.918249
3 0.697394 39
1 0.272924
2 0.886184 0.000342
2 0.049171 0.000416
1 0.193008
2 0.579596 0.000864
1 0.092552
3 0.929886 9
0 0.901349 dfwdy
3 0.385079 48
2 0.57803 0.000222
1 0.464214
1 0.035723
3 0.538332 9
3 0.480971 5
3 0.109774 10
1 0.03966
4 0.367588 0.367635
3 0.756282 2
0 0.641085 lzrwj
0 0.02972 hpptp
0 0.359772 qvhiu
0 0.260963 lojwl
3 0.870326 43
0 0.511411 cizph
2 0.459951 0.000573
4 0.041746 0.041845
4 0.643603 0.643674
3 0.237827 40
0 0.306626 vuzig
4 0.259406 0.259459
0 0.287169 kkaic
2 0.465347 0.000875
3 0.507094 24
4 0.667049 0.667146
2 0.995815 7e-06
0 0.734658 xwuyl
4 0.381157 0.381187
2 0.340684 7.6e-05
4 0.999918 0.999991
3 0.275635 20
3 0.66633 16
0 0.253504 cvhac
4 0.595493 0.595574
0 0.890439 kdtml
2 0.546403 0.000181
1 0.733832
2 0.264769 0.000305
0 0.901086 kgsgi
4 0.157981 0.158028
3 0.280218 41
4 0.166278 0.16631
1 0.652604
3 0.942887 10
2 0.005642 0.000193
3 0.739474 15
4 0.149779 0.149811
2 0.734609 0.00042
3 0.234234 17
3 0.563689 16
1 0.843907
2 0.434183 0.000186
0 0.959281 jtoqe
2 0.041996 3.8e-05
2 0.025864 0.000609
3 0.903496 37
2 0.118268 0.000702
2 0.202973 5.8e-05
1 0.570124
0 0.953007 drxqr
1 0.832111
4 0.875139 0.875238
1 0.917135
4 0.61186 0.611959
3 0.441629 48
0 0.522358 cphaw
1 0.466802
3 0.412316 27
1 0.884723
0 0.414328 sihxl
2 0.329012 0.000417
3 0.788363 15
4 0.667563 0.667614
2 0.665032 0.000441
2 0.381825 0.000189
4 0.848627 0.848665
0 0.527506 mpbyk
3 0.216385 11
2 0.156184 0.000625
1 0.6068
1 0.018723
1 0.445904
1 0.07477
1 0.790267
3 0.009114 7
2 0.857741 0.000847
4 0.9016 0.901693
1 0.754245
0 0.549161 urhlm
4 0.443965 0.444029
0 0.462688 wxtia
4 0.819221 0.819233
3 0.812955 6
0 0.038659 sdyzc
4 0.796874 0.796927
2 0.072512 0.000192
4 0.940124 0.940133
4 0.447241 0.447255
0 0.065019 bxddm
0 0.327632 nlenh
3 0.666659 23
3 0.979885 26
2 0.052397 0.000321
2 0.508874 0.00023
3 0.956115 46
0 0.490078 sujmr
2 0.663143 0.000273
2 0.565441 0.00068
3 0.930491 7
3 0.304841 45
2 0.894019 0.000794
0 0.281863 ajmqc
4 0.208566 0.208621
3 0.910453 7
4 0.127017 0.12702
2 0.671214 0.000296
0 0.130759 cuvjm
4 0.096649 0.096732
0 0.908497 fptfe
3 0.006869 3
1 0.917322
2 0.159226 0.00034
0 0.886975 kyrxo
1 0.018047
0 0.057319 wxuxn
4 0.583079 0.583149
1 0.664226
2 0.683153 0.000211
1 0.135353
4 0.082891 0.082897
4 0.969866 0.969878
3 0.980272 28
1 0.131135
2 0.297666 0.000454
1 0.024977
3 0.92927 33
4 0.512349 0.512403
0 0.692928 trjua
4 0.827307 0.82735
2 0.695562 5.6e-05
0 0.675834 awhqm
0 0.479115 cnlrh
3 0.997115 39
1 0.630643
4 0.881858 0.881872
1 0.524662
2 0.864252 0.00071
2 0.512277 0.000272
0 0.925362 ygshe
1 0.296648
4 0.642758 0.642815
3 0.596196 22
4 0.758915 0.75893
3 0.157125 31
2 0.198139 0.000385
1 0.964849
3 0.884213 21
3 0.041813 29
0 0.925108 txdcf
4 0.02047 0.020548
1 0.084342
2 0.606483 0.000209
3 0.27996 43
0 0.478099 axfuy
2 0.033654 0.000305
4 0.652636 0.652732
2 0.510525 0.000461
2 0.602786 0.000175
2 0.47492 0.000374
2 0.805555 0.000209
1 0.151565
4 0.439596 0.439603
3 0.697677 36
4 0.419842 0.41992
2 0.969848 0.000335
1 0.138837
3 0.95641 14
4 0.581739 0.581739
1 0.924641
3 0.808032 11
0 0.632593 dryqq
3 0.849992 49
2 0.269834 0.000227
1 0.756035
4 0.669994 0.670018
2 0.626405 0.000938
4 0.208144 0.208234
0 0.125218 jdbmd
4 0.977651 0.977692
4 0.991615 0.991639
1 0.171165
4 0.751007 0.751051
0 0.023394 foaet
3 0.15755 23
1 0.421868
2 0.906852 0.000606
0 0.232037 rakhy
3 0.640153 7
4 0.470878 0.470963
0 0.794741 morvm
0 0.407311 hyevw
4 0.382867 0.382868
1 0.912973
2 0.642068 0.000297
4 0.526778 0.526828
3 0.393412 28
2 0.103628 0.000813
2 0.898369 0.000245
4 0.570665 0.570737
4 0.498849 0.498884
1 0.63411
3 0.853535 27
1 0.822138
2 0.279638 0.000558
4 0.879774 0.87981
1 0.407119
1 0.195529
1 0.520729
4 0.378726 0.378773
2 0.27894 0.000156
4 0.115251 0.115256
1 0.748572
2 0.730086 0.000459
4 0.345182 0.345231
1 0.141173
3 0.009697 49
4 0.489098 0.489117
2 0.684627 0.000257
1 0.758132
1 0.58728
0 0.179258 gwrmm
1 0.740261
1 0.677892
3 0.055081 41
1 0.712606
1 0.553854
0 0.549898 wkfqw
2 0.777958 0.000219
0 0.344487 ordqy
4 0.195124 0.195124
1 0.389368
3 0.266019 11
1 0.978625
3 0.218172 32
1 0.777477
4 0.107356 0.107417
0 0.45093 wvbsl
1 0.851529
4 0.924779 0.924794
3 0.371447 1
1 0.975257
0 0.661329 voczo
0 0.635225 qxsik
2 0.250604 7.7e-05
4 0.724872 0.724945
3 0.016133 1
0 0.719181 pjaxy
1 0.997389
1 0.20561
0 0.943369 oxwwp
4 0.847611 0.847647
3 0.553689 40
3 0.366114 24
1 0.322467
1 0.981394
3 0.780285 25
2 0.002958 0.000261
1 0.370609
0 0.355428 xxvab
2 0.352912 0.000384
3 0.357768 25
0 0.087496 qbbqs
1 0.022795
3 0.435831 47
1 0.606444
1 0.646543
4 0.545972 0.545972
1 0.416625
3 0.205498 36
3 0.296219 24
3 0.222997 4
4 0.032241 0.032302
0 0.163952 dktkt
0 0.947455 imegn
0 0.555339 hobgm
4 0.071679 0.071694
3 0.346702 14
4 0.225573 0.225578
2 0.56127 0.000542
2 0.826677 0.000762
2 0.290485 0.000425
0 0.400835 shiey
3 0.56222 15
4 0.441979 0.442025
1 0.537664
4 0.011925 0.01198
4 0.817082 0.817142
0 0.786191 xtezl
2 0.149465 0.000713
2 0.511597 0.000351
1 0.681735
2 0.154993 2e-06
3 0.596972 49
4 0.650988 0.651086
1 0.973996
4 0.31172 0.311776
2 0.097911 0.000271
4 0.556312 0.556324
3 0.595241 11
4 0.537362 0.537372
0 0.613783 fifnf
1 0.392949
1 0.049442
4 0.244404 0.244494
3 0.072476 46
2 0.68674 0.000617
1 0.243052
2 0.085741 0.00012
2 0.878265 0.000343
3 0.267984 28
1 0.873093
2 0.130341 0.000851
1 0.52329
4 0.361855 0.361944
1 0.901645
4 0.272202 0.272245
2 0.958942 0.000312
3 0.718346 44
2 0.115336 0.0009
2 0.959131 0.000244
1 0.587961
0 0.886577 iacuf
4 0.659837 0.659894
0 0.077834 cufqn
4 0.096484 0.096555
4 0.144643 0.144681
3 0.121431 40
2 0.596914 0.000634
4 0.549099 0.549195
4 0.202491 0.202521
4 0.733592 0.733659
1 0.948068
1 0.1446
0 0.29533 fakka
4 0.068849 0.068932
4 0.19028 0.190354
1 0.787194
0 0.466247 riesc
3 0.906502 20
1 0.042518
4 0.012333 0.012401
4 0.323704 0.323746
4 0.24791 0.247998
0 0.833112 ltgxf
4 0.88341 0.883414
3 0.597294 17
1 0.465379
0 0.215984 iirms
4 0.633816 0.633873
4 0.601008 0.601028
2 0.55594 0.000732
0 0.477632 kzncq
1 0.01948
1 0.511908
4 0.738447 0.738528
3 0.242034 1
3 0.613354 42
4 0.997007 0.997055
3 0.948209 37
1 0.877268
4 0.660397 0.660449
2 0.420057 4.1e-05
0 0.579479 vdrpn
4 0.925976 0.925986
3 0.73348 15
4 0.278524 0.278524
2 0.038372 0.00072
4 0.501472 0.50152
1 0.021147
0 0.622921 brcwm
4 0.887629 0.887719
0 0.028242 jrwvt
0 0.197952 qgwor
3 0.761574 42
1 0.027584
0 0.62987 qsmnu
3 0.2264 47
4 0.521242 0.521336
1 0.021578
0 0.300373 bgzdq
4 0.306384 0.306432
3 0.221976 49
4 0.405588 0.405607
4 0.212122 0.212177
1 0.187322
0 0.601268 eugkt
0 0.137386 cmzxu
1 0.17318
4 0.076546 0.076556
4 0.47498 0.47501
2 0.200951 0.000141
1 0.817258
4 0.055628 0.055662
2 0.6557 0.000962
0 0.435918 rgusm
0 0.22219 zymut
1 0.845415
2 0.641882 0.000395
2 0.108208 2.1e-05
4 0.846353 0.846403
0 0.433982 deypc
4 0.403276 0.403314
0 0.930691 etpeg
2 0.067289 0.000933
1 0.709172
3 0.385213 39
1 0.277908
0 0.809631 qyzmx
1 0.827426
2 0.990212 0.000904
4 0.437256 0.43734
2 0.920633 0.000187
0 0.764172 phjpf
3 0.914944 48
2 0.572204 0.000981
2 0.967819 0.000954
0 0.241135 cbkjh
3 0.414303 26
4 0.924945 0.925024
4 0.005754 0.005762
0 0.873938 phkpp
2 0.012413 0.00021
0 0.496584 hkgyb
1 0.760445
4 0.965836 0.965836
1 0.254081
4 0.303701 0.303764
3 0.442022 17
3 0.625569 16
1 0.046352
0 0.775793 lgniq
1 0.325774
1 0.748993
2 0.632018 0.000903
4 0.323118 0.323159
2 0.367409 0.000694
2 0.830728 0.000717
4 0.427958 0.428009
2 0.210805 0.000665
3 0.655572 23
4 0.243627 0.243673
2 0.085753 0.000719
0 0.042728 mvllr
1 0.868968
1 0.331338
3 0.8318 14
2 0.931503 4.6e-05
1 0.314073
1 0.205467
0 0.394061 eehbx
0 0.34083 czuhm
2 0.44327 0.000246
0 0.29096 nmdvl
3 0.702467 22
2 0.493734 0.000812
4 0.456926 0.456951
2 0.147393 0.000784
0 0.956318 nvyro
3 0.15883 11
3 0.843041 8
4 0.188368 0.188434
0 0.653741 eizmr
4 0.115846 0.115859
1 0.779592
4 0.049833 0.049843
0 0.714251 zeece
2 0.688419 7.6e-05
1 0.047812
2 0.758277 0.000607
1 0.102989
3 0.311917 9
1 0.698266
0 0.265984 ryhlz
3 0.704949 38
3 0.565844 28
3 0.743996 47
1 0.949104
4 0.03598 0.036041
1 0.021443
0 0.017703 risau
3 0.435913 43
1 0.426612
2 0.661591 0.000561
2 0.657991 0.000757
1 0.633106
1 0.18672
3 0.42321 30
3 0.113172 21
4 0.827151 0.827247
3 0.151925 20
2 0.417419 0.000729
0 0.856612 uiqwe
4 0.952807 0.952822
0 0.585914 ayqcf
2 0.135456 0.000756
4 0.204548 0.20464
3 0.807696 13
1 0.175967
0 0.570618 cftsn
0 0.649634 mceei
4 0.338374 0.338412
1 0.315568
4 0.073207 0.073284
2 0.905552 0.000678
1 0.610915
4 0.605558 0.605655
1 0.729958
1 0.522462
0 0.549823 pqknm
4 0.113961 0.113964
2 0.463765 0.000671
1 0.053324
1 0.512
1 0.695879
1 0.086143
3 0.063501 42
1 0.309811
1 0.392098
4 0.155922 0.155936
0 0.333632 vgbuk
1 0.227372
1 0.153487
3 0.479513 38
0 0.438389 rexkl
2 0.75689 8.7e-05
3 0.148988 31
2 0.73818 0.000546
3 0.141395 30
2 0.009386 0.000577
4 0.487344 0.487409
1 0.121174
3 0.872587 6
0 0.492506 sczdk
1 0.547845
0 0.801992 oiaqm
2 0.396106 0.000574
3 0.795349 48
2 0.590408 0.000594
4 0.206965 0.20701
1 0.57477
2 0.610607 2.7e-05
0 0.181365 sfuel
0 0.059317 iklqu
2 0.181025 0.000623
0 0.772027 pbyvp
1 0.348935
0 0.594666 yqnpf
2 0.120772 0.000488
2 0.434559 0.000665
4 0.366793 0.366858
3 0.482251 42
1 0.396606
4 0.625472 0.625532
3 0.046513 33
1 0.395448
3 0.088083 39
4 0.111128 0.111171
0 0.743887 ehmgq
2 0.461608 0.000784
2 0.597786 0.000426
3 0.510745 48
2 0.657005 0.000616
1 0.993038
2 0.672631 0.000674
2 0.386471 0.00087
1 0.251566
1 0.979483
4 0.184603 0.184618
0 0.560569 dbutg
2 0.411426 0.000828
0 0.642096 ruxez
2 0.40125 0.00058
3 0.98212 28
2 0.123113 0.000364
1 0.307717
4 0.132022 0.132033
4 0.395124 0.395163
4 0.55201 0.552082
2 0.67465 0.000435
4 0.566131 0.566146
0 0.708707 sxryg
0 0.212441 aqfts
2 0.037438 0.000623
1 0.948914
3 0.943312 26
2 0.416429 0.000951
0 0.349375 hlvpw
1 0.381234
2 0.354857 0.000306
1 0.608572
1 0.514394
0 0.178814 pjzjb
4 0.090821 0.090843
2 0.50725 0.000625
2 0.372978 0.000363
2 0.804837 0.000616
3 0.461755 0
2 0.228631 0.000997
4 0.318307 0.31835
0 0.103862 oixdj
0 0.051103 bzhop
4 0.493825 0.493829
3 0.815014 21
2 0.27677 0.000223
1 0.505401
3 0.764306 43
4 0.354179 0.354217
1 0.974393
2 0.205412 0.00083
1 0.2665
0 0.236545 ebvgp
1 0.283382
4 0.234364 0.234395
1 0.16794
0 0.65199 jupex
1 0.173867
1 0.10187
3 0.441061 17
3 0.207097 38
2 0.690804 2.7e-05
3 0.712904 18
3 0.066371 33
1 0.212959
3 0.268806 49
3 0.686204 34
4 0.457782 0.457839
1 0.720105
2 0.067704 0.000166
0 0.498932 shyjj
3 0.905398 46
3 0.488121 29
4 0.70108 0.701084
1 0.56603
4 0.364347 0.364411
3 0.822129 22
4 0.058586 0.058587
3 0.219753 48
2 0.770814 0.000163
1 0.378619
1 0.867685
3 0.317037 3
1 0.815319
4 0.725136 0.725159
0 0.807518 vczuu
4 0.996268 0.996314
0 0.593463 ybkjt
4 0.41638 0.416456
4 0.855871 0.855932
2 0.076352 0.000579
1 0.367174
3 0.032338 42
3 0.112768 27
1 0.015328
3 0.662671 26
4 0.256135 0.256212
0 0.785953 nukyy
2 0.446745 0.000574
1 0.136005
1 0.898104
3 0.24744 35
0 0.930715 wmiko
0 0.32276 mnppn
3 0.160604 44
2 0.585817 0.000553
2 0.144391 0.000692
4 0.981282 0.981298
4 0.650781 0.650795
1 0.836267
1 0.977437
0 0.997159 pinyv
0 0.807566 abkrb
4 0.432469 0.432523
0 0.261513 ucrrv
3 0.379998 15
1 0.60875
0 0.012978 ekhrk
3 0.670921 32
1 0.639792
0 0.86174 xhlsk
2 0.20974 0.000774
4 0.089238 0.089307
2 0.805004 0.000121
4 0.687994 0.688045
1 0.084496
3 0.291165 16
3 0.478438 49
0 0.11823 noocm
2 0.815437 0.000792
3 0.829358 47
2 0.901712 0.000857
3 0.646833 16
3 0.921284 48
1 0.793102
3 0.738589 35
4 0.15409 0.154142
4 0.736967 0.73704
3 0.383623 38
1 0.715412
0 0.096159 lvcsf
2 0.676158 0.000374
2 0.113794 0.000974
3 0.906896 39
2 0.492034 0.000943
3 0.564286 30
2 0.852311 0.000158
2 0.122401 0.000109
4 0.388283 0.388363
0 0.376049 ivqva
0 0.203958 avuak
4 0.193207 0.193248
4 0.757493 0.757564
3 0.126157 30
0 0.248558 qowov
1 0.136066
0 0.704181 svuwl
0 0.54974 otftt
0 0.324008 kdcbf
2 0.599461 3.3e-05
3 0.930195 36
3 0.155743 3
0 0.779781 owymd
0 0.984107 zzmnj
2 0.574617 0.000391
4 0.979718 0.979783
1 0.579179
0 0.311582 qjnzt
3 0.365144 48
1 0.914724
1 0.149433
0 0.502821 erxes
1 0.469798
4 0.475496 0.475564
4 0.477524 0.477572
2 0.789106 0.000301
2 0.120366 0.000192
0 0.607369 psjsy
1 0.677774
1 0.243066
2 0.024052 0.000313
0 0.166776 uwqyl
3 0.75738 37
0 0.159033 oujni
3 0.867965 49
1 0.554092
0 0.668452 mzoxf
1 0.31058
3 0.811374 43
4 0.48635 0.486425
1 0.907185
1 0.20214
0 0.126079 kxbvl
2 0.029957 0.00085
2 0.214761 0.000986
1 0.096513
0 0.055079 myglq
3 0.555189 8
2 0.19404 0.000415
0 0.258146 wbrbo
0 0.470228 cxxmz
0 0.907898 tmhuf
0 0.958451 rykgs
0 0.13787 olvph
4 0.219585 0.219596
3 0.679799 18
1 0.387478
4 0.926123 0.926141
4 0.668365 0.668388
2 0.615503 0.000766
2 0.673094 1.7e-05
0 0.307049 zhfer
4 0.190833 0.190921
4 0.577996 0.578059
0 0.066466 vysew
0 0.109969 nsypk
0 0.61451 nouvr
4 0.166681 0.166727
3 0.210467 31
3 0.473839 29
3 0.436401 12
1 0.091998
1 0.297573
2 0.078327 0.000972
1 0.172387
0 0.775922 cbfof
3 0.321605 30
1 0.41812
2 0.914717 0.000275
3 0.942996 43
0 0.006982 pfdam
2 0.551319 0.000101
1 0.958564
3 0.92776 34
4 0.729341 0.729373
0 0.567298 rqqfe
0 0.744252 xzaip
1 0.340853
1 0.930863
3 0.931581 35
2 0.672923 5.7e-05
3 0.577067 1
4 0.021752 0.02179
4 0.106818 0.10688
2 0.526382 0.000303
2 0.786987 0.00064
2 0.305641 0.000424
1 0.37906
2 0.535907 0.000923
3 0.98384 11
0 0.499446 dtwoj
2 0.841123 0.000869
3 0.722085 38
0 0.505388 ubjcp
0 0.060943 wvvyi
3 0.007032 8
3 0.707442 39
4 0.859462 0.859501
4 0.192433 0.192477
0 0.273654 gyvjn
0 0.625681 yofbo
4 0.621821 0.621822
2 0.312379 0.000671
1 0.75437
1 0.947215
1 0.333507
3 0.645605 17
0 0.739772 shdgz
1 0.078418
4 0.302173 0.302265
4 0.761769 0.761769
1 0.651876
4 0.020352 0.020399
0 0.291074 qacnu
1 0.805545
1 0.717666
3 0.688333 13
4 0.285435 0.285516
4 0.882396 0.882402
3 0.540161 34
1 0.827211
1 0.229896
2 0.504059 0.000808
3 0.300479 34
4 0.430407 0.430419
3 0.235953 43
4 0.297663 0.297691
4 0.701475 0.701538
2 0.700056 1.1e-05
0 0.22453 cacys
0 0.825629 rspam
0 0.574312 aauya
2 0.706117 0.000143
1 0.922525
4 0.401481 0.401536
4 0.201245 0.201308
1 0.214098
1 0.822862
3 0.694082 47
0 0.365872 pgbkn
1 0.203966
3 0.846059 24
3 0.475313 49
0 0.876794 pucsf
2 0.196493 0.000119
0 0.406928 mvici
4 0.154216 0.15427
3 0.837727 11
0 0.042232 fdauf
2 0.20736 0.000174
4 0.368589 0.368672
0 0.088632 apayh
3 0.374255 47
2 0.528471 0.000603
0 0.88255 dpaii
2 0.270137 0.00077
4 0.993849 0.993945
1 0.286276
4 0.001853 0.001864
4 0.606837 0.606855
2 0.578926 0.000111
4 0.790124 0.790129
2 0.092079 0.000623
2 0.760094 0.000595
3 0.369905 36
0 0.156394 vlgvn
2 0.485268 0.000272
0 0.920594 kqpcs
4 0.421323 0.421372
3 0.41498 21
3 0.355414 49
3 0.333056 35
0 0.489451 aarem
1 0.147616
0 0.926806 eakmi
0 0.928433 yswbh
3 0.377833 29
2 0.974384 0.000484
4 0.140922 0.140961
2 0.835216 0.000548
4 0.065572 0.065604
3 0.219898 43
1 0.419411
4 0.447365 0.447436
2 0.547967 0.000833
2 0.547197 0.000967
3 0.92503 47
2 0.415767 0.000981
3 0.556689 23
0 0.391905 ulsav
2 0.560564 0.00032
3 0.183476 38
1 0.01464
0 0.677776 ibimz
3 0.218805 1
4 0.978029 0.978069
2 0.249026 0.000946
0 0.671493 xgtbg
0 0.14522 mpoyr
4 0.373814 0.373814
4 0.672162 0.672163
4 0.445614 0.445666
1 0.939995
0 0.048663 ntyhu
4 0.763918 0.763999
3 0.602779 3
0 0.312859 klrjo
4 0.010747 0.010819
0 0.237556 wmigt
3 0.535575 1
2 0.09406 0.000162
4 0.104808 0.104824
1 0.93402
3 0.553481 5
1 0.900437
4 0.48466 0.484669
2 0.238568 0.000335
4 0.43809 0.438155
2 0.09396 0.00014
0 0.938852 adzra
1 0.880062
4 0.710581 0.710602
4 0.264062 0.264139
0 0.680851 yisik
2 0.266886 0.000423
2 0.13137 0.000735
4 0.149708 0.149796
2 0.523735 0.000551
3 0.145913 44
0 0.759802 kdnec
2 0.021578 0.000317
1 0.319261
4 0.953013 0.953073
3 0.726788 25
0 0.594524 piowd
2 0.195197 0.000578
2 0.681104 0.000381
3 0.064781 16
4 0.070649 0.070663
3 0.139917 14
0 0.326415 lsaiw
2 0.580628 0.000294
2 0.498092 0.00079
1 0.41546
3 0.335201 24
4 0.099934 0.100016
2 0.335051 0.000463
1 0.337317
1 0.353496
1 0.607936
1 0.260227
1 0.388867
1 0.852128
2 0.958062 8.6e-05
2 0.610853 0.000709
2 0.975193 0.000262
1 0.020637
2 0.98181 0.000215
0 0.259273 gdrfr
3 0.357736 11
3 0.160466 32
2 0.184269 0.000345
0 0.684561 shrni
1 0.444732
1 0.042303
4 0.727893 0.727921
3 0.07081 45
2 0.717662 0.000551
0 0.921626 mlunb
3 0.478436 11
0 0.624659 ryovb
0 0.137385 swwex
1 0.873272
0 0.565312 pcusn
2 0.83051 0.000282
3 0.547522 2
2 0.465446 0.000424
0 0.500036 tgkwn
2 0.670131 0.000777
3 0.860021 7
4 0.094275 0.094364
1 0.770508
2 0.797877 0.000225
2 0.928511 0.000731
4 0.370265 0.37031
3 0.055689 45
4 0.892526 0.892605
0 0.358212 mdmog
2 0.692124 0.000692
1 0.382423
1 0.672262
3 0.326021 27
4 0.953104 0.953122
4 0.004549 0.004555
3 0.751046 32
1 0.482325
0 0.474874 uikff
2 0.498154 7.6e-05
1 0.39693
4 0.413403 0.413474
0 0.594535 cwexo
2 0.206819 0.000749
4 0.893301 0.893312
1 0.012926
0 0.352377 qszpy
4 0.48501 0.485055
1 0.645374
4 0.038567 0.038601
4 0.344257 0.344324
1 0.931777
0 0.009307 vxbmv
0 0.651271 ztnzc
3 0.910242 43
3 0.004387 39
4 0.511936 0.511992
3 0.778502 14
3 0.40931 43
3 0.914831 36
3 0.62717 30
2 0.265515 0.000434
0 0.626969 uenkw
4 0.640425 0.64048
3 0.673565 44
2 0.91159 0.000846
1 0.240035
2 0.662711 0.000834
3 0.459749 29
0 0.408279 ppdgy
2 0.848401 0.000773
1 0.502313
0 0.924904 ixlyf
0 0.918433 fkejq
3 0.408521 41
4 0.266625 0.266642
0 0.963994 yeasq
1 0.098193
4 0.17943 0.179486
0 0.619493 jzmxo
0 0.194117 gbbbu
2 0.011654 0.000209
3 0.673958 6
3 0.625002 16
0 0.972415 eiorq
1 0.131057
0 0.272202 irpma
1 0.210946
0 0.282325 gscgc
2 0.905095 0.000582
2 0.530097 0.000749
2 0.018865 0.000461
3 0.340485 38
2 0.246956 0.000406
3 0.454806 41
0 0.695799 hmqzh
3 0.857958 37
2 0.763053 0.000319
0 0.809503 fvasi
4 0.483163 0.483253
3 0.298501 24
2 0.989908 0.000459
0 0.929969 vvroj
0 0.347465 qvppi
4 0.43323 0.433286
2 0.748463 0.000621
3 0.231626 11
1 0.530128
3 0.0075 36
2 0.232152 0.000887
4 0.636251 0.636327
2 0.051179 0.000135
3 0.646225 14
4 0.180965 0.180999
0 0.130547 nqkib
2 0.160176 0.000823
2 0.328866 0.000676
0 0.482663 vwoms
0 0.752611 tjcma
2 0.015637 0.000786
3 0.493187 33
1 0.751831
1 0.898624
2 0.904802 0.000533
0 0.614659 yotaa
4 0.280989 0.281064
0 0.721007 kzmcu
2 0.03534 0.000627
2 0.800867 0.000459
3 0.454358 7
3 0.268025 31
2 0.92691 0.000431
1 0.383812
2 0.987224 2.6e-05
1 0.4393
1 0.818795
0 0.61241 rscvf
2 0.203595 0.000228
1 0.811943
1 0.984396
4 0.432963 0.43299
3 0.876225 11
2 0.930539 0.000483
1 0.565695
1 0.992451
4 0.678066 0.678129
1 0.148041
2 0.483971 0.000984
2 0.130448 0.000579
0 0.792385 onfle
0 0.574424 kevhu
2 0.593869 0.00065
4 0.64634 0.646346
4 0.039039 0.039138
1 0.52301
3 0.021043 11
4 0.918266 0.918362
4 0.980427 0.980456
4 0.475551 0.475592
0 0.846901 zvxdj
1 0.926917
0 0.242648 dkwhj
1 0.625815
4 0.37147 0.371474
0 0.333666 rnjsf
1 0.30731
2 0.960906 0.000225
1 0.856173
3 0.602935 41
3 0.845583 14
0 0.73579 whqkm
0 0.498488 wnvro
4 0.434912 0.434991
0 0.013754 odelh
2 0.523406 8e-06
1 0.29022
4 0.044193 0.044219
1 0.465789
2 0.75725 0.000126
1 0.599223
0 0.528313 mepai
0 0.495436 ukzqy
0 0.076613 gluvp
1 0.982023
1 0.715474
1 0.936979
2 0.854849 0.000699
0 0.662415 oohqa
4 0.052721 0.052799
2 0.439713 0.000227
2 0.238425 0.000343
1 0.948498
4 0.627728 0.627777
4 0.602617 0.602692
3 0.033009 26
0 0.508066 icput
1 0.559578
0 0.02256 uojwh
4 0.967772 0.967846
3 0.839519 0
4 0.726662 0.726663
3 0.329279 28
3 0.633806 8
1 0.295493
2 0.101917 0.000758
4 0.177847 0.17789
1 0.428814
4 0.04661 0.046621
2 0.217444 0.000835
3 0.050492 6
0 0.267818 brfvs
1 0.265639
2 0.681838 0.000275
3 0.456415 36
0 0.673511 pnzsf
4 0.235415 0.235437
4 0.802259 0.802288
0 0.070077 jjuhr
1 0.518184
2 0.139655 0.000234
3 0.124312 10
1 0.580728
1 0.007276
0 0.846248 ifbzj
3 0.484352 17
3 0.070782 16
4 0.198134 0.198195
4 0.164977 0.165075
3 0.304632 32
1 0.428945
4 0.433387 0.433412
3 0.236896 16
1 0.49199
4 0.923095 0.923166
4 0.318553 0.318629
3 0.124344 10
4 0.293468 0.293512
3 0.916359 22
1 0.440802
4 0.058265 0.058356
1 0.171112
3 0.887276 5
1 0.633888
3 0.283886 1
0 0.444258 vuynl
1 0.812459
3 0.332592 42
4 0.960266 0.960341
3 0.376221 41
4 0.253824 0.253829
0 0.141101 dojik
1 0.702854
1 0.492293
2 0.78515 0.000371
2 0.171398 0.000831
2 0.503991 0.000173
1 0.464257
4 0.303727 0.303757
2 0.946656 0.000655
4 0.257116 0.257172
1 0.988355
3 0.004831 0
1 0.475632
2 0.99713 0.000147
4 0.753854 0.753929
0 0.806685 lmkaf
1 0.362695
1 0.579805
1 0.328841
4 0.08282 0.082869
0 0.071175 ygnsi
4 0.875691 0.875729
2 0.579612 0.000613
4 0.026798 0.026891
2 0.13936 0.000961
3 0.135072 6
4 0.231229 0.231288
2 0.750834 0.000179
3 0.856301 6
2 0.9666 0.000286
3 0.300936 12
4 0.039126 0.039195
3 0.211049 22
0 0.048043 jwuxv
4 0.863365 0.863459
4 0.489147 0.489175
0 0.22823 qyqgg
3 0.093918 10
0 0.133044 tqotg
0 0.138595 mtyqz
3 0.130122 2
2 0.697846 1e-06
1 0.204319
0 0.292652 wazfm
2 0.982506 0.00031
4 0.598222 0.598246
3 0.533265 21
4 0.455977 0.456036
1 0.945113
2 0.475738 0.000967
0 0.689936 avcmd
2 0.083557 0.00099
3 0.344379 34
3 0.681513 38
2 0.433889 0.000648
2 0.841213 0.000859
4 0.207372 0.207448
0 0.036737 qbxng
2 0.775893 0.000433
2 0.58305 0.000342
2 0.995223 0.000879
4 0.898426 0.898439
4 0.756131 0.756164
4 0.124021 0.124119
3 0.844147 20
1 0.025739
4 0.364358 0.364457
3 0.052509 29
2 0.344754 0.000613
4 0.927804 0.927859
1 0.923028
1 0.395742
1 0.758106
0 0.933657 alorn
2 0.045255 0.000118
4 0.209815 0.209843
3 0.406575 39
4 0.701773 0.701816
2 0.640557 0.000247
0 0.007271 eazej
4 0.432236 0.432301
1 0.461923
3 0.904031 15
3 0.002076 34
0 0.348904 hcdyi
1 0.447016
0 0.713284 htbfm
2 0.055957 0.000176
0 0.653874 icocq
0 0.682485 bmqvm
1 0.359772
0 0.03563 fgtnv
2 0.82758 0.000995
2 0.414606 0.000869
1 0.164166
3 0.875418 37
4 0.074256 0.074327
1 0.152378
2 0.063362 0.000704
0 0.755697 zqrtv
3 0.726073 23
2 0.92276 0.000709
3 0.903964 27
0 0.462792 bebzc
0 0.336109 ejygr
3 0.243066 19
4 0.401752 0.401785
0 0.644178 wtaam
2 0.326689 0.000716
4 0.700312 0.700321
4 0.949353 0.949441
2 0.27265 0.000391
4 0.951047 0.951055
3 0.75543 27
2 0.949077 0.000931
0 0.079152 ftujr
2 0.560797 0.000352
3 0.999523 14
2 0.065602 1.7e-05
3 0.348522 19
4 0.483903 0.483999
2 0.535108 0.000105
0 0.829558 fjwnn
3 0.768694 24
4 0.957063 0.957084
2 0.666148 4.5e-05
1 0.358743
4 0.481521 0.481547
1 0.95754
2 0.717424 0.000589
4 0.768884 0.76893
1 0.575775
0 0.72173 wtesl
4 0.423831 0.423902
0 0.48067 dmchh
0 0.257288 gxyny
3 0.377751 24
4 0.953526 0.953582
3 0.285269 4
3 0.968483 26
0 0.904039 maswr
1 0.933065
0 0.462068 kljnk
3 0.061082 47
3 0.623439 26
4 0.101789 0.101836
0 0.192012 khlrm
1 0.958783
2 0.134867 0.000616
0 0.358168 xzfio
0 0.574478 uzggj
1 0.319507
2 0.756413 0.000788
0 0.821142 lwnyx
2 0.302312 6.3e-05
0 0.536625 qpocr
2 0.365938 0.000206
1 0.262871
2 0.417368 0.000378
0 0.81086 satgk
4 0.440837 0.440925
4 0.363533 0.363562
2 0.549652 0.000957
2 0.674373 0.000898
1 0.556663
4 0.250217 0.250252
4 0.183937 0.184002
1 0.51115
4 0.065456 0.065523
0 0.389708 jxkoj
3 0.365722 47
2 0.816542 7e-05
3 0.925464 20
4 0.610206 0.610244
1 0.284525
2 0.481083 0.000361
2 0.590837 0.000817
0 0.693868 ppusd
4 0.399151 0.399227
4 0.658726 0.658744
1 0.621916
1 0.486031
2 0.674467 0.000977
1 0.049229
2 0.807269 0.000312
0 0.803646 debya
4 0.085458 0.085492
1 0.263299
3 0.351397 38
1 0.625567
0 0.479432 ozavm
2 0.60004 0.000428
3 0.47558 9
0 0.507775 qmbvj
0 0.768041 vyhgb
0 0.589999 cckzh
3 0.014916 25
1 0.450344
4 0.29529 0.295383
2 0.841752 8.9e-05
2 0.768597 0.00038
4 0.769704 0.769794
1 0.470857
1 0.822706
4 0.328923 0.328981
3 0.632702 0
0 0.22445 jjqnv
2 0.517744 0.000381
4 0.359496 0.359518
3 0.128093 2
2 0.414149 0.000144
3 0.951894 18
2 0.900955 0.000745
2 0.278092 0.0008
4 0.390115 0.390117
1 0.033406
3 0.346748 43
0 0.380844 igyti
0 0.269798 lohjg
0 0.438531 ztbyk
4 0.025253 0.025323
1 0.216856
2 0.768337 0.000672
0 0.843005 pjwhr
4 0.015714 0.01574
1 0.13078
4 0.082967 0.083041
1 0.65742
1 0.739127
1 0.064178
1 0.932234
2 0.28473 0.00027
4 0.023887 0.023888
2 0.041334 0.000922
1 0.785477
1 0.241208
1 0.864056
1 0.687869
3 0.987647 38
2 0.393495 0.000609
0 0.648975 exjdt
1 0.523491
0 0.749629 cdvtl
1 0.720476
1 0.795812
4 0.871485 0.871519
4 0.375484 0.375506
2 0.76898 0.000183
4 0.417955 0.418025
0 0.562156 urzbx
1 0.540176
3 0.446564 13
4 0.09655 0.096626
4 0.63497 0.634982
1 0.635004
2 0.939321 0.000578
1 0.224653
2 0.296785 0.000608
2 0.623296 0.000116
4 0.779907 0.779914
4 0.345931 0.34599
2 0.552401 0.000823
0 0.817631 fckbu
3 0.549784 2
1 0.988363
3 0.067369 25
4 0.226329 0.226338
2 0.947445 0.000733
4 0.692352 0.692444
2 0.123963 0.000731
0 0.485787 bimgh
3 0.836443 45
3 0.825253 4
2 0.108661 0.000923
4 0.476575 0.476627
3 0.500489 49
4 0.30431 0.304363
3 0.970414 17
0 0.18892 jswag
0 0.792583 febfg
4 0.130754 0.130826
1 0.780677
1 0.818106
3 0.580385 33
4 0.5508 0.5508
4 0.256072 0.256128
2 0.10415 0.000526
4 0.374846 0.374855
4 0.466587 0.46666
4 0.478214 0.478231
3 0.365386 25
2 0.335932 0.000109
3 0.829422 14
4 0.351542 0.35157
1 0.086342
2 0.091793 0.000351
1 0.195944
2 0.927031 0.00079
2 0.070247 0.000729
0 0.761664 zxgjh
2 0.765965 0.000466
0 0.47493 xdajc
4 0.925153 0.925209
2 0.181734 0.000734
3 0.752524 23
0 0.822605 zcost
1 0.115471
3 0.050546 37
0 0.041829 hplkl
0 0.811804 ndwdb
4 0.226945 0.226977
0 0.630018 tzndh
0 0.995987 qenfv
1 0.218
2 0.442971 0.00095
3 0.419974 17
3 0.132185 27
4 0.359131 0.35914
4 0.505501 0.505565
2 0.655857 0.000958
1 0.281327
2 0.941838 0.000268
2 0.948758 0.000458
1 0.35635
3 0.049295 21
0 0.145429 adbxp
3 0.743316 16
2 0.248817 8.2e-05
0 0.421026 blltm
2 0.280907 7.4e-05
1 0.964784
2 0.437087 0.000486
2 0.903527 0.000164
2 0.52003 0.000673
0 0.253138 qdaqt
4 0.071137 0.071141
4 0.57764 0.577698
4 0.542333 0.542413
1 0.77476
1 0.085787
2 0.255041 0.000626
0 0.741424 npedu
3 0.23772 42
4 0.022031 0.022103
3 0.093169 27
0 0.187161 dfvnj
0 0.62352 iktpu
2 0.201584 0.000976
2 0.683178 0.000447
0 0.921412 sywax
4 0.561829 0.561876
3 0.200466 10
3 0.906966 33
0 0.637434 akisz
0 0.225788 fqoro
0 0.047585 ayndg
1 0.312129
3 0.019409 39
3 0.182257 45
0 0.42849 xranx
2 0.855122 0.000705
2 0.610498 0.000668
1 0.756977
2 0.368021 7e-06
2 0.186964 0.000136
0 0.206374 otznw
4 0.520634 0.520648
2 0.706356 0.000381
1 0.561478
1 0.721118
1 0.546106
4 0.268003 0.268035
3 0.499474 36
4 0.46156 0.461561
2 0.097042 0.000975
0 0.256848 buaiu
4 0.137858 0.137859
3 0.732384 31
1 0.969855
2 0.914883 0.000236
2 0.460567 0.000611
0 0.778776 rdhar
3 0.594944 21
0 0.254501 zwefs
1 0.196708
0 0.304382 zonzp
4 0.457287 0.45737
1 0.752415
2 0.787143 0.000761
3 0.861058 16
1 0.6243
3 0.30278 1
1 0.498929
3 0.50836 21
3 0.329094 8
0 0.797888 tvcky
0 0.49918 dyrjt
1 0.659252
2 0.71762 3.2e-05
0 0.934931 uhdpu
3 0.464064 22
0 0.756822 kakgq
2 0.475427 0.000778
3 0.100764 10
4 0.276369 0.276463
4 0.754753 0.754832
1 0.477332
4 0.287949 0.288024
2 0.927654 0.000891
1 0.412806
3 0.855211 46
0 0.152209 jkros
0 0.470815 vmrlq
2 0.328605 6.3e-05
4 0.715211 0.715275
4 0.692674 0.692745
0 0.139662 wspph
2 0.913006 0.000536
4 0.402994 0.403014
4 0.936465 0.936511
4 0.540545 0.540622
0 0.932072 bknpf
1 0.816452
1 0.648993
1 0.391113
1 0.868507
1 0.669433
4 0.571848 0.57187
0 0.491194 difvm
2 0.582918 0.000441
1 0.231703
1 0.71001
1 0.492151
0 0.8197 phoqa
4 0.060249 0.060306
2 0.143923 0.000357
2 0.790217 0.000498
3 0.929457 29
2 0.028727 0.000323
0 0.26043 xdwyh
3 0.977658 44
1 0.224443
1 0.924931
3 0.191859 16
1 0.335782
3 0.94099 1
3 0.366755 9
3 0.277078 38
3 0.636733 19
2 0.739103 0.000653
2 0.043725 0.000751
2 0.284569 0.000902
0 0.549845 wgeas
3 0.535017 30
4 0.54624 0.546325
0 0.600345 tdzwd
3 0.291552 28
2 0.851629 0.000279
4 0.136198 0.136232
2 0.471467 0.000457
1 0.986743
4 0.647291 0.647378
4 0.633612 0.633613
4 0.854117 0.854133
1 0.769832
2 0.190172 0.000281
2 0.546175 0.000186
0 0.668979 twixt
2 0.622185 0.00085
3 0.125281 10
2 0.08302 0.000561
1 0.575777
3 0.682609 31
4 0.916342 0.916345
1 0.754976
3 0.572223 14
3 0.241202 31
2 0.777445 0.000399
3 0.600797 35
1 0.811773
3 0.416993 40
3 0.977554 3
0 0.021775 mmixd
3 0.604128 7
4 0.005642 0.00573
3 0.905323 25
3 0.472075 6
1 0.14466
2 0.034916 0.00023
0 0.704956 oadec
4 0.998681 0.998726
0 0.971403 atcbd
3 0.204177 45
3 0.97571 22
1 0.198853
4 0.582003 0.582072
4 0.036785 0.036862
2 0.985473 0.000138
3 0.204109 20
0 0.355555 zxcvw
4 0.84078 0.840875
0 0.868764 yawsw
0 0.90362 bpogc
1 0.683819
3 0.625915 39
0 0.497822 alnzm
1 0.956859
1 0.549618
4 0.92222 0.922291
3 0.205498 45
4 0.687629 0.687683
1 0.919881
3 0.238051 25
1 0.898261
0 0.479821 inbtm
2 0.035826 0.000807
2 0.199534 0.000425
1 0.638106
1 0.616474
4 0.354742 0.354807
3 0.345448 2
4 0.461626 0.461697
1 0.817716
2 0.078811 0.000455
0 0.872429 uuzsz
3 0.148882 18
4 0.981678 0.981772
3 0.852772 10
3 0.19822 14
4 0.176199 0.176286
2 0.457713 0.000235
1 0.637488
0 0.094014 fdoej
4 0.067253 0.067285
1 0.754173
3 0.338001 18
3 0.190774 30
1 0.905346
4 0.443432 0.443477
3 0.171714 10
3 0.314758 48
3 0.352384 0
1 0.825481
4 0.593222 0.59332
2 0.296106 0.000469
1 0.77759
0 0.327566 hlcoe
2 0.647239 0.00084
0 0.335306 kngbp
3 0.097003 17
0 0.644186 bymmy
3 0.406845 45
0 0.399936 nnwje
4 0.687399 0.687477
0 0.649202 npidf
2 0.60653 0.000115
0 0.170408 oyyjv
4 0.113283 0.113367
4 0.130296 0.130321
0 0.819755 fpscb
1 0.62861
1 0.863359
2 0.758645 0.000655
3 0.684635 14
0 0.516392 ciymq
3 0.698831 12
0 0.966096 pwmyc
2 0.717415 0.000735
0 0.580774 hfnfx
2 0.784941 0.000836
3 0.873081 28
3 0.417762 47
0 0.160933 ccccy
1 0.710187
0 0.004104 uodxs
4 0.87098 0.871033
3 0.072887 47
4 0.81721 0.81729
2 0.839733 0.000742
1 0.315791
3 0.554553 27
4 0.158438 0.158502
2 0.207323 0.000644
1 0.00371
2 0.578106 0.000791
2 0.287695 0.000771
3 0.108485 10
2 0.208759 0.000572
2 0.137613 0.000657
0 0.293065 gwaza
1 0.632792
4 0.983387 0.983399
2 0.758021 0.000144
4 0.691594 0.691661
4 0.800079 0.800156
1 0.52519
4 0.733109 0.733112
1 0.649094
0 0.614955 dqlph
0 0.699102 svoni
4 0.011501 0.011528
0 0.392391 zotir
4 0.594677 0.594775
2 0.466769 0.000518
4 0.98002 0.980029
4 0.169588 0.169645
4 0.385042 0.385137
0 0.686139 vuqwb
1 0.061261
4 0.241098 0.241107
3 0.43594 23
3 0.54063 48
3 0.745263 33
2 0.620316 0.000622
3 0.414625 38
0 0.067272 wajfc
3 0.704849 38
4 0.75884 0.758878
3 0.235784 30
3 0.693574 11
1 0.278662
2 0.635618 0.000268
3 0.160883 13
1 0.841108
1 0.181889
0 0.806475 ochwh
0 0.952015 vldtk
0 0.080546 vtgnm
1 0.904521
4 0.454421 0.45448
4 0.829712 0.829731
2 0.527953 4.1e-05
0 0.134849 uzxhk
3 0.349266 15
4 0.746991 0.747054
3 0.93973 1
1 0.595738
0 0.727724 hhjpo
0 0.605343 sooyi
3 0.668988 41
1 0.830456
3 0.395751 24
0 0.367805 wlpqr
4 0.870563 0.870583
2 0.983999 0.000516
4 0.840606 0.840665
4 0.360254 0.360283
2 0.134516 0.000609
0 0.12596 ekdvf
4 0.493155 0.493221
4 0.812791 0.812857
1 0.95563
3 0.74966 37
2 0.531993 0.000666
3 0.704204 5
3 0.738685 32
1 0.543295
0 0.787881 vxdrm
3 0.706916 39
2 0.519707 0.000456
4 0.475337 0.475398
1 0.817883
3 0.930354 32
1 0.638688
3 0.322631 24
2 0.984552 2.1e-05
4 0.288786 0.288859
3 0.404155 34
1 0.201448
3 0.997363 22
2 0.816171 0.000481
2 0.220832 0.000908
0 0.238322 dkpgk
3 0.723071 24
4 0.152945 0.153007
2 0.402795 0.000817
4 0.188669 0.188686
2 0.186032 0.000989
4 0.002203 0.002226
3 0.739387 33
3 0.879061 7
1 0.436868
3 0.744719 31
0 0.621133 rfcwz
1 0.255088
1 0.881895
2 0.599368 0.000927
1 0.27024
2 0.243869 0.000915
1 0.895952
4 0.721282 0.721343
0 0.674502 xtlqv
1 0.108364
2 0.460017 5.7e-05
3 0.715105 18
0 0.577162 ifneb
2 0.482896 0.000357
2 0.17647 0.00064
3 0.584817 44
0 0.531574 andsm
2 0.788477 0.000843
4 0.293534 0.293557
2 0.008767 0.000712
4 0.50949 0.509585
1 0.437199
2 0.625643 0.000191
2 0.210461 0.000686
3 0.258387 2
4 0.486802 0.486881
0 0.292964 laoww
3 0.365349 32
4 0.372292 0.37238
2 0.682943 0.00039
4 0.336778 0.336811
1 0.50786
1 0.893407
3 0.398585 9
0 0.885388 idwkg
0 0.119643 wkynt
2 0.963376 0.000967
1 0.407354
1 0.499948
0 0.758612 zgfol
1 0.668515
0 0.114517 ubokt
3 0.2882 44
3 0.317088 14
2 0.280464 0.000681
3 0.20417 42
3 0.525406 33
1 0.846714
2 0.958418 0.00043
4 0.133545 0.133638
0 0.615366 uhuon
1 0.166764
3 0.841857 19
3 0.937701 24
1 0.555134
0 0.867596 rvsbe
4 0.262044 0.262056
0 0.865093 auink
1 0.442996
1 0.264761
3 0.764733 16
3 0.702434 40
0 0.77392 pouvn
3 0.335603 47
0 0.589167 ljldv
1 0.485179
4 0.780569 0.78063
4 0.187093 0.187151
2 0.951826 0.000877
0 0.326291 zotky
3 0.484513 25
0 0.073681 vjkha
0 0.464733 fkspf
4 0.012487 0.012518
1 0.908779
1 0.926751
4 0.617928 0.617953
3 0.087453 34
1 0.479744
2 0.210615 0.000904
4 0.494818 0.494877
4 0.959551 0.959649
0 0.647397 htjpa
2 0.630668 0.000885
0 0.636879 trrxb
1 0.959715
4 0.815884 0.815943
4 0.8475 0.847515
3 0.342318 24
4 0.207537 0.207559
0 0.961376 lypgt
3 0.058059 17
3 0.350964 38
0 0.94747 okalf
0 0.54293 tumrv
4 0.709618 0.709687
1 0.827596
0 0.772963 tadom
4 0.230579 0.230661
4 0.081498 0.08152
3 0.346696 36
3 0.957551 16
2 0.943428 0.000571
3 0.747527 0
1 0.049949
3 0.851067 44
3 0.86513 7
3 0.807544 20
3 0.038123 4
4 0.757638 0.757721
1 0.3979
4 0.338379 0.338398
3 0.281808 40
1 0.029335
2 0.04209 0.000636
2 0.893157 3.1e-05
1 0.274639
3 0.571329 33
0 0.386249 hkmzg
1 0.024527
0 0.074029 wohxm
1 0.827324
0 0.013513 vtslj
4 0.694471 0.694545
1 0.08072
3 0.341313 13
0 0.346739 fnski
0 0.114964 bhrdt
0 0.575369 dfejr
2 0.340186 0.000212
3 0.039175 45
2 0.473288 3.1e-05
1 0.778574
0 0.154078 dsqii
3 0.43798 18
4 0.359362 0.359399
1 0.294257
4 0.618503 0.618551
3 0.166241 23
3 0.579002 35
2 0.433182 0.000863
2 0.586319 0.000941
2 0.327179 0.000891
3 0.164002 47
3 0.74887 8
2 0.425459 0.000464
4 0.242891 0.242911
2 0.807954 0.000913
2 0.331473 0.000719
1 0.096598
0 0.159465 gfobe
0 0.529075 znixr
3 0.519941 21
2 0.762832 0.000693
0 0.087138 sqxib
4 0.811549 0.811613
3 0.046955 31
0 0.385032 nbumf
4 0.127138 0.127145
1 0.354937
4 0.286628 0.286634
4 0.307605 0.307701
3 0.524099 12
2 0.807262 0.000146
1 0.341026
4 0.283608 0.283615
0 0.184992 syzdw
0 0.68813 fpapp
2 0.893507 9.3e-05
3 0.885237 4
4 0.565177 0.565177
2 0.422555 0.000735
1 0.489514
0 0.812793 xzwfb
4 0.237583 0.237675
4 0.205761 0.205832
0 0.78036 lcalm
3 0.548958 1
2 0.114135 2e-06
4 0.008784 0.008882
4 0.596823 0.596834
0 0.350759 zbopx
0 0.832857 gysnm
3 0.348075 26
0 0.834429 ymwig
2 0.634613 0.000316
2 0.951634 0.000492
0 0.496967 xluux
1 0.86906
2 0.20425 0.000647
2 0.418217 0.000975
0 0.252646 oejqs
4 0.913231 0.913326
4 0.864865 0.864952
4 0.361832 0.361922
0 0.270356 auhlv
2 0.920953 0.000302
3 0.581601 47
0 0.970576 rlagv
2 0.907714 0.000643
1 0.940243
2 0.668576 0.000427
4 0.031738 0.031822
1 0.344724
0 0.450971 pezmy
3 0.736897 38
4 0.364886 0.3649
1 0.297456
0 0.453425 kjpjc
4 0.210472 0.210525
4 0.376257 0.376303
0 0.602643 zdztc
0 0.281473 ljjxt
0 0.465235 zanir
3 0.24727 33
2 0.841201 0.000306
2 0.983222 0.000916
4 0.469967 0.470026
4 0.946158 0.946166
4 0.625209 0.625279
2 0.926151 5e-06
3 0.425487 47
4 0.969978 0.970013
0 0.950811 uttgh
0 0.756846 bdlub
1 0.061998
1 0.759132
1 0.352146
1 0.794463
