2 0.172157 0.000273
1 0.536415
3 0.588808 35
2 0.881786 0.000178
2 0.906254 0.000616
4 0.354945 0.355011
2 0.204066 0.00042
4 0.180221 0.18032
1 0.310795
2 0.370417 6e-06
1 0.328365
4 0.431799 0.431821
4 0.989182 0.989271
2 0.094342 0.000474
2 0.49248 4e-06
4 0.398734 0.398755
3 0.753679 39
2 0.474098 0.000559
1 0.170671
1 0.407809
3 0.917103 28
1 0.501687
3 0.59909 38
0 0.532981 vwlze
2 0.542194 0.000938
1 0.940928
4 0.439999 0.440058
0 0.046123 lsmuf
0 0.88625 pfeqm
3 0.642853 25
4 0.598225 0.598257
0 0.647939 vjfrh
3 0.120962 0
0 0.026365 fyhkm
2 0.838186 0.000521
0 0.72185 jqloa
4 0.10837 0.108401
1 0.284077
0 0.428584 tzzoe
2 0.024408 0.000242
2 0.124936 0.000729
1 0.374036
0 0.202898 nkilo
0 0.227938 tauie
1 0.454141
2 0.294875 0.000147
1 0.253214
0 0.332511 zbnpe
1 0.963529
4 0.684186 0.684265
1 0.38606
2 0.161994 0.000233
2 0.389932 0.000927
3 0.025457 43
0 0.4081 uehbm
1 0.285191
2 0.805058 0.000158
3 0.759593 11
1 0.239475
0 0.954968 nwyac
0 0.179509 uittz
0 0.927406 mpdsj
2 0.7836 0.000234
2 0.52011 0.000829
0 0.800171 uirrq
2 0.07531 0.00058
2 0.746276 0.000441
1 0.292521
1 0.540463
4 0.716316 0.716337
2 0.513786 0.000307
1 0.789882
1 0.773543
1 0.272675
3 0.352945 7
4 0.615908 0.615923
3 0.833838 29
2 0.425501 0.000759
4 0.688129 0.68813
0 0.98065 eapqe
4 0.491486 0.491487
2 0.281368 0.000239
1 0.674837
4 0.929786 0.92982
3 0.539963 42
3 0.180663 31
2 0.761105 0.000734
2 0.385206 0.000863
3 0.030463 15
2 0.216184 0.000976
2 0.902478 0.00027
0 0.752431 xbagm
1 0.770427
2 0.783859 0.000742
1 0.705898
0 0.097419 acjql
3 0.017974 32
3 0.442888 16
0 0.32915 ankmk
3 0.989647 35
0 0.075534 rwfrm
2 0.36916 0.000475
3 0.739956 44
1 0.274283
1 0.959642
1 0.458144
4 0.046322 0.04636
3 0.785924 15
1 0.733699
4 0.099766 0.099798
4 0.635231 0.635239
3 0.513791 21
1 0.399756
1 0.068248
1 0.036694
1 0.895127
2 0.598839 0.000203
4 0.316011 0.316058
0 0.878685 qeldd
1 0.925018
3 0.962793 17
2 0.752501 0.000311
3 0.387325 49
4 0.448331 0.44843
2 0.001377 0.000555
0 0.097704 porsy
2 0.741565 0.000404
2 0.518687 6.5e-05
2 0.911928 0.00021
0 0.9404 ddlgq
1 0.08672
3 0.48634 47
3 0.89407 26
0 0.738356 jrlsc
3 0.779298 38
0 0.814338 tkqid
1 0.63573
3 0.182033 19
2 0.155771 0.000839
2 0.642111 0.000936
0 0.536182 uheac
1 0.984102
2 0.172946 0.000752
2 0.042389 9e-05
2 0.317929 0.000356
0 0.141834 ojlhk
3 0.341178 35
0 0.98329 ousmp
4 0.529209 0.52922
2 0.029663 0.000743
3 0.075942 8
4 0.144561 0.144627
0 0.802747 cokld
1 0.819231
2 0.434778 0.000521
1 0.155683
2 0.688459 0.000195
3 0.73402 6
2 0.280035 0.000601
0 0.105802 nvuaw
4 0.946555 0.946556
0 0.447422 lzqgv
4 0.267051 0.267127
0 0.422734 oiqed
3 0.0689 23
2 0.194908 0.000477
0 0.147548 ihtfu
4 0.138941 0.138996
4 0.675513 0.675554
2 0.031317 0.000575
0 0.705993 fevpy
2 0.254236 0.000459
3 0.371911 1
1 0.595389
4 0.906564 0.906643
1 0.964253
2 0.580241 0.000731
3 0.255754 22
2 0.287071 0.0001
2 0.509417 0.00078
1 0.761136
1 0.298955
3 0.470317 15
3 0.842229 18
4 0.95397 0.954052
0 0.314849 vozda
0 0.389433 osbwt
0 0.416523 tdukz
2 0.955168 0.000588
2 0.291972 0.000169
1 0.387791
4 0.316985 0.317064
0 0.630611 jnnns
1 0.211488
3 0.034352 14
3 0.786409 39
0 0.821599 mtcah
4 0.905853 0.905903
0 0.939056 wbmgm
0 0.830957 nvizm
0 0.71709 owddb
0 0.576112 zulgt
3 0.38644 46
2 0.327912 0.000488
0 0.134725 pohhn
1 0.30023
4 0.532582 0.532681
3 0.061547 30
4 0.02285 0.022911
1 0.115314
2 0.54359 0.000757
4 0.042979 0.04303
4 0.997777 0.997867
4 0.692265 0.692268
1 0.306111
2 0.928987 0.000275
2 0.943603 0.000857
1 0.992537
2 0.502537 8.5e-05
4 0.928026 0.928113
0 0.394432 gzmqd
0 0.304862 oyexp
2 0.932942 0.000563
0 0.861929 doger
0 0.472257 sapvc
4 0.333027 0.333057
3 0.687404 36
2 0.604911 0.000871
2 0.204597 0.000323
4 0.137539 0.137626
4 0.51582 0.51585
0 0.837705 yejwg
4 0.820085 0.820118
0 0.865186 uykvt
4 0.222808 0.222822
2 0.008031 0.000591
0 0.013354 wkhdw
3 0.096553 37
4 0.298071 0.298135
2 0.417383 0.00085
4 0.382516 0.382598
2 0.136958 0.000213
2 0.102378 0.000903
1 0.841538
3 0.072505 19
1 0.107825
0 0.067389 gfafh
2 0.593862 0.00045
3 0.305078 44
3 0.536928 23
2 0.784079 0.000475
0 0.87695 htwgt
4 0.178262 0.178293
4 0.245652 0.245672
0 0.139686 qdhaz
3 0.805285 49
1 0.858565
4 0.278938 0.278965
2 0.05351 0.000302
4 0.93046 0.930493
2 0.648948 8.6e-05
3 0.249709 49
4 0.713394 0.713447
1 0.166651
4 0.849888 0.849941
4 0.350095 0.350153
2 0.671732 0.000507
0 0.530297 spesz
0 0.743935 wnmgf
3 0.120599 1
4 0.350345 0.350401
2 0.516996 0.000695
0 0.980502 hamvv
4 0.715634 0.715722
2 0.437252 0.000916
0 0.254005 jlrmv
1 0.909458
3 0.080252 3
0 0.965976 qvwud
0 0.186965 uwkaq
1 0.209428
2 0.841898 0.000809
0 0.269689 yvgnk
0 0.038095 ztcdi
2 0.19439 0.000845
2 0.428922 0.000492
0 0.485464 qkvzo
1 0.67525
0 0.40523 xupqf
3 0.068118 28
4 0.152858 0.152916
1 0.166076
0 0.38245 hwsto
0 0.791204 xkrgy
4 0.367995 0.368007
1 0.155438
3 0.21521 36
4 0.121561 0.121615
3 0.549655 14
3 0.824703 42
0 0.328643 ztcem
2 0.897799 5.6e-05
1 0.137556
2 0.895663 0.000468
4 0.051101 0.051178
1 0.019737
1 0.348352
3 0.589824 9
0 0.875922 xnqov
3 0.482285 17
4 0.398936 0.399012
1 0.296735
0 0.514195 vykay
0 0.067689 lrwdx
2 0.498853 0.000405
2 0.254268 0.000309
2 0.733189 0.000424
0 0.215474 ocqwa
2 0.486155 1.5e-05
4 0.95122 0.951294
2 0.911513 0.000834
1 0.131302
0 0.715769 txoio
1 0.968917
2 0.37707 0.000106
3 0.121479 49
2 0.99034 0.00082
1 0.992847
0 0.853981 xzddz
1 0.503235
1 0.217948
1 0.600963
2 0.917328 0.000201
3 0.402597 0
0 0.621055 qfdil
1 0.733985
4 0.611873 0.611905
4 0.982206 0.982206
1 0.126441
0 0.573916 iblwn
3 0.244287 32
1 0.227112
2 0.294016 7e-06
2 0.609791 0.000312
0 0.837084 zkjms
4 0.564051 0.564088
1 0.476072
3 0.560691 41
3 0.139463 40
0 0.437267 bbqfj
4 0.426472 0.426503
4 0.384448 0.384463
0 0.330607 ypezf
3 0.008501 21
3 0.085544 12
3 0.225007 4
4 0.178627 0.178689
1 0.347379
0 0.1466 einpr
3 0.125337 23
0 0.455944 bvkce
4 0.990208 0.99025
0 0.592104 huyti
1 0.507076
0 0.375822 kjjvs
0 0.054695 ayoux
3 0.081839 45
2 0.185712 6.1e-05
1 0.695706
1 0.440807
2 0.987572 0.000271
1 0.009083
2 0.192305 0.000874
4 0.063819 0.063836
3 0.409158 37
4 0.492297 0.492324
2 0.79372 1e-05
3 0.551915 5
0 0.148976 anzwe
4 0.132287 0.132385
2 0.418649 0.000203
3 0.597186 24
0 0.318109 xrobe
2 0.709017 0.000734
2 0.435379 0.000472
4 0.503884 0.503958
2 0.421092 0.00043
2 0.779108 0.000452
3 0.427747 1
1 0.362748
1 0.274364
4 0.675281 0.675311
1 0.038165
2 0.633056 0.000255
4 0.40088 0.400952
4 0.962424 0.962475
3 0.075883 38
3 0.371023 30
0 0.379325 gdvjm
2 0.569288 0.000954
1 0.722683
0 0.996753 brcli
2 0.669506 0.000684
0 0.463989 eynlj
0 0.21162 tyvls
0 0.610476 xrwxr
3 0.508976 39
4 0.403336 0.403424
3 0.387968 44
4 0.414603 0.414639
1 0.503479
0 0.070965 ohrbp
0 0.951523 wbfwj
2 0.153004 0.000111
0 0.66198 azqda
1 0.413687
1 0.900591
3 0.738369 20
1 0.809334
2 0.483338 0.000272
0 0.267451 crkws
3 0.220159 24
2 0.07627 0.000201
4 0.253722 0.253802
2 0.972715 2.6e-05
3 0.774448 28
3 0.666327 39
3 0.662437 30
2 0.568882 0.000831
1 0.943202
0 0.420471 gosbi
0 0.033149 qvbhg
0 0.696131 gcker
0 0.851317 mqveu
3 0.757966 39
4 0.69479 0.694853
0 0.33542 bxfvq
0 0.624847 yyzez
3 0.861016 16
1 0.485731
0 0.014179 pqxre
3 0.977211 17
3 0.205027 24
0 0.532143 rtybq
2 0.738684 9e-05
1 0.641312
0 0.84261 tyryy
1 0.31
3 0.494552 22
0 0.64266 apuhe
1 0.761381
1 0.127125
4 0.644724 0.644786
4 0.52149 0.521564
4 0.3641 0.364155
4 0.970684 0.970751
4 0.075095 0.075162
3 0.085999 41
3 0.245012 29
4 0.246922 0.246966
3 0.459855 2
1 0.452484
1 0.426169
3 0.003545 31
2 0.041387 0.000157
3 0.92184 12
4 0.892524 0.892555
3 0.483971 48
1 0.56997
2 0.808671 0.000334
1 0.127051
4 0.009416 0.009472
1 0.75712
0 0.5233 aowrd
4 0.193578 0.193587
4 0.353613 0.353707
0 0.655662 mnbyz
2 0.942274 0.000719
0 0.036883 aorod
2 0.514253 0.000511
2 0.666444 0.000563
4 0.860022 0.860047
3 0.491792 49
2 0.532438 0.000456
1 0.057055
2 0.944841 0.000994
0 0.45652 dluyw
1 0.787555
1 0.230631
2 0.694785 0.000143
1 0.361229
3 0.84527 3
0 0.875126 rzgel
4 0.33524 0.335295
0 0.003234 qalwa
0 0.997371 ipxfd
2 0.513416 0.000948
3 0.068826 20
1 0.956362
1 0.266323
3 0.311386 30
3 0.707647 8
4 0.716363 0.716369
1 0.931515
1 0.371604
1 0.347148
1 0.623141
1 0.050098
0 0.954189 suhmk
4 0.164665 0.164674
3 0.379011 19
4 0.329194 0.329211
3 0.443702 4
3 0.21176 45
3 0.212266 49
0 0.559414 gtjar
3 0.506267 24
1 0.950587
1 0.505825
4 0.955522 0.955577
3 0.147492 27
2 0.219209 0.000645
1 0.722965
4 0.027976 0.027987
4 0.756594 0.756606
4 0.722145 0.722193
1 0.938711
4 0.561775 0.561812
0 0.512363 yvvcw
0 0.309413 lykjb
2 0.308413 0.000993
0 0.146493 znpni
1 0.858201
1 0.193967
0 0.449939 srsnv
1 0.493328
0 0.809909 tyctn
1 0.64836
0 0.149721 jstsd
2 0.787289 0.000316
4 0.675453 0.675488
1 0.641744
2 0.895902 4.6e-05
0 0.288064 ikaur
1 0.438991
2 0.380182 0.000719
2 0.942139 0.00044
4 0.650589 0.650643
0 0.774649 eahhq
2 0.628631 0.000346
2 0.770724 0.000949
3 0.527325 33
4 0.885799 0.885875
0 0.608341 uevii
1 0.855839
2 0.667272 0.00084
1 0.534069
2 0.071405 0.000671
2 0.700036 0.000369
1 0.257273
1 0.588708
2 0.193876 0.000385
2 0.343272 0.000537
0 0.931659 aabue
4 0.758942 0.758981
1 0.426214
0 0.977489 xavtj
3 0.395027 14
2 0.02514 0.000274
1 0.735369
2 0.934939 0.000641
4 0.127674 0.127727
4 0.58352 0.583538
0 0.27732 ahscc
0 0.68394 dobdm
1 0.882166
2 0.81213 0.000511
3 0.290142 0
0 0.319043 atiux
3 0.618318 1
1 0.445278
4 0.43109 0.43116
4 0.452192 0.452195
2 0.575305 0.000492
3 0.609797 46
3 0.185781 26
1 0.497135
0 0.256597 begti
3 0.017252 13
3 0.241753 39
3 0.205409 32
0 0.336654 znmxs
1 0.04633
4 0.092976 0.09304
2 0.236122 0.000599
2 0.009071 0.000433
0 0.023145 xxncr
4 0.293625 0.293716
3 0.499034 23
0 0.835688 gdkgn
2 0.790677 0.000479
4 0.042918 0.042948
3 0.568341 13
4 0.107839 0.107869
2 0.51876 2e-06
3 0.452126 27
4 0.353216 0.353277
4 0.223452 0.223502
1 0.650388
3 0.519121 20
3 0.294136 42
3 0.333968 33
3 0.619398 11
0 0.586614 qhyoy
1 0.716628
2 0.407725 0.000989
4 0.221387 0.221413
1 0.387089
4 0.221541 0.221558
0 0.185412 lbmvd
2 0.157074 0.000742
0 0.040129 iwlbw
4 0.656551 0.656631
2 0.064276 7e-05
3 0.802015 46
4 0.783805 0.783879
2 0.860969 0.000291
2 0.473923 0.000652
1 0.269462
2 0.13081 0.000213
3 0.138518 6
4 0.70197 0.701978
0 0.874873 ibedz
2 0.593459 0.000358
4 0.441921 0.441985
0 0.43127 uzyfr
2 0.275623 0.000723
2 0.419188 0.000283
0 0.269996 ajbdl
1 0.161664
0 0.321009 arasx
1 0.821281
4 0.820363 0.82043
2 0.192357 0.000328
3 0.79042 1
1 0.035644
0 0.50933 fohej
4 0.49839 0.498481
4 0.947183 0.947183
3 0.653493 20
0 0.094451 uieaj
1 0.252116
1 0.157907
4 0.82305 0.823149
1 0.242437
3 0.363098 39
3 0.819832 32
2 0.954583 0.000815
2 0.792693 0.000308
0 0.297169 ioshf
3 0.111046 24
4 0.879514 0.879594
1 0.779381
2 0.776873 0.000577
2 0.830113 0.000675
1 0.256098
0 0.177445 fbafr
3 0.922555 8
2 0.386618 0.000288
1 0.138958
1 0.21101
4 0.362112 0.362136
1 0.926585
0 0.301151 mnjda
4 0.306022 0.306044
0 0.170913 tjppe
0 0.550676 qjscp
3 0.460667 20
4 0.387252 0.387328
2 0.607063 0.000463
0 0.656986 eookj
3 0.19027 26
0 0.747629 cemer
2 0.732146 3.2e-05
2 0.25864 0.000655
1 0.908362
2 0.392185 0.00099
4 0.5156 0.515653
2 0.688939 0.000131
4 0.168299 0.16833
3 0.962757 3
4 0.998718 0.9988
4 0.715088 0.715168
1 0.982134
2 0.777017 0.000166
1 0.552009
4 0.730634 0.730705
3 0.639171 12
4 0.154772 0.154839
1 0.843711
3 0.329194 23
3 0.047334 43
3 0.062116 4
1 0.863248
0 0.18706 joosp
2 0.050074 0.000476
2 0.689246 0.00019
2 0.844018 0.000358
3 0.204081 6
1 0.216091
3 0.832519 11
2 0.608814 4.9e-05
4 0.013318 0.013345
4 0.979045 0.979132
2 0.721789 0.000966
2 0.532894 7e-05
4 0.804371 0.804419
0 0.480561 rlfuq
3 0.753201 34
1 0.102073
3 0.64429 39
2 0.840579 0.00091
0 0.932821 ybmwr
2 0.506991 0.000353
1 0.827714
3 0.887243 13
4 0.54255 0.542556
4 0.295752 0.295795
2 0.914177 0.000491
3 0.141416 38
4 0.898326 0.898391
0 0.150634 wyfwa
4 0.419269 0.419338
1 0.127322
3 0.833121 15
3 0.774372 18
0 0.622552 nddog
4 0.359267 0.359288
4 0.257594 0.257633
4 0.92458 0.924601
0 0.565663 nhlmj
0 0.508829 onvxw
0 0.16503 ybovw
1 0.465619
3 0.224574 30
4 0.651613 0.651642
1 0.454934
1 0.545344
4 0.072119 0.072201
1 0.205491
4 0.026381 0.026438
1 0.899092
2 0.915046 7.2e-05
4 0.575918 0.575971
2 0.747419 0.000224
3 0.971994 4
4 0.139959 0.140045
1 0.111246
2 0.16928 0.00077
4 0.944714 0.944715
0 0.442379 qbjvz
1 0.147443
2 0.827615 0.000905
1 0.193868
2 0.868112 9.3e-05
2 0.840106 0.000949
2 0.496418 8.7e-05
3 0.607664 47
3 0.652434 26
3 0.012235 48
4 0.712248 0.712303
1 0.177619
4 0.243262 0.243325
2 0.587229 0.000968
0 0.781097 akkbq
4 0.540894 0.540936
3 0.800878 20
2 0.394156 6.5e-05
4 0.052256 0.052345
2 0.041012 0.000812
2 0.626791 0.000426
2 0.757345 0.000655
0 0.49224 cfgst
1 0.555491
3 0.02695 23
0 0.60685 ygipd
3 0.386066 38
0 0.94343 rnenc
4 0.212084 0.212167
2 0.324189 0.000778
4 0.275837 0.275891
0 0.831328 uhhul
4 0.115116 0.115182
1 0.165565
1 0.662337
0 0.697893 oqzzm
1 0.568965
3 0.623552 29
2 0.27433 0.000293
1 0.270484
0 0.954975 lohlz
4 0.816517 0.816543
0 0.995207 ljhkh
1 0.031181
2 0.894986 0.000156
4 0.832816 0.832885
1 0.267461
0 0.390968 eipcx
0 0.150038 wcdms
0 0.572761 zrgmg
1 0.986722
1 0.943799
4 0.884488 0.884555
0 0.004971 ladgb
2 0.665062 0.000669
4 0.331452 0.331457
1 0.354102
1 0.429834
2 0.712724 0.000732
0 0.919164 btxxf
2 0.462226 5e-06
4 0.391778 0.391855
0 0.316653 knszs
4 0.530775 0.530785
1 0.642948
2 0.675083 0.000594
4 0.490936 0.490947
4 0.993767 0.993855
2 0.051285 0.000217
0 0.509642 zptso
3 0.461783 29
0 0.255141 fynme
3 0.087358 33
4 0.619305 0.619305
1 0.070416
4 0.76187 0.761926
1 0.813155
4 0.060492 0.06059
3 0.867688 19
2 0.991537 9e-06
2 0.463566 8.5e-05
0 0.085148 dsqtl
0 0.336372 mqukt
3 0.099515 26
0 0.429022 cmiko
0 0.26367 kfglt
3 0.357377 24
4 0.227013 0.227023
1 0.70036
2 0.862019 1.2e-05
1 0.121732
3 0.157709 12
0 0.728763 oywaw
1 0.757535
1 0.497908
4 0.532008 0.532056
3 0.324684 47
3 0.747446 25
4 0.506581 0.506626
3 0.686887 11
1 0.562009
1 0.803077
1 0.995201
0 0.425119 qpnqz
3 0.902271 33
4 0.950631 0.950662
2 0.275315 0.000231
1 0.022761
1 0.607917
2 0.310301 0.000852
0 0.212714 dlgja
4 0.793842 0.793874
0 0.046888 smpzg
1 0.745301
4 0.370029 0.370069
4 0.761282 0.761299
0 0.82952 eview
3 0.845247 32
1 0.320163
4 0.941391 0.94145
2 0.844819 0.000854
0 0.396125 llczm
4 0.750489 0.750504
2 0.050666 0.000284
0 0.880186 lcyfh
2 0.301291 0.000539
0 0.621455 aymfb
0 0.535255 hmjwk
4 0.117025 0.117031
1 0.270135
4 0.173236 0.173236
1 0.714691
0 0.509751 sohoj
1 0.609833
4 0.753757 0.753804
2 0.79996 1.9e-05
3 0.242288 13
4 0.342394 0.342426
0 0.975772 xplxs
4 0.052426 0.052498
4 0.181191 0.181206
1 0.482396
1 0.096519
1 0.226098
4 0.448555 0.448613
0 0.80698 wdemy
1 0.619217
4 0.67107 0.671146
1 0.767599
0 0.123574 bjbbu
3 0.112869 40
1 0.725741
1 0.82051
2 0.286831 0.00092
4 0.093812 0.093883
0 0.735598 ahpjm
2 0.340813 0.000476
3 0.135548 0
2 0.933071 0.000153
1 0.663564
4 0.821677 0.821731
0 0.06377 gyavy
2 0.128078 0.000741
2 0.380028 0.000157
3 0.379755 44
3 0.180625 1
2 0.076806 0.000573
3 0.27596 31
4 0.113536 0.113595
4 0.029171 0.0292
1 0.281669
4 0.309997 0.310036
3 0.954427 30
0 0.334456 ffpjv
1 0.29449
1 0.286417
2 0.522942 0.000342
2 0.315254 7.6e-05
1 0.42879
0 0.583522 qbmsc
3 0.185774 33
1 0.911306
1 0.490839
0 0.304039 isucs
1 0.288935
4 0.672201 0.672231
3 0.503807 6
1 0.932598
3 0.801144 12
4 0.17675 0.176797
2 0.501814 8.8e-05
2 0.168715 0.000927
4 0.472754 0.472832
4 0.659525 0.659621
1 0.808783
4 0.962997 0.963081
4 0.158097 0.158141
0 0.375718 yosxe
4 0.052605 0.052673
2 0.433978 0.000396
0 0.210305 oajcv
2 0.414743 0.000216
3 0.223526 0
2 0.220863 0.000766
1 0.722007
1 0.123979
1 0.907903
4 0.045459 0.045537
0 0.614416 hmkwe
1 0.165206
3 0.534382 24
3 0.990269 19
4 0.101084 0.101181
2 0.691248 0.00026
3 0.439509 19
2 0.773773 3.4e-05
3 0.83466 47
4 0.120007 0.120088
3 0.519101 26
4 0.200659 0.200668
1 0.637435
4 0.279747 0.279753
4 0.380831 0.380835
3 0.588431 16
1 0.02794
1 0.354325
1 0.73136
1 0.521167
4 0.278216 0.278232
3 0.914575 48
4 0.950029 0.950103
3 0.66704 36
2 0.304476 5e-05
1 0.309782
1 0.632743
3 0.784844 24
0 0.957843 tkafd
1 0.427119
4 0.066645 0.066681
3 0.497572 36
4 0.179726 0.17982
3 0.150381 22
4 0.402293 0.402349
2 0.551388 0.000795
4 0.288914 0.288916
2 0.054381 0.000745
2 0.960333 0.0009
1 0.387453
0 0.645223 frltr
4 0.852839 0.852887
3 0.523388 32
0 0.082339 yngtv
0 0.814377 lnfpc
4 0.665968 0.665983
4 0.29662 0.296658
2 0.011567 3.3e-05
4 0.738398 0.738432
1 0.159798
2 0.982949 0.00058
4 0.065288 0.065295
3 0.333864 20
1 0.606227
0 0.343307 hpufe
1 0.918022
4 0.027018 0.027078
1 0.253587
0 0.98878 ytmey
4 0.472523 0.472549
2 0.322739 0.000896
1 0.928966
3 0.52682 35
1 0.558546
0 0.086219 tjibt
1 0.354549
3 0.983304 36
1 0.40759
2 0.421616 0.000473
1 0.586772
3 0.790567 45
3 0.493815 8
1 0.275264
3 0.824591 25
4 0.941784 0.94183
4 0.976999 0.977025
3 0.661826 10
4 0.3543 0.354366
0 0.551906 qwgxh
1 0.392931
0 0.237243 wjhmt
4 0.915721 0.915733
1 0.328842
1 0.186989
0 0.012682 jdker
0 0.260774 zyjcg
3 0.679255 4
4 0.550727 0.550733
3 0.213816 37
4 0.91328 0.913325
1 0.25169
3 0.526574 29
0 0.539257 rolgi
0 0.756322 lxlmx
4 0.102922 0.102934
0 0.653649 adftu
2 0.205705 5.1e-05
3 0.89488 25
4 0.185917 0.185999
2 0.467751 0.000474
2 0.293552 0.000306
4 0.866565 0.866617
1 0.290232
0 0.867627 wgaao
3 0.946973 5
0 0.244071 kengk
2 0.791012 2.4e-05
4 0.386746 0.386762
1 0.262963
3 0.469409 21
3 0.956721 0
2 0.984097 0.000912
3 0.855543 45
2 0.8437 0.000511
3 0.037563 27
1 0.159009
1 0.044118
1 0.094898
0 0.725137 ujlvw
0 0.243666 lglwt
1 0.738694
4 0.556379 0.556471
3 0.916431 3
3 0.953994 32
4 0.629356 0.629412
0 0.579377 xkcam
1 0.778111
1 0.376414
4 0.608139 0.608161
3 0.136921 5
4 0.391968 0.391985
0 0.03006 jdjhq
4 0.716521 0.716613
4 0.209959 0.210053
0 0.730166 tmzhs
2 0.954941 0.000225
0 0.091863 nclwz
0 0.01013 dexsu
2 0.206417 0.000517
4 0.863068 0.863096
1 0.824234
4 0.85273 0.852753
4 0.199532 0.199558
1 0.154473
3 0.006658 38
1 0.77999
3 0.773886 8
3 0.300369 44
0 0.53472 tengw
4 0.108782 0.108871
0 0.933016 zatfm
2 0.006791 0.000686
3 0.013449 25
1 0.309792
3 0.8917 2
4 0.192069 0.192115
1 0.726789
1 0.955273
4 0.015818 0.015905
1 0.911065
1 0.906232
4 0.945247 0.945287
0 0.212417 yimtd
3 0.570376 17
3 0.49463 38
2 0.263629 0.000289
4 0.555572 0.555607
3 0.576877 41
3 0.223316 37
3 0.319124 19
2 0.264372 0.000261
2 0.476789 4.4e-05
0 0.206331 ehuzl
0 0.62334 urrac
1 0.44015
3 0.53577 42
1 0.275438
1 0.346304
3 0.343751 8
0 0.394364 jqrcr
2 0.525037 0.000445
1 0.137875
0 0.537117 zjeoo
1 0.867775
3 0.295332 16
4 0.157989 0.158018
2 0.635647 0.000416
2 0.883915 0.000492
0 0.193085 guoxr
4 0.622236 0.622298
0 0.250938 zcuys
1 0.313207
2 0.461741 0.000125
4 0.61973 0.619784
1 0.771729
2 0.24886 0.000644
4 0.422485 0.422566
4 0.330204 0.330259
3 0.068023 4
1 0.291985
1 0.050044
1 0.673477
1 0.850843
1 0.994225
3 0.820819 16
3 0.984668 46
3 0.752016 25
2 0.599762 6.6e-05
0 0.664493 tulph
2 0.662631 0.000374
3 0.584394 1
2 0.435238 0.000569
2 0.115641 0.000388
3 0.285169 8
1 0.714304
2 0.440698 0.000462
1 0.976472
1 0.669424
3 0.901979 47
1 0.743343
3 0.882758 12
1 0.398484
3 0.106071 37
0 0.541309 sxcrh
3 0.531758 15
0 0.711535 ycpwn
2 0.575968 0.000111
2 0.470059 0.000806
0 0.869169 enytd
0 0.786009 gzugx
2 0.775296 0.00041
2 0.497128 0.000297
4 0.90317 0.903224
4 0.374012 0.37403
1 0.360423
4 0.505339 0.505384
0 0.968778 hcced
4 0.999651 0.999684
2 0.685303 0.000905
0 0.419065 lvery
4 0.264943 0.264981
3 0.155308 6
2 0.515731 0.000232
1 0.261676
0 0.785809 amhqh
3 0.725627 15
0 0.927282 vthct
1 0.47677
2 0.477965 0.000714
0 0.22608 hbgpc
0 0.190782 dmput
2 0.587534 0.000321
1 0.723301
3 0.91035 24
3 0.773049 46
1 0.016462
1 0.809788
4 0.22815 0.228206
1 0.807336
4 0.599254 0.599346
1 0.027629
3 0.142409 31
4 0.883499 0.883566
0 0.866567 tbkvr
4 0.360541 0.360611
4 0.69651 0.696521
0 0.774192 wzxzy
0 0.410667 sskhi
2 0.59904 2.3e-05
4 0.484288 0.484379
3 0.877401 9
4 0.0078 0.00788
2 0.925022 0.000314
2 0.652033 0.00058
2 0.52654 0.000409
0 0.337953 jrkah
0 0.553348 ynswd
3 0.896584 22
4 0.960445 0.960533
1 0.090625
3 0.479604 42
0 0.647989 axxlm
2 0.834644 9e-05
1 0.029779
0 0.735891 fbedd
0 0.130712 uuitn
0 0.255582 diksu
1 0.362744
2 0.106936 0.000953
3 0.400742 43
2 0.946873 0.000186
3 0.524807 17
4 0.908144 0.908224
1 0.555208
0 0.765358 gjysl
2 0.683279 0.000158
2 0.976177 0.00026
3 0.741869 48
1 0.336389
0 0.889042 likev
0 0.544437 vwivt
3 0.581341 9
1 0.839302
0 0.266328 sjpqy
3 0.789684 14
4 0.126073 0.126127
1 0.087257
0 0.273368 pipfk
3 0.304821 30
4 0.93348 0.933551
3 0.260725 1
4 0.706481 0.706561
2 0.832497 0.000103
1 0.262061
0 0.754747 qsyqi
4 0.723684 0.7237
2 0.350549 8.2e-05
4 0.165794 0.165849
1 0.046028
2 0.899887 0.000268
0 0.51439 iceib
1 0.057106
0 0.985051 mfbrf
2 0.421338 0.0005
1 0.142383
1 0.11457
2 0.076195 0.000826
3 0.638575 13
2 0.953195 7.8e-05
2 0.542638 7.7e-05
2 0.487423 0.000221
3 0.544529 28
1 0.907155
3 0.26042 20
3 0.30392 6
1 0.730673
2 0.498185 0.00022
0 0.45777 hqwwb
1 0.973981
1 0.198489
1 0.578999
4 0.522285 0.522362
3 0.395019 31
4 0.437962 0.437963
1 0.934947
3 0.811543 14
1 0.640722
1 0.004966
2 0.530272 0.000113
2 0.847514 0.000456
1 0.054971
4 0.663124 0.663136
0 0.242123 fahsl
4 0.884742 0.884757
3 0.498029 12
1 0.825924
3 0.35496 46
0 0.94148 nqscu
1 0.194989
0 0.587553 agnrm
2 0.814917 0.000908
0 0.585432 fimby
3 0.535222 43
0 0.4115 daijw
2 0.505763 0.000369
1 0.285309
2 0.333615 0.00033
3 0.332331 4
1 0.6636
4 0.571933 0.571965
3 0.608906 29
0 0.471803 jhcvo
3 0.420818 42
0 0.505445 hwmqu
4 0.439283 0.439298
2 0.287967 1.9e-05
0 0.951567 cgaer
1 0.197323
4 0.916535 0.916607
2 0.499144 0.000322
2 0.436314 0.000464
3 0.941759 0
2 0.170828 1.5e-05
4 0.233572 0.233671
3 0.183943 25
2 0.485178 0.000835
4 0.644327 0.644331
2 0.358002 0.000975
2 0.645075 0.000645
3 0.433397 32
2 0.010213 0.00028
2 0.420263 0.000704
3 0.452334 11
3 0.923688 35
2 0.715713 8e-05
4 0.459305 0.459364
2 0.91985 0.000938
1 0.669977
0 0.383916 gqjfq
1 0.169975
4 0.478826 0.478885
3 0.253531 17
4 0.393744 0.393786
4 0.76753 0.767596
2 0.357962 0.000168
2 0.917221 0.000105
4 0.637159 0.637257
2 0.493341 0.000467
3 0.730363 34
1 0.900338
3 0.242952 47
3 0.012835 16
2 0.40658 0.00056
3 0.690462 29
0 0.048424 jewkn
2 0.13165 0.000938
4 0.320316 0.320415
4 0.575896 0.575959
0 0.856374 xbxyf
4 0.366069 0.366095
1 0.629982
2 0.75826 0.000961
2 0.323037 0.000108
4 0.805035 0.805047
4 0.440544 0.440558
4 0.307506 0.307588
4 0.128935 0.128966
4 0.6103 0.610305
2 0.95093 0.000332
0 0.770419 stukv
0 0.195906 mzfyp
0 0.038325 empkl
3 0.408213 29
1 0.53241
2 0.827602 9.4e-05
2 0.598021 0.000293
4 0.287771 0.287862
0 0.475956 pelqx
2 0.701822 0.00011
2 0.499048 0.000853
1 0.603781
2 0.740722 0.0008
1 0.599401
2 0.848793 0.000118
1 0.15524
3 0.688799 33
4 0.976571 0.976595
0 0.452527 fbynx
2 0.884039 0.000483
4 0.383088 0.383177
3 0.503221 16
0 0.857021 udrfr
1 0.714085
2 0.867071 0.000618
3 0.843642 45
0 0.812521 rewma
1 0.910777
1 0.474553
3 0.313438 21
3 0.686812 23
1 0.290657
3 0.81068 31
3 0.938432 2
3 0.991636 46
0 0.482606 lrmhv
2 0.380467 0.000258
4 0.849092 0.849168
1 0.099195
4 0.518145 0.518195
3 0.426968 6
3 0.894636 37
4 0.076389 0.07646
3 0.320112 9
4 0.603983 0.604049
3 0.248726 34
4 0.403855 0.403937
1 0.986113
3 0.959643 41
1 0.57519
3 0.921566 40
1 0.348534
3 0.742374 20
2 0.432008 0.000168
1 0.037768
2 0.276359 0.000286
3 0.525085 21
2 0.445292 0.000155
0 0.947757 ocxup
4 0.643543 0.643585
0 0.508429 jeyam
3 0.719191 36
4 0.273311 0.273386
0 0.39795 ztvbn
3 0.657984 39
0 0.143544 klirm
0 0.373996 hukbw
3 0.345153 8
4 0.637745 0.637766
4 0.206695 0.206766
0 0.817083 ncuoe
3 0.632061 3
3 0.937075 2
4 0.401983 0.402075
1 0.375321
2 0.684811 0.000611
4 0.057799 0.057816
2 0.182323 0.000862
1 0.370464
0 0.172344 tsneo
4 0.733732 0.733799
0 0.670807 rboyt
4 0.748241 0.7483
0 0.174685 skomw
1 0.860861
1 0.884315
3 0.219012 9
2 0.780471 0.000632
1 0.767186
4 0.06033 0.060426
3 0.344101 2
3 0.546364 2
4 0.810957 0.81102
0 0.501995 kjxpz
3 0.833872 26
3 0.069165 38
0 0.781715 mgawk
0 0.781546 duilv
2 0.554346 0.000435
0 0.164903 cpurq
0 0.63232 vaiir
2 0.777055 0.000889
1 0.509385
2 0.29586 1.7e-05
1 0.063235
4 0.154636 0.154674
0 0.165071 hqvlx
0 0.240797 wwomo
2 0.746917 0.000959
0 0.482806 pqphb
0 0.471529 yddqh
0 0.57472 iodyx
0 0.639755 cuzdw
4 0.277328 0.277413
1 0.760134
2 0.422569 0.00038
4 0.206072 0.206134
1 0.944733
3 0.622539 33
1 0.647587
3 0.087448 19
4 0.486406 0.486445
1 0.126161
1 0.806918
3 0.814972 44
4 0.608652 0.608733
1 0.368786
0 0.298312 wfiya
1 0.643057
3 0.068516 10
3 0.459986 39
4 0.148825 0.148842
0 0.433387 sdplp
3 0.240964 27
1 0.65898
1 0.362372
2 0.302627 0.000205
0 0.784449 gazrc
0 0.157814 upqmm
2 0.152332 0.000211
2 0.917043 0.000895
4 0.806758 0.806817
3 0.581612 41
0 0.943984 kxplf
2 0.451979 0.000234
1 0.013057
4 0.07159 0.071615
1 0.343561
3 0.54843 0
1 0.240641
3 0.855146 36
4 0.661905 0.661953
2 0.243517 0.000939
2 0.94179 4.2e-05
2 0.74309 0.000401
1 0.542324
2 0.28853 0.000224
3 0.355355 32
1 0.624774
2 0.117233 0.000877
0 0.174926 occof
0 0.839797 xuwlb
4 0.178753 0.178827
1 0.937874
0 0.256623 octqj
1 0.239238
2 0.00401 0.000115
3 0.695288 39
2 0.753941 0.000419
1 0.956876
4 0.968299 0.968344
1 0.83991
4 0.324968 0.325031
0 0.800766 uahdp
0 0.830111 xhbdk
2 0.909695 0.000264
3 0.839219 5
4 0.799985 0.800018
3 0.598797 48
1 0.219892
1 0.050066
3 0.648803 24
4 0.380801 0.380861
4 0.727264 0.727268
0 0.312966 xafdt
3 0.279687 46
2 0.596024 7.9e-05
3 0.397013 12
0 0.037911 dypnv
0 0.061716 abila
0 0.929131 qzmqu
3 0.391294 12
1 0.189816
3 0.586828 39
1 0.14429
1 0.936515
3 0.033125 40
0 0.113122 lvvbk
2 0.325203 0.000232
0 0.157919 fqsty
4 0.129622 0.129712
1 0.114861
3 0.439572 14
3 0.981173 36
1 0.604579
4 0.145991 0.145993
0 0.467797 josag
2 0.84882 0.000912
2 0.621932 0.000958
2 0.751555 4.8e-05
0 0.382768 rwyyw
1 0.448401
0 0.995587 lfpjk
3 0.480037 35
0 0.181623 xapqy
2 0.123478 0.000854
2 0.760526 0.000546
2 0.230196 0.000458
2 0.644074 0.000434
3 0.092476 44
2 0.661808 1.7e-05
3 0.500195 20
3 0.980232 5
4 0.678207 0.678268
3 0.225002 31
0 0.39373 fuknk
4 0.179235 0.179283
3 0.339661 32
3 0.886805 48
0 0.461681 cqqdr
3 0.285285 35
4 0.02664 0.026706
4 0.936722 0.9368
1 0.283438
4 0.394925 0.394982
1 0.611873
2 0.164217 0.000255
0 0.112707 loxgv
0 0.464847 ykvgb
4 0.743483 0.743541
3 0.165679 32
3 0.342467 20
2 0.737393 0.00098
0 0.865618 xssip
4 0.925768 0.925832
2 0.506789 0.000166
4 0.955992 0.956091
1 0.180368
2 0.200365 0.000851
2 0.66024 0.000883
1 0.783694
0 0.883681 mtbry
1 0.936051
0 0.239876 gyzul
0 0.532394 lsluz
1 0.319339
4 0.275201 0.275251
0 0.223552 fjrmg
1 0.757358
2 0.719301 0.000851
2 0.935703 0.000464
3 0.909798 16
1 0.590083
3 0.038044 29
3 0.782757 45
1 0.102096
4 0.253248 0.253347
1 0.4768
3 0.782021 49
0 0.634895 cixjx
2 0.599869 0.000407
0 0.509668 eadtl
0 0.882318 djpsl
3 0.450064 32
0 0.798447 jcskl
4 0.781818 0.78191
1 0.31722
3 0.62962 32
1 0.254099
1 0.438406
2 0.063155 0.000623
2 0.92352 0.000288
3 0.553485 5
0 0.66025 zoowu
4 0.257251 0.257292
3 0.456465 13
3 0.602437 45
0 0.209683 kbuul
2 0.455274 0.000946
4 0.124915 0.124996
4 0.24462 0.244718
1 0.162772
0 0.842152 scypj
3 0.459525 49
2 0.061963 0.000995
4 0.787998 0.788038
1 0.69487
0 0.289247 nyhwd
1 0.070884
4 0.693176 0.693246
4 0.343046 0.343121
3 0.24024 23
3 0.166574 14
4 0.239659 0.23968
2 0.207534 0.000561
0 0.902405 owgfz
0 0.684349 eizlc
2 0.500184 0.000637
0 0.740424 oybrm
0 0.318486 jbvcc
0 0.3692 khkuj
3 0.408334 0
0 0.562737 gbalw
1 0.858201
0 0.997982 zjitw
2 0.723227 0.000261
2 0.564491 0.000226
4 0.796856 0.796887
0 0.520841 hihav
0 0.300814 gahds
3 0.27429 42
0 0.050639 axpni
0 0.370479 ldjcx
1 0.889694
1 0.882604
4 0.018395 0.018442
4 0.319209 0.319218
2 0.737801 0.000879
2 0.502511 0.000291
3 0.641223 20
2 0.964292 7.7e-05
2 0.334772 7.4e-05
0 0.670917 jalai
2 0.0959 0.00042
1 0.472091
1 0.815947
4 0.848134 0.848212
1 0.862728
0 0.746471 pqgtm
3 0.739371 39
2 0.208798 0.000891
0 0.047078 xamrp
2 0.68654 4.1e-05
3 0.796874 39
2 0.645008 0.000167
4 0.024089 0.024108
2 0.008813 0.000432
3 0.367107 39
3 0.106479 30
1 0.315277
2 0.542311 0.000355
0 0.874626 uyvsj
0 0.965869 blrqy
4 0.285667 0.285686
4 0.653254 0.65328
4 0.085723 0.085728
4 0.754006 0.754088
3 0.296317 39
4 0.687295 0.687348
2 0.718777 0.000425
2 0.713652 0.000294
4 0.487868 0.487898
4 0.962603 0.962677
0 0.438558 exgal
4 0.018032 0.018082
0 0.772038 zwviw
3 0.972079 14
2 0.604504 0.000183
1 0.719151
2 0.741356 0.000281
3 0.703959 7
3 0.65887 10
4 0.338168 0.338188
4 0.427599 0.427603
4 0.972889 0.972932
3 0.352065 2
4 0.06584 0.065897
0 0.608456 drmer
4 0.761153 0.761246
3 0.347043 15
1 0.018305
3 0.155776 9
4 0.957032 0.957047
0 0.013975 fcavd
2 0.767915 0.00059
4 0.649317 0.649399
1 0.24987
1 0.75984
1 0.927029
0 0.852102 dukij
1 0.465941
4 0.886518 0.886574
4 0.416846 0.416857
2 0.621528 0.000833
1 0.256215
1 0.804913
1 0.051418
0 0.688603 utxqb
0 0.967503 xxxud
1 0.938306
1 0.589922
4 0.314232 0.314252
2 0.92807 0.000648
1 0.399646
1 0.294312
2 0.470801 0.000267
0 0.384277 kcpxq
0 0.006622 jxvrk
0 0.446767 dbrtt
2 0.611096 0.000672
3 0.07136 28
2 0.583042 0.000131
4 0.94507 0.945131
1 0.389795
1 0.179438
0 0.058019 fnmhs
1 0.590678
1 0.879551
2 0.294374 0.000836
2 0.441613 0.000932
4 0.989716 0.989808
0 0.864835 edzxr
2 0.581904 0.000311
2 0.416631 0.00033
1 0.921153
4 0.788572 0.788592
2 0.895602 6e-06
4 0.07849 0.078522
0 0.355793 sogbq
2 0.985823 0.000193
1 0.063493
2 0.448749 0.0006
4 0.906431 0.906503
4 0.299268 0.299364
4 0.4427 0.442799
2 0.982036 0.000841
0 0.953857 bakjk
1 0.971069
1 0.124148
3 0.851735 41
1 0.915228
1 0.804281
0 0.543872 jakkc
2 0.452681 0.000752
4 0.434717 0.43481
1 0.904926
0 0.995416 acorm
2 0.261452 0.000359
4 0.504145 0.504236
2 0.930936 0.000172
0 0.474808 ulmli
1 0.34025
4 0.855803 0.855822
4 0.329884 0.329925
0 0.12258 eysst
1 0.569533
4 0.127449 0.127486
2 0.261621 0.000322
1 0.139209
2 0.566807 0.000778
4 0.559286 0.559366
1 0.415089
2 0.98434 0.000765
0 0.926427 hvhmc
0 0.582486 ijbjl
3 0.551866 35
1 0.061759
0 0.896695 qujze
4 0.119293 0.119351
0 0.148059 lsbee
2 0.202191 0.00089
3 0.163881 4
4 0.197014 0.19708
4 0.265232 0.265284
0 0.326991 uuaiv
2 0.461878 0.00025
1 0.293836
2 0.927115 0.000796
1 0.684642
1 0.088492
2 0.656116 0.000373
3 0.57092 40
4 0.020285 0.020309
3 0.886532 16
2 0.165827 0.000226
2 0.134575 0.000988
2 0.512825 0.000396
1 0.833975
3 0.282962 48
3 0.169263 5
1 0.257756
4 0.240048 0.240129
2 0.32732 0.000573
3 0.863957 48
2 0.266842 0.000566
1 0.432669
2 0.715675 0.000596
2 0.142653 0.000421
4 0.379819 0.379867
4 0.179133 0.17918
2 0.348397 0.000402
4 0.122505 0.122513
2 0.665338 0.000615
4 0.784461 0.784475
2 0.050444 8e-05
1 0.999465
4 0.209551 0.209612
1 0.868556
4 0.466237 0.466264
3 0.543982 11
0 0.312326 itium
4 0.112805 0.112812
4 0.319421 0.319473
1 0.781935
2 0.010617 1.5e-05
3 0.010082 39
1 0.093143
3 0.70594 27
0 0.470667 saajs
3 0.214526 46
0 0.471718 ugjzf
2 0.023415 0.00012
1 0.034032
2 0.345266 0.000114
2 0.666297 0.000609
0 0.372237 ezjsg
0 0.952193 fayay
2 0.850697 0.000996
0 0.281922 ekoza
3 0.048204 19
0 0.701813 adqpi
3 0.294191 37
1 0.595769
3 0.202868 45
2 0.390363 0.000845
3 0.803383 36
1 0.865289
0 0.214579 ujipz
1 0.625546
0 0.027538 mtvtr
0 0.738085 sxujh
2 0.988094 0.000301
3 0.307829 40
4 0.68947 0.689555
1 0.366803
2 0.899025 0.000742
4 0.554316 0.554357
2 0.098206 0.000384
3 0.632555 30
3 0.461095 15
1 0.401756
2 0.144244 0.000213
0 0.648691 piswu
3 0.838332 18
4 0.214241 0.214325
1 0.524882
1 0.328234
1 0.93284
0 0.230848 shzzm
3 0.258895 9
3 0.423938 27
0 0.896811 wlsjk
4 0.874099 0.874134
0 0.044884 migxt
4 0.80424 0.804286
4 0.742477 0.742539
2 0.598823 0.000245
3 0.873734 45
3 0.994512 5
4 0.778298 0.778396
0 0.369429 qwtlg
2 0.212129 0.000114
4 0.055579 0.055591
1 0.376171
3 0.47282 1
2 0.854998 0.000824
4 0.012423 0.012482
4 0.593786 0.593809
1 0.272897
3 0.798854 48
0 0.558735 juytc
4 0.720923 0.721014
0 0.097095 wkuod
2 0.581043 0.000405
3 0.18661 44
1 0.728933
2 0.637679 0.000155
2 0.436534 0.000104
3 0.511621 18
3 0.907826 12
4 0.84264 0.842726
0 0.4991 bzarf
0 0.464401 ctrib
1 0.510638
2 0.449223 0.000794
0 0.402109 zqehy
1 0.063583
4 0.664196 0.664265
4 0.679648 0.67965
4 0.340733 0.340764
4 0.0188 0.018832
2 0.242624 0.000317
4 0.605993 0.606054
2 0.540136 0.000702
3 0.096775 17
0 0.728344 ygpse
3 0.005694 31
0 0.235584 rcjdk
2 0.893242 0.000383
1 0.015587
4 0.521625 0.521635
0 0.720799 yeofw
0 0.248666 rtrls
4 0.25315 0.253201
3 0.368616 34
3 0.535586 0
0 0.94518 bdmtr
0 0.230761 ooaka
3 0.389929 45
0 0.27683 cfqos
3 0.607557 12
3 0.133705 48
0 0.462063 iscde
2 0.93563 0.000997
2 0.643825 0.000335
1 0.307003
3 0.648567 48
0 0.925397 ukxsc
0 0.172242 bdpuu
2 0.43002 0.000829
3 0.367267 10
2 0.298247 0.000637
2 0.040533 0.00064
2 0.205452 0.000841
3 0.647201 33
2 0.777483 0.000907
1 0.966648
0 0.683591 eoabx
3 0.815454 2
2 0.869304 0.00072
4 0.894151 0.89417
1 0.078333
4 0.848344 0.848384
1 0.390537
0 0.686857 umkli
0 0.05452 rbtbz
2 0.479256 0.000775
4 0.713511 0.71359
1 0.771225
2 0.487875 0.000929
0 0.322079 kedol
3 0.985634 13
0 0.895014 bvtyt
1 0.941446
4 0.3275 0.327555
0 0.551932 gruvx
2 0.357218 0.000479
2 0.235306 0.000993
2 0.800251 0.000628
1 0.829536
2 0.622225 0.000514
4 0.708326 0.708344
1 0.410907
3 0.161534 48
0 0.498241 knppq
2 0.764632 7.6e-05
2 0.486463 0.000518
3 0.292457 20
4 0.084085 0.084173
3 0.770727 16
2 0.923257 0.000792
2 0.012273 5.1e-05
2 0.690159 0.000499
3 0.188401 47
2 0.233906 0.000425
4 0.31455 0.314607
2 0.752412 0.00052
0 0.941933 vyuzb
2 0.64304 0.000751
2 0.855279 0.000376
0 0.094367 wkabr
4 0.513194 0.513243
1 0.827744
1 0.577053
4 0.953479 0.953535
2 0.498456 0.000379
1 0.643871
4 0.237511 0.237524
4 0.646698 0.646762
3 0.501977 40
3 0.112696 27
0 0.59935 kitfo
3 0.543959 35
1 0.15682
4 0.882749 0.882811
2 0.02848 0.00076
3 0.403175 21
3 0.457299 19
4 0.382349 0.382448
1 0.231672
2 0.898944 0.000825
3 0.101964 2
0 0.818178 annxq
4 0.964452 0.964458
3 0.945036 1
3 0.864307 10
4 0.946629 0.946715
3 0.04728 3
3 0.260627 49
3 0.589677 13
2 0.553094 0.000841
2 0.077199 0.000331
2 0.255398 0.000992
0 0.316346 sgaas
0 0.782611 qaose
2 0.018801 0.00092
2 0.894852 0.000725
4 0.356515 0.356547
1 0.636357
1 0.806175
0 0.455128 khxqn
4 0.300046 0.300098
1 0.231128
1 0.079033
4 0.940808 0.940892
1 0.233681
2 0.749676 0.000533
0 0.487401 smfls
4 0.204455 0.204546
1 0.98286
3 0.968091 30
4 0.364344 0.364397
4 0.575912 0.575951
3 0.51672 23
0 0.750401 qcmec
1 0.03116
4 0.258091 0.258117
3 0.789009 35
3 0.381501 26
0 0.868264 uhdgd
4 0.507775 0.50784
2 0.024496 0.00034
4 0.774897 0.774949
3 0.345184 5
2 0.911237 6.7e-05
1 0.169328
0 0.35448 clmkw
0 0.724455 zpgdi
4 0.731817 0.731833
1 0.756313
1 0.924743
2 0.276608 0.000963
3 0.588515 25
0 0.753695 qcocq
0 0.313769 kupep
1 0.594789
4 0.045453 0.045458
2 0.318118 0.000913
2 0.365681 0.000873
0 0.791131 tnvor
0 0.221555 goidv
4 0.389115 0.389153
1 0.247253
0 0.593074 jpgyq
3 0.642664 16
1 0.847537
3 0.662515 28
1 0.273982
4 0.247577 0.247646
4 0.274918 0.274928
4 0.08562 0.085716
3 0.991087 36
1 0.754692
1 0.009531
4 0.952752 0.952815
0 0.010487 hjznl
4 0.68766 0.687729
2 0.477994 0.000623
4 0.181167 0.18124
1 0.570477
1 0.708735
4 0.417607 0.41765
2 0.357863 0.000426
3 0.826967 39
1 0.837454
3 0.759682 10
0 0.593721 isdud
1 0.733772
3 0.632203 26
3 0.20392 5
4 0.429007 0.429029
3 0.07055 29
3 0.237977 24
0 0.602518 ianez
3 0.288263 5
0 0.906006 kxlxh
3 0.048994 16
3 0.354451 35
2 0.221473 1.5e-05
3 0.921104 8
2 0.050079 0.00052
0 0.468586 izulp
2 0.738969 0.000538
0 0.02684 aqoiw
4 0.102077 0.102083
2 0.323551 0.000821
2 0.244655 0.000282
4 0.811086 0.811088
1 0.796025
4 0.887745 0.887798
3 0.893498 47
2 0.860036 0.000648
1 0.078221
3 0.401618 23
4 0.149244 0.149288
4 0.767674 0.767676
3 0.607577 25
0 0.852232 ngzxr
1 0.102001
3 0.451201 6
3 0.894451 28
1 0.695099
2 0.899102 0.000574
0 0.607478 oooek
1 0.13629
3 0.763451 12
2 0.292109 0.000143
3 0.497273 42
1 0.386044
3 0.53988 39
3 0.360761 40
0 0.776216 uumqi
3 0.453114 6
4 0.589404 0.589443
0 0.902616 lftki
1 0.914333
1 0.456243
1 0.069539
1 0.794812
2 0.389589 0.000904
0 0.165805 zzldd
4 0.48251 0.482567
3 0.071914 48
1 0.490883
4 0.409067 0.409113
1 0.016897
2 0.116235 0.000705
3 0.281758 44
4 0.592923 0.593021
0 0.261179 geqtz
3 0.939239 44
0 0.476848 rwkgb
3 0.452638 6
1 0.784451
3 0.445452 38
4 0.554727 0.554813
0 0.815906 fypxu
4 0.945854 0.945945
4 0.422702 0.422801
0 0.664351 hhwhd
0 0.612094 qiswj
4 0.54272 0.542807
3 0.14677 45
4 0.008545 0.008551
1 0.161193
2 0.954755 0.000484
3 0.89381 35
1 0.558161
2 0.333193 0.000717
1 0.22146
4 0.669763 0.669848
0 0.040801 kwahd
3 0.031514 30
2 0.556412 0.000786
3 0.717605 6
1 0.780089
4 0.803351 0.803428
0 0.361512 xazlc
0 0.273371 wbpab
1 0.580188
2 0.495006 0.00072
4 0.189144 0.189149
1 0.536
1 0.615217
2 0.677397 0.000494
2 0.555261 0.00088
0 0.984842 bgdgd
1 0.822667
4 0.479794 0.479856
4 0.817872 0.817874
3 0.82923 24
4 0.018375 0.018455
0 0.070727 wkoyg
4 0.702137 0.702192
1 0.68698
3 0.908353 35
3 0.011121 36
1 0.209685
2 0.92072 0.000141
0 0.025575 oltpx
4 0.614202 0.614244
1 0.37323
3 0.319232 4
4 0.432184 0.432185
4 0.857091 0.857127
0 0.868212 yflqy
0 0.161312 fpltt
2 0.518424 0.000341
4 0.207132 0.207155
4 0.042716 0.042795
4 0.580438 0.580529
4 0.321491 0.321583
0 0.240328 oqeda
3 0.402001 29
2 0.561046 0.000976
2 0.860241 0.000115
1 0.378666
3 0.681547 0
1 0.565421
2 0.053463 0.00097
2 0.180054 0.000905
3 0.484546 32
3 0.573031 22
0 0.841561 ynwqc
4 0.626268 0.626271
0 0.394383 hbumo
0 0.563414 yhfuw
2 0.160747 4.3e-05
1 0.353445
1 0.738987
1 0.052511
0 0.784502 docrv
1 0.488838
4 0.74605 0.746081
0 0.803325 cvqvq
2 0.816977 0.000889
2 0.739605 0.000817
3 0.102106 30
1 0.929669
2 0.213623 0.000523
4 0.517134 0.517228
2 0.518199 0.000152
2 0.079133 0.000202
4 0.818438 0.818517
2 0.397333 0.000647
2 0.573827 0.00056
1 0.911069
4 0.464811 0.464897
3 0.083269 19
4 0.012938 0.012949
4 0.759814 0.759906
0 0.401108 gzcqa
4 0.324875 0.324933
3 0.770768 48
1 0.420253
4 0.62484 0.624864
2 0.870079 0.000777
4 0.930098 0.930101
4 0.857409 0.857461
3 0.009601 37
3 0.559068 24
3 0.510999 42
4 0.835874 0.835874
3 0.616643 44
1 0.305641
1 0.497971
2 0.635908 0.000795
1 0.505987
3 0.142905 35
3 0.667185 46
3 0.951278 0
0 0.152832 cjhqe
4 0.274445 0.274486
2 0.891088 0.000785
0 0.713081 imktl
1 0.697101
1 0.272804
4 0.13214 0.132229
2 0.408346 0.000145
3 0.239109 42
3 0.67768 30
2 0.952125 0.000221
4 0.359565 0.359624
1 0.588998
2 0.623247 0.000628
1 0.347733
2 0.72278 0.000145
1 0.372319
2 0.39732 0.000408
0 0.321291 lhjbk
3 0.609088 30
2 0.077565 0.000653
3 0.953483 12
4 0.058833 0.05891
1 0.113462
0 0.972806 subpx
3 0.185344 15
0 0.022987 likyz
2 0.937612 0.000189
4 0.53153 0.531573
4 0.485013 0.485068
3 0.543846 34
4 0.17366 0.1737
1 0.046462
0 0.318486 twlrc
1 0.04894
1 0.19989
0 0.117826 kjgxt
2 0.154046 0.00029
0 0.214244 xidjw
0 0.774894 rsiyq
0 0.149957 zunfm
2 0.719036 0.000796
2 0.63933 0.000829
1 0.157659
2 0.544911 0.000145
4 0.249986 0.25005
1 0.030452
4 0.224691 0.224789
3 0.925679 30
3 0.104389 17
2 0.267455 0.00087
1 0.385017
4 0.984746 0.984751
0 0.037285 tpyao
3 0.176892 45
1 0.730456
1 0.09796
0 0.955609 xqbxv
3 0.138898 29
4 0.523915 0.52401
0 0.144321 mgxle
4 0.903471 0.903503
2 0.155017 0.000788
0 0.222643 wlnjs
2 0.069553 0.000855
4 0.501462 0.501547
2 0.518593 0.000809
3 0.825241 32
1 0.746849
2 0.397353 0.000599
3 0.251509 20
0 0.282558 mjwrn
4 0.1721 0.172137
0 0.970467 hulck
1 0.83445
1 0.814311
1 0.90616
2 0.40654 0.0005
2 0.717139 0.000653
2 0.447561 0.000439
0 0.816649 jeucs
4 0.59888 0.598904
4 0.204699 0.204726
3 0.738321 27
2 0.552633 0.000568
2 0.876592 0.00046
2 0.597905 0.000951
1 0.087079
2 0.472007 0.000811
3 0.848723 10
2 0.251818 0.000857
2 0.36705 0.000182
3 0.263972 40
1 0.960399
4 0.793092 0.79312
1 0.862077
3 0.94863 22
3 0.747193 27
4 0.602761 0.602819
4 0.074768 0.074837
2 0.439843 0.000129
0 0.691661 bnrpr
1 0.137013
0 0.799435 ehuej
2 0.673526 0.000226
3 0.937071 3
4 0.056184 0.056195
3 0.121408 47
2 0.354733 0.000809
3 0.751154 22
1 0.945713
0 0.904739 ihhod
1 0.207373
1 0.861544
4 0.252401 0.252416
4 0.809686 0.809785
2 0.852794 0.000103
0 0.025592 tofkz
3 0.754636 43
1 0.463897
4 0.821291 0.821336
3 0.607813 9
0 0.331538 gbymz
4 0.285925 0.285958
2 0.655071 0.000389
4 0.197016 0.197108
3 0.610045 4
0 0.774229 evhqo
1 0.237234
3 0.345934 45
0 0.677472 eugwt
2 0.093349 0.000236
1 0.425886
0 0.589969 donal
2 0.2032 0.000244
2 0.858624 0.000365
3 0.816004 1
4 0.230654 0.23073
4 0.996823 0.996861
3 0.913125 47
4 0.350713 0.350783
1 0.81169
0 0.488212 iwyuh
2 0.441854 0.00088
1 0.594261
0 0.284479 gbajq
1 0.858121
1 0.752397
4 0.862816 0.862912
3 0.21353 17
2 0.02522 0.000174
1 0.943232
0 0.362756 werfe
4 0.049787 0.0498
3 0.066394 24
1 0.096341
2 0.303954 0.000815
3 0.838736 0
0 0.60108 pxuzv
1 0.93284
4 0.099557 0.099625
2 0.555083 0.000576
3 0.604871 41
4 0.187617 0.187632
0 0.283958 ohvas
0 0.562093 mlxno
0 0.047156 fghwd
0 0.29946 koent
4 0.420599 0.4206
4 0.220909 0.22092
1 0.492035
0 0.491421 smxsx
1 0.656876
1 0.757932
3 0.349674 29
4 0.90635 0.906396
1 0.534461
4 0.369259 0.369354
3 0.678474 44
2 0.49367 0.000303
3 0.118803 38
3 0.126576 35
4 0.443708 0.443725
0 0.779376 tfqic
4 0.941178 0.941198
0 0.113269 ccjuy
2 0.210428 0.00041
0 0.845584 isoiy
2 0.021187 0.00052
1 0.555413
3 0.753773 31
0 0.999905 albff
4 0.237673 0.237758
4 0.954431 0.954522
1 0.681212
3 0.377634 46
4 0.23754 0.237596
4 0.43024 0.43025
1 0.026112
4 0.469144 0.469156
2 0.928276 0.000714
2 0.524049 0.000821
4 0.23979 0.239884
4 0.993816 0.993847
0 0.948247 xmvve
2 0.643034 0.000603
4 0.535578 0.535673
1 0.180315
1 0.497368
2 0.325437 0.000932
3 0.385259 32
0 0.169105 rfkji
0 0.299472 wszco
0 0.124376 uacdm
2 0.18117 6.7e-05
2 0.060604 0.000505
4 0.464087 0.464151
3 0.623712 19
1 0.293506
0 0.046987 mllhx
4 0.144563 0.144593
4 0.785291 0.785376
0 0.140898 hjxrx
2 0.442023 0.000144
1 0.90611
3 0.641227 24
4 0.72117 0.72125
4 0.284509 0.284588
1 0.147321
3 0.055359 20
3 0.728542 9
2 0.182427 0.000436
0 0.3115 puxdb
0 0.144932 mcajf
4 0.275866 0.275905
0 0.419519 ugflw
3 0.836794 46
0 0.98123 nfkms
2 0.8948 0.000497
3 0.970432 29
4 0.687292 0.687379
1 0.125322
1 0.285477
3 0.551097 49
1 0.874202
0 0.18901 bmwfi
2 0.741642 0.000133
2 0.281785 0.00016
0 0.692937 fictl
4 0.708973 0.709059
3 0.445352 16
3 0.996449 15
4 0.387003 0.3871
2 0.753614 0.00075
1 0.01817
2 0.910585 0.000813
2 0.626563 0.00095
2 0.125245 0.000373
2 0.243747 0.0004
1 0.95272
4 0.839016 0.839088
2 0.744621 0.000873
4 0.884301 0.88433
1 0.729343
3 0.796823 41
3 0.49883 29
3 0.869322 42
1 0.989974
2 0.703721 0.000635
2 0.650683 0.000382
0 0.981011 erbfg
0 0.235752 klpbg
3 0.495416 40
4 0.510598 0.510667
2 0.37992 0.000763
3 0.886246 37
4 0.583881 0.583965
4 0.525263 0.525297
0 0.935717 gxclr
1 0.225295
3 0.579034 38
2 0.229563 0.000656
2 0.408413 0.000881
1 0.851076
2 0.228772 0.000363
3 0.329005 49
3 0.37062 36
3 0.82269 11
0 0.083286 acvrz
4 0.892273 0.892327
2 0.827929 0.000498
1 0.790536
1 0.033627
2 0.755239 0.000766
2 0.854954 0.00018
4 0.406854 0.406857
0 0.88194 hrhxg
0 0.279892 efllf
4 0.741144 0.741173
3 0.177242 15
1 0.727221
0 0.961201 dydla
1 0.721423
3 0.137653 23
0 0.790259 grbbj
1 0.768808
2 0.740976 0.000108
3 0.23973 23
4 0.780828 0.780883
2 0.239816 0.000726
0 0.900336 xqhlw
0 0.142506 dtjks
2 0.69754 0.000876
1 0.438516
1 0.106231
4 0.071946 0.071984
3 0.556165 16
0 0.03429 cxiez
2 0.735283 0.000744
3 0.467468 2
3 0.701472 39
2 0.749891 0.000638
2 0.567119 0.000504
0 0.844455 ljtfj
4 0.140944 0.141026
1 0.837779
4 0.384483 0.384533
3 0.29575 33
0 0.443721 rpzdv
3 0.121769 19
0 0.688888 zvcum
2 0.936289 0.00013
1 0.990111
2 0.103979 0.000412
4 0.393419 0.393434
0 0.255956 jbata
2 0.694631 0.000248
1 0.688408
3 0.511572 36
2 0.280288 0.000691
2 0.732929 0.000821
3 0.326514 36
0 0.241526 tsgev
2 0.572993 0.000447
1 0.923441
0 0.962877 wehkk
0 0.723891 cmned
3 0.86798 32
2 0.171266 0.000662
0 0.094883 hwded
4 0.142314 0.142349
0 0.086651 cvbxo
0 0.751558 rcgcp
2 0.531224 0.000249
0 0.111198 wawtp
1 0.112021
0 0.582935 gnqpc
1 0.162173
3 0.595098 38
3 0.181561 48
4 0.71483 0.714873
0 0.116079 glqks
3 0.686108 36
1 0.240923
4 0.663059 0.663063
4 0.733755 0.733843
1 0.141826
1 0.79626
4 0.408089 0.408139
2 0.106002 0.000501
3 0.820832 44
3 0.453263 14
3 0.174561 25
0 0.595961 pgvtz
4 0.865364 0.865398
4 0.136252 0.136267
2 0.949243 0.000927
1 0.873685
0 0.098555 byupp
3 0.286487 43
1 0.977401
3 0.614263 12
4 0.295439 0.295453
2 0.339929 0.000248
3 0.476181 15
1 0.941777
0 0.587839 cdtlo
0 0.661077 tildd
3 0.04125 11
0 0.621206 iwhgm
0 0.360855 gswbd
2 0.740176 0.000176
4 0.942923 0.943005
1 0.567928
1 0.035793
4 0.203728 0.203753
2 0.645046 0.000728
0 0.176079 mzvos
4 0.377405 0.377454
4 0.805639 0.805711
1 0.208353
1 0.461559
0 0.886888 xewuu
3 0.017052 4
0 0.389339 qnbxy
4 0.71249 0.712575
0 0.400369 bwyff
2 0.770433 1.7e-05
0 0.55684 dfcfh
4 0.080513 0.080593
0 0.690715 rchyk
4 0.146791 0.146884
4 0.554934 0.554954
0 0.768716 onskf
3 0.386844 22
0 0.931971 pngwq
3 0.584928 44
1 0.322217
3 0.337102 36
3 0.000246 29
4 0.55518 0.555181
1 0.840249
4 0.058295 0.058348
3 0.977077 26
4 0.969051 0.969084
2 0.522979 0.000797
3 0.139562 26
3 0.240843 21
0 0.56306 qnmme
3 0.448795 41
1 0.257018
0 0.346156 roepp
2 0.024533 0.000208
4 0.473039 0.473074
2 0.713882 0.000158
2 0.276942 0.000374
2 0.895591 0.000276
2 0.714621 0.000423
0 0.164552 enkpy
3 0.784554 38
2 0.595051 0.000949
1 0.928528
2 0.341867 0.000568
2 0.501815 0.00045
2 0.179274 0.000745
2 0.711348 0.000336
0 0.581931 qvysp
1 0.743274
4 0.85294 0.853022
0 0.72983 usflt
2 0.256526 0.000188
1 0.274693
3 0.970984 19
0 0.113813 eling
3 0.675209 44
0 0.134085 hkuxk
3 0.194729 42
3 0.492757 18
2 0.419158 0.000311
3 0.390142 30
3 0.503955 48
2 0.166225 0.000601
4 0.715024 0.715035
3 0.810849 48
1 0.91316
1 0.748401
1 0.200187
0 0.602305 ciuwv
4 0.503962 0.504013
4 0.410457 0.410491
3 0.914412 34
2 0.59699 0.000386
1 0.312014
2 0.758615 0.000215
2 0.264913 0.000727
4 0.013314 0.013404
3 0.472797 45
0 0.041667 akswb
1 0.025261
3 0.516145 11
3 0.67493 13
3 0.455316 0
4 0.474499 0.474561
0 0.45448 whqfm
2 0.663891 0.000513
0 0.607185 snuld
4 0.088178 0.08818
4 0.27946 0.279527
4 0.734776 0.734793
3 0.783641 34
1 0.373304
2 0.705576 0.000742
4 0.067998 0.068042
3 0.424316 37
1 0.003601
0 0.473795 owytc
0 0.929226 thepq
3 0.411177 41
0 0.662273 xvkzx
0 0.633835 puhwp
0 0.558509 psdzt
2 0.530052 0.000825
3 0.033698 7
2 0.858914 0.000836
0 0.511464 wzfyp
1 0.348216
4 0.058409 0.058493
4 0.20478 0.204865
4 0.469637 0.469663
0 0.451491 qxkyc
0 0.888628 xsphm
3 0.356053 38
2 0.914169 0.000504
3 0.48893 41
0 0.632054 cyfmh
4 0.723944 0.724009
0 0.332134 rradr
4 0.689268 0.689301
2 0.734893 0.000741
1 0.176534
0 0.822722 sphwe
4 0.19853 0.198597
2 0.844337 0.000941
1 0.568281
1 0.509823
2 0.873939 0.000481
1 0.029396
1 0.41467
2 0.264899 0.00017
2 0.570992 0.000371
1 0.730849
0 0.629187 lssqy
1 0.432537
2 0.409883 0.000371
0 0.436058 ehteo
3 0.525302 15
4 0.008824 0.008902
2 0.884547 0.000826
3 0.582992 15
0 0.109443 jnskw
1 0.473375
4 0.351499 0.351597
4 0.303909 0.303997
1 0.620449
4 0.969285 0.969292
3 0.478052 16
4 0.473082 0.473152
1 0.130909
4 0.608589 0.608663
1 0.234384
0 0.033549 ywrvq
2 0.139803 0.000324
3 0.443713 12
0 0.580514 bflxq
4 0.761759 0.761851
2 0.787355 0.000801
3 0.912296 27
4 0.428763 0.428832
2 0.262002 0.000673
4 0.201999 0.202076
3 0.658584 42
1 0.810704
3 0.746737 13
1 0.367446
3 0.70537 7
0 0.446982 rbyij
2 0.524594 0.000737
3 0.517963 25
0 0.299636 ybnsn
4 0.423432 0.423459
2 0.170169 0.00064
3 0.053968 15
4 0.699525 0.699607
3 0.64879 2
1 0.026704
0 0.848828 izvjw
3 0.885249 5
1 0.622715
2 0.366156 7.4e-05
4 0.249335 0.249377
1 0.097328
2 0.366859 0.000943
1 0.440066
2 0.676928 0.000945
1 0.805878
0 0.809529 iaoyq
1 0.865242
4 0.419458 0.419537
0 0.693885 ovvag
4 0.89065 0.890689
3 0.473387 15
2 0.704914 0.000546
4 0.479497 0.479521
4 0.289026 0.28912
4 0.20052 0.200551
2 0.480911 0.000773
1 0.416722
4 0.788908 0.788915
1 0.897476
1 0.543348
2 0.928755 0.00035
4 0.35539 0.355427
4 0.923444 0.923447
2 0.581795 0.0005
4 0.662919 0.662997
3 0.481885 48
4 0.434837 0.434899
4 0.540473 0.540547
1 0.587067
0 0.847677 tjutx
2 0.537207 0.00072
3 0.698562 48
4 0.823063 0.823115
0 0.269293 boqaw
4 0.81279 0.812869
0 0.896653 mtsbp
4 0.619682 0.619776
0 0.174573 mhohd
4 0.371216 0.371313
3 0.252958 40
2 0.100234 0.000534
1 0.8987
3 0.217979 31
3 0.114632 36
1 0.114704
3 0.035521 45
1 0.451768
0 0.670451 dodpf
3 0.621558 6
3 0.874517 48
1 0.491103
3 0.831734 3
3 0.408797 22
2 0.311753 0.000518
4 0.589648 0.589744
4 0.660556 0.660603
2 0.061683 0.000945
3 0.491592 40
3 0.80605 34
0 0.757998 vmvqe
4 0.736832 0.736848
3 0.417529 38
0 0.245635 wkpni
1 0.865652
3 0.073874 49
3 0.081818 39
1 0.887868
3 0.951002 19
0 0.490228 mzncg
3 0.060628 35
4 0.980409 0.980479
4 0.201232 0.201238
4 0.658515 0.658612
3 0.384798 24
2 0.663128 0.000942
1 0.082359
3 0.593947 13
2 0.834389 0.000452
0 0.324376 uhegc
2 0.312074 0.000446
3 0.970589 46
1 0.871739
0 0.778313 bqcmx
3 0.199644 11
3 0.755937 0
4 0.24784 0.247842
0 0.088569 ryhvq
2 0.12395 0.000902
0 0.610891 ocqfa
4 0.998884 0.998897
4 0.598514 0.598562
3 0.919525 36
3 0.936675 1
3 0.023629 48
4 0.208312 0.208377
3 0.020188 20
0 0.144138 webpe
1 0.957742
1 0.28786
2 0.152056 0.000639
1 0.168556
0 0.991018 fumgl
3 0.311782 11
1 0.696175
1 0.194418
0 0.932906 bqiit
1 0.687479
4 0.330248 0.330335
1 0.401741
3 0.545676 9
3 0.572804 5
4 0.536189 0.536218
2 0.491697 0.000468
3 0.091045 46
0 0.285464 hkvzz
0 0.076117 boxqa
3 0.495621 37
1 0.404733
2 0.07148 0.000538
2 0.607669 1.9e-05
4 0.615719 0.615807
0 0.706764 mpulo
3 0.479557 11
3 0.072027 44
0 0.850766 sgmzk
0 0.157631 bifoo
4 0.916872 0.916934
4 0.981515 0.981594
1 0.525714
4 0.024029 0.024053
3 0.118725 1
2 0.333277 0.000417
1 0.539924
3 0.464561 9
0 0.622192 qxmnp
0 0.436571 hgwsp
0 0.267347 qxzrp
1 0.884842
2 0.292435 0.000611
0 0.832359 mvcgw
1 0.085318
0 0.693988 jskrd
1 0.015006
1 0.256763
0 0.332824 eehuo
2 0.916381 2.7e-05
3 0.075722 37
0 0.215976 mxezd
0 0.686839 ihzyp
4 0.941003 0.941069
3 0.739708 40
0 0.862495 pwbyu
2 0.180869 1.7e-05
1 0.795063
1 0.232236
2 0.392223 0.000523
2 0.692498 0.000577
0 0.618495 cswzn
3 0.534696 45
0 0.050306 yjuzt
1 0.246872
2 0.542545 0.000686
2 0.175006 0.000922
2 0.567229 0.000445
1 0.776079
2 0.365811 0.000574
0 0.502816 grucs
2 0.99674 0.000219
2 0.651937 4.9e-05
1 0.625953
0 0.325321 fvnzp
1 0.502717
4 0.868078 0.868101
3 0.331452 36
3 0.911862 3
4 0.168078 0.168169
4 0.475343 0.475416
0 0.92994 mdkfd
2 0.423312 0.000659
2 0.190441 0.00094
1 0.5248
3 0.742596 39
1 0.684783
4 0.996685 0.996723
3 0.681116 29
3 0.156459 3
0 0.989373 rtwfm
0 0.733618 prjdt
0 0.867063 bizoh
4 0.581626 0.581627
2 0.246372 0.000269
2 0.205242 8e-05
2 0.454977 0.000453
0 0.680218 qzoix
4 0.103856 0.103928
0 0.352487 xwdvi
4 0.99255 0.992573
3 0.256351 6
0 0.233972 bbkma
2 0.846494 8.1e-05
3 0.683466 1
0 0.770409 lztqw
2 0.886511 0.000859
0 0.211163 szeix
3 0.092361 14
0 0.8842 oeubh
2 0.82521 0.000763
1 0.161172
2 0.618254 0.000937
2 0.595081 0.00092
2 0.813695 0.000779
4 0.024858 0.024872
4 0.008725 0.00873
4 0.742915 0.742933
3 0.328806 18
0 0.438905 nxzva
4 0.342598 0.342649
1 0.477205
4 0.232755 0.232793
4 0.375683 0.375768
0 0.165184 mhklu
0 0.727888 nvgvp
4 0.738766 0.738774
2 0.380443 0.000887
3 0.239393 39
0 0.23295 xxfwu
1 0.707333
0 0.125922 wqxfr
2 0.00243 0.000989
4 0.047086 0.047093
4 0.575746 0.575796
2 0.130524 0.000296
3 0.854411 48
0 0.294702 roxmx
1 0.229688
2 0.888579 0.000536
2 0.498711 0.000272
0 0.456625 uzlei
4 0.534887 0.534923
3 0.665411 34
3 0.519823 33
3 0.330877 22
1 0.990608
0 0.461487 vzxdq
3 0.051492 41
0 0.508118 coxgp
3 0.486375 16
3 0.668139 3
1 0.187962
3 0.207954 41
0 0.49699 sjept
4 0.759135 0.759138
3 0.454696 47
4 0.360099 0.360198
3 0.870177 44
3 0.983396 38
2 0.869051 0.000174
1 0.929389
1 0.247899
1 0.843823
1 0.405954
3 0.996404 38
0 0.271891 kdlpf
0 0.739927 uvrpo
0 0.112485 rwmna
2 0.162011 0.000361
4 0.522187 0.522199
3 0.357192 18
4 0.504307 0.504367
0 0.87986 mbvvn
1 0.816875
4 0.13397 0.134011
4 0.762808 0.762853
2 0.260696 0.000275
4 0.687974 0.688013
2 0.052553 0.000178
4 0.823086 0.823156
4 0.68885 0.688928
0 0.208004 sdafp
2 0.091506 0.000767
3 0.008955 27
0 0.85251 rlcon
3 0.53315 21
4 0.872589 0.872681
3 0.580301 22
2 0.583779 0.000112
3 0.769614 28
0 0.361381 grpuo
0 0.57187 xwgth
1 0.913883
1 0.894594
2 0.48853 0.000183
4 0.342883 0.342967
1 0.877662
1 0.845935
1 0.733582
3 0.114541 16
0 0.176824 sywzz
1 0.422159
3 0.624918 42
1 0.055153
3 0.017485 10
3 0.706403 34
1 0.612473
0 0.254102 rhkjv
0 0.054279 alfur
3 0.888863 6
0 0.011754 moska
2 0.729386 0.000968
4 0.97302 0.973097
2 0.578942 0.000431
0 0.69918 chtth
1 0.33851
3 0.946081 46
1 0.351296
0 0.399966 zbolj
2 0.787959 0.000929
2 0.799429 0.00095
1 0.939723
4 0.759238 0.759311
1 0.814017
4 0.788334 0.788351
0 0.123352 wtwlp
2 0.77183 0.000643
2 0.132447 0.000825
4 0.302991 0.303025
4 0.20292 0.202932
3 0.171319 17
3 0.260074 45
1 0.162573
4 0.572843 0.572871
2 0.84197 0.000474
3 0.183195 48
2 0.955026 0.000441
0 0.603825 shqyp
2 0.881765 0.000593
4 0.950736 0.95083
3 0.778944 18
4 0.937522 0.937563
0 0.510365 vnldn
0 0.539346 oyjrq
1 0.142076
2 0.596712 0.000745
4 0.478477 0.478567
0 0.945565 yuimg
4 0.274545 0.27456
2 0.934619 0.000105
1 0.832814
2 0.158376 0.00016
2 0.714341 0.0003
4 0.874132 0.87419
1 0.940739
0 0.72245 sftgy
4 0.909679 0.909719
1 0.700577
1 0.195218
1 0.957013
1 0.984362
0 0.97644 yvjyx
3 0.229585 27
4 0.343708 0.343735
4 0.45266 0.452678
2 0.507177 0.000545
2 0.802557 0.000224
3 0.792673 3
1 0.504243
1 0.717124
4 0.933064 0.933115
4 0.322291 0.322344
3 0.550818 30
3 0.780403 9
3 0.640463 37
4 0.093123 0.093178
3 0.600301 0
1 0.402858
1 0.361489
3 0.46233 2
1 0.83427
2 0.740379 0.000179
3 0.218833 7
1 0.571663
0 0.030312 ixhia
4 0.030816 0.030831
0 0.599416 rajol
3 0.715494 21
1 0.586922
0 0.031106 fpqek
1 0.63415
1 0.494065
4 0.883296 0.883336
1 0.170888
4 0.036252 0.036256
1 0.152021
2 0.609053 0.000614
0 0.604346 dbhkt
0 0.861653 hgwbp
1 0.59196
3 0.033316 34
4 0.714508 0.71453
0 0.1596 zmleh
2 0.624014 0.000353
0 0.283903 anydi
1 0.355251
0 0.22421 abpar
2 0.404085 0.000919
2 0.080037 0.000946
0 0.565281 uomwk
3 0.120615 16
0 0.267769 svnor
3 0.514927 2
2 0.497437 0.000918
4 0.460933 0.460968
2 0.927204 0.000744
4 0.932502 0.932551
0 0.1452 rzwjf
4 0.296939 0.296958
4 0.988576 0.98858
1 0.629305
4 0.52411 0.524194
1 0.024902
3 0.831216 24
4 0.997151 0.997182
3 0.775247 25
1 0.281896
1 0.656566
1 0.721456
4 0.546031 0.546116
0 0.355304 zbylf
1 0.154141
3 0.88895 15
0 0.620574 zrpja
3 0.603107 17
1 0.259674
0 0.039842 mtmdt
3 0.364927 31
4 0.188513 0.188553
1 0.052561
2 0.405854 0.000511
4 0.671276 0.671314
3 0.93385 45
4 0.488023 0.488051
2 0.324092 0.000166
1 0.014418
4 0.334403 0.33443
2 0.03897 0.000159
2 0.403897 0.000442
3 0.108762 33
4 0.677675 0.67774
3 0.619187 14
0 0.213977 hbmiz
3 0.568125 17
1 0.488023
0 0.688243 mnrzl
1 0.648459
3 0.192999 28
3 0.658616 4
2 0.093082 0.000456
1 0.976571
3 0.254781 26
3 0.629686 4
2 0.909757 2.9e-05
0 0.134838 qnlwo
1 0.569611
1 0.711062
1 0.142047
3 0.126217 13
2 0.862544 0.000745
3 0.845553 18
3 0.100334 46
3 0.73002 0
0 0.156129 xqjaa
2 0.444301 7.5e-05
0 0.013912 pkvkh
1 0.928185
4 0.528102 0.528184
4 0.373655 0.373705
2 0.990341 0.000498
0 0.684837 hyzrn
0 0.396689 usxlm
2 0.914175 0.000262
4 0.063381 0.06348
4 0.107836 0.107917
3 0.481491 33
3 0.471833 32
0 0.708546 junjb
0 0.332785 jvnjh
3 0.568327 25
4 0.27159 0.271614
2 0.419389 0.00021
3 0.905471 34
0 0.149206 hwajm
1 0.537028
3 0.542835 7
3 0.87562 24
4 0.085679 0.08569
2 0.670573 0.000339
2 0.685994 0.000929
2 0.764796 0.00067
2 0.951435 0.000493
3 0.135917 0
4 0.308584 0.308672
4 0.673445 0.673505
4 0.09817 0.098173
3 0.859527 0
2 0.574539 5.7e-05
2 0.857878 0.00094
1 0.929159
4 0.301015 0.301044
3 0.768802 23
2 0.904719 2.3e-05
1 0.213303
1 0.680207
0 0.036623 eeltd
4 0.944782 0.94479
3 0.519321 16
1 0.893551
3 0.816929 10
4 0.117944 0.118035
2 0.403098 0.000214
4 0.307817 0.307854
3 0.037472 1
0 0.956925 ghicw
1 0.970538
2 0.068195 0.000377
0 0.314613 clnwk
2 0.165666 0.00037
4 0.568764 0.568848
1 0.353049
3 0.560927 6
3 0.509303 12
3 0.196303 23
0 0.166841 ylkxx
0 0.161149 opmil
3 0.827524 14
4 0.963535 0.963583
3 0.453991 9
2 0.9791 0.000242
1 0.487012
1 0.627346
0 0.424408 ikfvz
3 0.22612 35
4 0.588852 0.588917
4 0.633602 0.633665
0 0.247117 cwbvk
1 0.499846
1 0.129071
4 0.982429 0.982508
0 0.078116 omref
2 0.510605 0.000653
0 0.168851 uqqyl
2 0.991929 0.000876
0 0.278198 pqldc
3 0.642861 1
3 0.723783 22
0 0.503667 ovqfc
0 0.398239 tjpug
1 0.19455
4 0.459328 0.459365
1 0.825212
2 0.832946 0.000986
2 0.516227 0.000994
3 0.111395 29
2 0.209757 0.000797
4 0.302372 0.302441
3 0.08019 1
3 0.26542 43
0 0.4405 qqqos
4 0.847634 0.84764
1 0.680581
4 0.967508 0.967568
4 0.383486 0.383542
3 0.751941 13
0 0.288127 wuxre
1 0.715001
2 0.603318 0.000853
3 0.047632 3
4 0.467626 0.467668
1 0.408829
2 0.607514 0.00062
0 0.43207 rkixv
4 0.943745 0.943777
4 0.340384 0.340414
2 0.954068 0.000448
2 0.626068 0.000433
0 0.475855 hoedh
0 0.387678 nxkin
1 0.113103
3 0.87575 46
4 0.819495 0.819575
0 0.676231 nyprs
0 0.448695 fetbz
0 0.840871 mfybx
2 0.820896 2.7e-05
2 0.943551 0.000777
3 0.90198 25
3 0.178468 8
0 0.488015 tqahk
4 0.116507 0.116547
1 0.05471
2 0.629057 0.000543
3 0.39985 22
4 0.799832 0.799853
3 0.773721 4
0 0.358803 asjnl
0 0.349183 eeulc
1 0.95925
3 0.172804 7
1 0.293089
4 0.309196 0.309254
1 0.904317
1 0.649962
4 0.782336 0.782404
1 0.141139
4 0.051819 0.051874
0 0.191659 biihu
3 0.057656 44
3 0.532085 0
2 0.583408 0.000839
2 0.408956 0.000597
0 0.313273 toxvn
1 0.965583
3 0.757133 38
3 0.465144 21
4 0.299118 0.299129
0 0.304156 tosfv
4 0.690717 0.690717
1 0.099673
2 0.990251 0.000816
4 0.053048 0.05305
2 0.018632 0.000227
2 0.465422 0.000537
2 0.795995 0.000617
0 0.280858 uzccs
1 0.804354
4 0.621403 0.621457
2 0.237429 0.000103
4 0.166728 0.166787
2 0.884994 0.000108
4 0.792221 0.792313
3 0.972934 14
1 0.618791
2 0.991333 0.000118
0 0.615667 xfeek
1 0.832611
2 0.476272 0.000189
1 0.307375
0 0.035049 jmnri
2 0.192986 0.000697
1 0.822501
0 0.336694 tdkob
4 0.065886 0.065915
4 0.559023 0.559118
2 0.293027 0.000237
4 0.601976 0.602014
1 0.050896
2 0.966775 0.000767
4 0.159762 0.159826
2 0.498615 0.000582
1 0.77933
0 0.262412 rdvuv
2 0.907674 0.000675
0 0.613942 gljxq
4 0.284722 0.28476
3 0.251497 5
4 0.411259 0.41128
1 0.426226
3 0.924304 6
1 0.186717
2 0.492986 0.0006
3 0.800213 40
0 0.37824 nencf
1 0.711252
1 0.302198
0 0.254902 zzetf
0 0.423885 siiho
1 0.117846
1 0.987441
2 0.374688 0.000778
2 0.999639 0.000288
4 0.017115 0.017156
3 0.835665 31
0 0.422065 kyqlx
1 0.319972
0 0.505755 ntpmx
3 0.013443 20
1 0.826096
0 0.048194 ifudn
1 0.71122
3 0.397638 35
4 0.205612 0.205621
4 0.015102 0.015125
4 0.234062 0.23414
4 0.081913 0.081915
0 0.819254 lpbnx
2 0.175267 0.000664
1 0.992078
4 0.453148 0.453199
0 0.510914 fiwfm
0 0.122908 corge
3 0.957142 19
2 0.192109 0.0006
1 0.319183
4 0.386254 0.386321
0 0.569413 sexgs
1 0.174592
0 0.269018 hrqqj
0 0.520357 ieltp
2 0.071217 0.000407
2 0.931766 0.00021
3 0.281186 40
3 0.083754 24
2 0.397236 0.000748
0 0.08818 jpary
0 0.005436 yiqlp
1 0.250517
1 0.821655
4 0.40423 0.404304
4 0.079383 0.079443
0 0.840302 wsexi
1 0.152834
0 0.580906 manli
3 0.732235 34
1 0.601429
2 0.729098 0.0007
2 0.546374 0.000931
1 0.908509
1 0.260113
1 0.981135
1 0.959481
2 0.537227 0.000316
3 0.634485 32
3 0.129948 2
2 0.605589 0.000339
1 0.600522
3 0.760023 20
4 0.683051 0.683097
2 0.392204 0.000855
3 0.652318 41
4 0.063497 0.063576
0 0.539331 wqbvu
1 0.78691
1 0.574986
4 0.38444 0.384465
1 0.984962
4 0.546006 0.54604
0 0.745409 vegnq
2 0.192429 0.000176
1 0.193208
2 0.909112 0.000325
4 0.077111 0.077122
1 0.787993
3 0.484832 31
3 0.805394 36
2 0.074694 0.00052
2 0.820104 0.000801
1 0.957718
4 0.860474 0.860476
3 0.45865 33
4 0.017664 0.01776
4 0.591095 0.591154
2 0.297077 0.000704
1 0.298261
0 0.510146 mssau
3 0.255993 14
2 0.197146 0.0002
2 0.662435 0.000674
4 0.836505 0.836582
0 0.203784 rdsmd
1 0.480866
4 0.963249 0.963276
1 0.473395
3 0.181583 31
1 0.521082
4 0.773479 0.773525
2 0.970625 0.000798
1 0.149412
0 0.187853 jsxgj
3 0.109302 0
2 0.915436 0.000499
2 0.726328 0.000246
0 0.424263 ottzp
3 0.145031 41
2 0.144827 0.000753
4 0.33268 0.332703
1 0.858725
0 0.423968 sfvvc
4 0.638579 0.638648
1 0.364907
3 0.486589 23
2 0.659474 0.000868
4 0.605839 0.605903
2 0.03918 0.000906
2 0.138286 0.000177
2 0.223309 0.00095
0 0.498034 wrpru
0 0.349787 tvsba
1 0.553316
2 0.876096 0.000537
4 0.481935 0.481936
3 0.037467 9
0 0.175753 wywfk
3 0.158356 13
4 0.513815 0.513886
1 0.316678
3 0.511849 45
0 0.581518 sxtto
3 0.651577 25
2 0.131745 0.000329
0 0.975788 lgqpp
3 0.969194 33
3 0.430575 6
1 0.747254
0 0.918131 sthxd
1 0.15387
1 0.094516
0 0.410741 jmknt
4 0.583131 0.583156
4 0.957832 0.95786
0 0.136466 rhmza
2 0.281218 0.000183
4 0.297219 0.297311
2 0.731627 0.000615
0 0.826143 jwsxj
3 0.921645 23
1 0.97517
4 0.335236 0.335286
1 0.471702
4 0.783675 0.783705
2 0.55982 0.00086
1 0.760435
0 0.278557 qungw
3 0.213159 29
1 0.704681
4 0.147547 0.147578
2 0.619249 0.000988
1 0.625178
2 0.181344 0.000789
4 0.210771 0.210842
1 0.770591
3 0.88199 28
1 0.160547
3 0.204535 34
2 0.547139 0.000442
1 0.653921
4 0.539582 0.539664
3 0.550366 24
3 0.791354 28
3 0.141986 24
4 0.88348 0.883525
0 0.829409 gjlph
3 0.021648 7
2 0.64339 9.9e-05
2 0.917836 0.000226
2 0.284386 0.000592
3 0.648641 48
1 0.638074
4 0.38828 0.38828
2 0.745378 0.000246
3 0.873067 29
2 0.048134 0.000151
2 0.069782 0.000758
1 0.229525
4 0.092738 0.092807
4 0.664823 0.66487
3 0.465562 40
4 0.114203 0.114241
0 0.26863 pckpt
3 0.532622 0
2 0.040251 3.4e-05
0 0.936178 marzr
0 0.873215 zvapm
4 0.385659 0.38568
0 0.131482 ibzgp
3 0.224866 38
0 0.876525 xncgh
2 0.426356 0.000623
2 0.089736 0.000838
4 0.026404 0.026413
2 0.819606 0.00073
2 0.951088 0.000385
4 0.733025 0.733096
0 0.910795 pitil
2 0.57975 0.000334
4 0.966359 0.966402
3 0.183747 31
3 0.703198 23
1 0.137145
0 0.736226 jqqje
0 0.67357 gxhxm
3 0.416979 45
0 0.513082 dlfec
0 0.709058 slcnp
4 0.137789 0.137829
1 0.59182
3 0.234291 27
0 0.398967 hwieo
1 0.424198
2 0.214298 0.00073
4 0.210091 0.210148
0 0.389632 xlnlh
4 0.655568 0.655666
0 0.188207 qdavk
1 0.989884
3 0.33052 18
3 0.124932 16
0 0.868501 bietk
2 0.926015 0.000782
3 0.767326 3
4 0.101626 0.101636
1 0.902163
3 0.788331 5
1 0.659559
3 0.237929 37
3 0.044847 18
0 0.582416 ygcum
0 0.916881 lgxjp
3 0.595395 42
0 0.375976 jvrpx
3 0.514031 48
3 0.318871 46
1 0.248643
4 0.466406 0.466475
2 0.801702 0.000845
2 0.234935 0.000373
1 0.679951
1 0.823864
1 0.512756
3 0.754422 46
4 0.12971 0.129724
2 0.360311 2.4e-05
3 0.635759 2
3 0.493623 9
3 0.714267 13
0 0.918631 hkeuz
3 0.081373 39
2 0.423375 0.000574
3 0.10947 20
2 0.755533 0.000336
4 0.115844 0.115905
4 0.751603 0.751616
2 0.761578 0.000424
2 0.475845 0.000538
0 0.394476 vlulb
1 0.144664
3 0.390115 42
4 0.812538 0.8126
1 0.17254
0 0.567603 incvu
1 0.847335
2 0.729106 0.000114
2 0.475996 0.000189
0 0.282935 auexz
2 0.838215 0.000218
4 0.888647 0.888657
1 0.45625
2 0.849188 0.000566
4 0.182382 0.182382
1 0.793507
1 0.905126
4 0.926702 0.926769
2 0.725989 0.000304
2 0.072215 0.00077
4 0.595809 0.595816
1 0.203796
3 0.767739 45
0 0.466201 ahssv
0 0.337516 qqdwo
4 0.900816 0.90087
1 0.626805
0 0.676699 gecbw
1 0.53133
3 0.829152 25
3 0.295354 18
1 0.476874
0 0.736258 taeod
4 0.035966 0.036006
0 0.948672 ldrnm
1 0.928262
2 0.351991 0.000536
4 0.888966 0.889017
3 0.731887 5
3 0.697237 13
1 0.516455
4 0.842251 0.842347
0 0.39457 nyaak
4 0.324515 0.324605
0 0.639621 xjwps
4 0.742462 0.742555
0 0.474349 ghipw
0 0.945142 dklta
3 0.813124 34
4 0.330754 0.330805
1 0.560551
4 0.935118 0.935123
4 0.788614 0.78866
4 0.531076 0.531115
1 0.521777
2 0.070546 0.000715
0 0.270902 abcni
4 0.799186 0.799249
1 0.760422
4 0.476327 0.476401
0 0.329526 xwutl
3 0.595973 0
0 0.513763 sehkc
2 0.715615 0.000679
2 0.015359 0.000217
2 0.160932 0.00064
3 0.637259 16
1 0.674138
1 0.880752
0 0.590531 bswrg
2 0.792707 0.0009
2 0.197321 0.000365
3 0.532395 28
0 0.018074 ukhtw
3 0.527042 43
4 0.11977 0.119803
1 0.000522
4 0.740397 0.740465
0 0.989072 vjqbw
4 0.64386 0.643933
4 0.692607 0.69266
4 0.710681 0.710778
0 0.046325 vyirj
0 0.179534 npjug
2 0.642782 0.000449
0 0.018075 bqetr
4 0.211223 0.211266
3 0.940372 30
0 0.473094 ipwiu
4 0.768321 0.768351
0 0.377833 vvdhq
1 0.008605
1 0.688653
2 0.81886 0.000175
1 0.491782
0 0.812126 jnvln
3 0.260609 27
4 0.664612 0.664683
2 0.216242 2.9e-05
0 0.688602 qpyrs
4 0.630607 0.63063
2 0.449468 0.000399
0 0.94125 fuxkj
1 0.710193
4 0.447965 0.447985
0 0.628929 qpcbe
3 0.627437 19
2 0.419498 3.9e-05
4 0.050105 0.050168
1 0.499573
4 0.616775 0.61681
4 0.457492 0.45754
2 0.167685 0.000624
3 0.303658 34
4 0.094154 0.094156
3 0.464327 14
2 0.608116 3.5e-05
4 0.027614 0.027689
3 0.077719 40
1 0.093645
1 0.36182
0 0.101923 zsjjl
0 0.879932 fvzhb
1 0.926912
1 0.610037
1 0.262764
2 0.659803 0.00073
4 0.077833 0.077834
4 0.08407 0.084116
2 0.962242 0.000619
3 0.775501 6
0 0.152809 cxgtv
1 0.655936
4 0.892934 0.892934
2 0.502971 0.000289
3 0.533876 27
0 0.123436 qtgfr
4 0.198795 0.198795
1 0.351604
3 0.004697 48
2 0.325309 0.000809
0 0.319891 sqwnz
2 0.855814 0.00011
2 0.186709 0.000388
2 0.826497 8.7e-05
1 0.236883
1 0.55798
2 0.745176 0.000933
1 0.613132
1 0.337443
1 0.886638
4 0.601992 0.602007
0 0.583088 ufwwm
0 0.660321 lmzdp
4 0.034468 0.034482
2 0.592448 0.000609
3 0.810381 5
2 0.523834 0.00015
3 0.926824 4
1 0.191639
2 0.989225 0.000596
3 0.420364 13
1 0.775426
3 0.281245 27
1 0.00336
4 0.717362 0.717383
4 0.044095 0.044171
1 0.084282
1 0.974487
1 0.019432
3 0.719098 34
4 0.169282 0.169334
3 0.929325 0
1 0.866041
4 0.833323 0.833342
4 0.63092 0.630966
3 0.150632 7
2 0.944953 0.000126
2 0.862981 0.00024
1 0.725807
2 0.282273 0.00024
2 0.517723 0.000626
3 0.687005 29
1 0.132682
4 0.467575 0.46765
0 0.098376 jrqvq
2 0.060108 0.000731
1 0.92309
3 0.962168 49
0 0.760793 foaub
3 0.615199 48
2 0.13863 0.000823
2 0.839426 7.3e-05
4 0.324383 0.324478
0 0.718415 rtogo
0 0.922653 exqxd
1 0.987324
3 0.910916 3
3 0.526115 1
0 0.664745 yljxe
1 0.786397
1 0.579673
4 0.948869 0.948926
2 0.611133 0.000443
2 0.959368 0.0002
2 0.430357 0.000751
0 0.417681 ttvcp
3 0.943715 0
2 0.2156 0.000774
3 0.322715 32
2 0.408787 0.000263
1 0.007463
3 0.690449 31
1 0.459123
0 0.027362 lpxql
3 0.239084 49
1 0.689686
1 0.392716
2 0.137737 0.000783
0 0.761556 uudpw
4 0.050333 0.050362
3 0.533516 40
3 0.447056 4
1 0.29463
4 0.564357 0.564396
0 0.319793 gprwh
4 0.136696 0.136754
1 0.898253
0 0.585096 xfagu
0 0.523499 dvarl
0 0.858212 gxjbr
4 0.819131 0.819227
4 0.848853 0.848893
2 0.626711 0.000333
2 0.567461 0.000429
0 0.902769 phuth
2 0.775926 0.000409
2 0.794445 0.000812
0 0.64911 mxwjp
3 0.423517 30
1 0.189827
3 0.241212 17
4 0.810607 0.810655
4 0.73225 0.732329
3 0.289681 45
0 0.826505 xoozx
4 0.973528 0.97354
2 0.519486 0.000277
3 0.132584 47
0 0.025367 ifhpm
2 0.974791 0.000149
2 0.374371 0.000334
0 0.612066 tvzfu
2 0.490111 0.000231
1 0.844223
3 0.959472 3
4 0.608409 0.608409
4 0.633776 0.633802
0 0.900356 kufyz
2 0.192783 0.000634
3 0.162772 40
3 0.888318 48
4 0.909901 0.909937
0 0.169492 sxgmc
4 0.604046 0.604074
0 0.504402 ghtun
4 0.182893 0.182984
4 0.987742 0.987784
0 0.967335 uonte
4 0.385571 0.385601
4 0.755321 0.755361
4 0.310071 0.310091
2 0.670851 2.2e-05
4 0.842548 0.842574
3 0.832657 31
4 0.01555 0.015572
4 0.519645 0.519661
1 0.48698
3 0.474618 13
4 0.919456 0.91949
0 0.050139 vqdin
1 0.211863
0 0.794473 kkkkm
3 0.311844 18
0 0.63761 jpfpv
4 0.109087 0.109131
1 0.537856
2 0.810188 0.000288
3 0.111849 39
4 0.56801 0.568075
3 0.38307 17
3 0.030788 0
4 0.210409 0.210414
4 0.909674 0.909752
2 0.09592 0.000919
3 0.18253 5
0 0.468927 npfdz
1 0.009346
4 0.075715 0.075723
1 0.395876
4 0.684168 0.684219
2 0.63612 0.00047
3 0.547877 49
3 0.790055 21
3 0.861975 4
0 0.097982 hdxcy
0 0.20356 hsttd
3 0.784892 28
2 0.740143 0.000598
4 0.566613 0.566639
2 0.38541 0.000399
3 0.825362 34
0 0.265798 eaulj
0 0.644709 mzcpx
2 0.03684 0.000627
0 0.40898 bxrln
1 0.923597
4 0.643821 0.643861
3 0.346555 40
2 0.750932 0.000554
3 0.270802 30
3 0.915511 3
4 0.29512 0.295146
3 0.886407 17
3 0.229644 47
1 0.042807
1 0.88322
2 0.870717 0.000817
4 0.514538 0.514596
2 0.377445 0.0004
4 0.64473 0.644784
2 0.915532 0.000936
2 0.831044 0.000241
4 0.642516 0.642584
4 0.528923 0.528958
2 0.180235 0.00093
1 0.820331
2 0.85655 0.000585
3 0.60056 2
3 0.545961 32
3 0.469267 1
3 0.834204 36
4 0.438797 0.438822
0 0.551165 gowhq
1 0.645814
2 0.875416 0.000547
3 0.737416 48
3 0.113954 8
1 0.867937
4 0.557235 0.557238
4 0.727488 0.727489
0 0.414024 ixtyt
3 0.994242 12
2 0.134946 0.000449
3 0.109728 17
1 0.421194
3 0.620824 42
2 0.289834 0.000793
2 0.504806 0.00038
0 0.189045 yvadb
4 0.284971 0.284976
4 0.536857 0.536926
2 0.235658 0.000647
2 0.809875 0.000725
1 0.121509
1 0.704944
1 0.973736
4 0.356973 0.357015
0 0.466205 wtebr
0 0.621563 aqczn
2 0.526609 0.000367
0 0.488257 dimax
1 0.906924
3 0.208972 16
3 0.687514 36
1 0.871453
4 0.705079 0.705163
3 0.957602 47
2 0.853009 0.000957
2 0.9346 0.000624
2 0.820967 0.000949
1 0.654544
0 0.40484 hvkvl
0 0.800815 tkjsh
2 0.440677 0.000655
3 0.882631 41
0 0.422484 sszbn
2 0.694105 0.000188
0 0.55063 dpfqg
2 0.919678 0.000175
0 0.655276 jeelp
2 0.533057 0.00038
0 0.52917 uwdbw
3 0.561133 41
2 0.123565 0.000523
4 0.809722 0.809776
2 0.893983 0.000201
3 0.54751 4
1 0.158109
4 0.942324 0.942388
2 0.985614 0.000421
2 0.796544 0.000943
1 0.826068
0 0.335314 clgws
0 0.55392 sxuxs
3 0.099861 35
4 0.42988 0.429974
3 0.888556 8
2 0.87417 0.000532
1 0.670715
0 0.440283 aogwd
1 0.21866
1 0.084241
1 0.277691
0 0.037666 phasr
0 0.212341 bhgeb
4 0.412813 0.412856
1 0.464491
4 0.260409 0.260422
3 0.925149 15
1 0.143809
3 0.307157 47
4 0.180525 0.180539
4 0.357825 0.357841
1 0.029872
2 0.898608 0.000678
1 0.501472
2 0.747742 0.000403
0 0.307137 ccqtt
1 0.796379
3 0.846847 40
3 0.670357 37
3 0.850882 3
4 0.725059 0.725081
3 0.271284 14
3 0.675132 31
4 0.44405 0.444064
1 0.054871
0 0.255477 hkqwh
3 0.211724 16
0 0.310663 gbvbf
1 0.47264
2 0.517457 0.000463
1 0.095239
0 0.73189 hreeg
1 0.341607
3 0.598215 17
2 0.960095 0.000327
3 0.524513 42
4 0.243694 0.243737
3 0.512823 2
1 0.985464
1 0.716933
4 0.786205 0.786229
2 0.518095 0.000992
4 0.605551 0.605573
3 0.369892 31
3 0.48446 0
3 0.444555 28
1 0.969068
2 0.493096 0.0003
2 0.33507 0.000128
3 0.339066 13
3 0.641623 38
0 0.67607 hkzzw
4 0.704133 0.704183
1 0.683934
3 0.613233 14
1 0.582301
1 0.317324
2 0.202154 0.000976
1 0.537224
0 0.32981 yexwz
2 0.226689 0.000739
3 0.50831 43
0 0.676176 ululb
0 0.195329 tcfmu
2 0.131239 0.000212
3 0.297696 24
3 0.947214 19
2 0.957375 0.000891
1 0.561114
1 0.240211
4 0.861021 0.861061
3 0.343998 42
0 0.688963 cdugz
3 0.18122 40
1 0.478916
4 0.055972 0.056055
3 0.561184 8
1 0.809437
4 0.170922 0.170922
3 0.548296 40
4 0.408646 0.408681
4 0.281427 0.281492
1 0.084146
3 0.96527 27
4 0.504698 0.504746
4 0.606076 0.606092
3 0.1784 49
3 0.739584 9
1 0.065373
3 0.932899 26
4 0.997547 0.997613
0 0.406193 egqmx
3 0.190202 14
1 0.589811
4 0.253946 0.254009
3 0.564562 28
3 0.334014 29
0 0.285746 fsvyr
3 0.510727 49
1 0.715903
1 0.44872
3 0.06689 22
4 0.005488 0.005573
1 0.259434
3 0.431924 48
4 0.891169 0.891183
3 0.089999 40
3 0.870555 1
0 0.798836 wkyth
0 0.650965 awtqs
2 0.879378 0.000269
3 0.138812 20
4 0.995512 0.995561
3 0.186227 7
3 0.412969 22
0 0.322372 kenjk
4 0.806546 0.806628
1 0.097194
2 0.388052 8.4e-05
1 0.468736
2 0.852145 0.000499
1 0.503415
3 0.754425 20
0 0.629306 qdlgz
2 0.71847 1.4e-05
4 0.400239 0.400252
3 0.249325 9
0 0.153729 qufho
4 0.214337 0.214373
4 0.231828 0.231832
3 0.951898 30
4 0.601289 0.601369
0 0.573052 rdkkg
1 0.390456
3 0.941086 15
3 0.611168 11
1 0.233633
2 0.818076 0.00095
1 0.897064
4 0.258039 0.258108
4 0.726289 0.72629
1 0.327578
3 0.858106 30
4 0.95892 0.958972
2 0.902755 0.000265
0 0.379393 pfoap
1 0.218857
3 0.180745 27
3 0.761915 48
3 0.488204 49
4 0.332134 0.332168
2 0.232764 0.000343
2 0.941268 0.000248
4 0.857885 0.857893
4 0.715589 0.715677
2 0.700812 0.00038
3 0.919669 43
2 0.211476 0.00057
1 0.81244
2 0.890229 0.000865
2 0.41073 1.1e-05
1 0.477416
3 0.565293 10
2 0.022913 0.00036
1 0.880799
3 0.21209 40
2 0.269344 0.000552
4 0.049332 0.049354
4 0.919186 0.919236
4 0.743268 0.74331
2 0.149849 0.000707
1 0.076932
0 0.963862 ghgqd
3 0.136374 41
0 0.249114 gvyko
0 0.910673 xzitr
2 0.777664 0.000193
0 0.370948 cffwp
2 0.448421 0.000357
0 0.33396 pbubh
0 0.424215 efslm
1 0.928415
0 0.621936 ijzcx
0 0.336776 llkwn
1 0.791937
2 0.113054 0.00036
0 0.958251 mvgzj
1 0.249482
3 0.694077 48
0 0.316014 hzxyp
0 0.875769 yhtmw
4 0.334568 0.334601
3 0.14128 3
1 0.394113
2 0.452829 0.00011
0 0.604456 qtpub
4 0.565532 0.565565
0 0.805693 elous
0 0.912383 zxtjc
4 0.182826 0.182887
4 0.630937 0.631003
0 0.32853 jztti
2 0.233802 0.000972
0 0.613058 tjihv
2 0.854965 0.000898
3 0.609879 42
3 0.67775 46
1 0.670211
2 0.946063 0.00093
4 0.790945 0.791033
2 0.02767 0.000257
4 0.34628 0.346339
1 0.285767
4 0.49051 0.49051
0 0.574096 pwpyz
2 0.266708 0.000745
2 0.164256 0.000872
1 0.093141
2 0.480536 0.000465
0 0.936224 jgyzr
3 0.264597 8
0 0.27146 foofn
1 0.386172
2 0.779284 8e-06
4 0.749508 0.749574
0 0.182148 vbxdc
4 0.702913 0.702994
1 0.927806
1 0.784994
1 0.867243
0 0.707348 gmswh
2 0.948142 7.7e-05
3 0.560151 38
2 0.108117 0.00094
2 0.652972 0.000907
4 0.134051 0.134093
3 0.353316 26
1 0.281122
4 0.991386 0.991482
2 0.963343 0.000696
0 0.709975 srgvc
1 0.358329
2 0.960871 0.000103
1 0.465811
0 0.913968 tvdgk
2 0.793941 0.000883
2 0.2239 0.000269
0 0.125281 huuuc
4 0.437647 0.437743
2 0.698644 5.9e-05
4 0.128964 0.128993
0 0.209688 sbzxo
1 0.775087
4 0.705751 0.705792
3 0.391662 4
3 0.209007 49
2 0.139767 0.000917
4 0.945209 0.945226
0 0.103401 ffllp
3 0.958917 3
0 0.602645 kwudz
0 0.751322 vtsmi
0 0.125027 alpva
4 0.521741 0.521816
3 0.378064 2
4 0.680692 0.680762
0 0.493118 hvvjb
4 0.259643 0.259656
1 0.867647
0 0.911883 klknk
4 0.059776 0.05985
3 0.581517 49
3 0.440423 30
4 0.397191 0.397282
1 0.473196
2 0.035005 0.000192
1 0.266363
4 0.570688 0.570787
3 0.186955 11
2 0.581368 0.000325
3 0.642842 15
3 0.991644 9
1 0.344298
4 0.749492 0.749566
4 0.915588 0.915653
2 0.68326 0.000813
1 0.234617
0 0.981974 hkujl
3 0.959793 34
3 0.244471 49
2 0.250236 3.4e-05
1 0.268195
1 0.848826
4 0.233393 0.233393
0 0.148982 ajsll
1 0.005688
3 0.600544 35
3 0.752701 18
1 0.516741
0 0.412213 vlgeh
3 0.028941 3
1 0.633007
0 0.421338 oaxxy
3 0.761159 39
0 0.083532 ktruj
3 0.71598 20
1 0.99931
2 0.439215 0.000187
1 0.721136
3 0.133789 7
0 0.666876 otxot
2 0.685027 0.000863
3 0.756622 47
0 0.558502 aozoi
0 0.645356 nbbiu
2 0.14911 0.000834
1 0.394597
3 0.799312 1
2 0.379981 0.000206
1 0.065008
4 0.346069 0.346151
4 0.38463 0.384715
3 0.902504 12
2 0.297734 5e-06
4 0.898657 0.898743
2 0.704365 0.000448
3 0.570733 46
1 0.370045
4 0.602389 0.602415
0 0.836867 gxlpc
4 0.082206 0.082297
4 0.340748 0.340817
1 0.442565
3 0.877268 41
1 0.492255
3 0.150678 5
4 0.237763 0.237816
0 0.607809 pafhj
1 0.066337
3 0.391295 35
2 0.473501 0.000929
1 0.814249
0 0.482109 dagus
3 0.809468 47
0 0.600732 fbhwy
1 0.878961
2 0.356475 0.000239
2 0.589195 0.000365
3 0.312636 16
0 0.602154 ppwsm
3 0.29639 13
2 0.177002 0.000107
2 0.181776 0.000306
1 0.577089
4 0.293748 0.293776
3 0.543154 14
4 0.253056 0.253057
0 0.646157 bhdnn
0 0.108808 fixmq
2 0.170392 0.000601
0 0.352168 wvpqr
4 0.515238 0.515258
3 0.017338 29
1 0.685803
1 0.156045
1 0.250505
4 0.029591 0.029603
4 0.210239 0.210331
4 0.687277 0.687362
1 0.857669
3 0.178053 40
3 0.138371 1
1 0.374896
0 0.236296 pftbo
3 0.912189 32
4 0.458132 0.458178
0 0.668371 necsw
1 0.317814
1 0.972211
2 0.59802 0.000715
1 0.50681
3 0.410398 22
4 0.617948 0.618012
4 0.027653 0.027694
0 0.456194 cwqza
4 0.785513 0.785539
4 0.523189 0.523258
0 0.841003 zakeg
4 0.202548 0.202605
2 0.93172 1.3e-05
2 0.449884 0.000923
0 0.486178 tamdz
0 0.755926 etbfe
4 0.869145 0.869183
2 0.091131 0.000106
0 0.97348 bypkc
3 0.795816 39
3 0.717277 22
0 0.491647 hhycb
2 0.07365 0.000484
1 0.942795
2 0.056746 0.000927
0 0.633376 azlaj
4 0.569504 0.569576
3 0.051482 45
3 0.049795 17
0 0.541442 svkim
0 0.223491 fiqzg
2 0.543846 2.3e-05
2 0.441538 0.000634
3 0.467594 48
2 0.805818 0.000254
1 0.634963
4 0.909963 0.909995
4 0.967757 0.967855
3 0.273126 41
1 0.454821
2 0.53769 0.000722
0 0.779056 lxkwp
0 0.381731 idycd
1 0.304547
4 0.097215 0.097277
1 0.537099
0 0.761692 xoqps
3 0.034128 13
3 0.35703 8
2 0.637822 0.000839
4 0.90256 0.902631
0 0.456764 aqdat
3 0.869371 16
1 0.944055
3 0.545783 36
2 0.097161 0.000158
4 0.08816 0.088247
4 0.268048 0.268117
2 0.426208 0.000492
3 0.736412 4
2 0.007348 0.000521
4 0.099182 0.099238
1 0.438231
0 0.251317 yigar
0 0.437645 ahvtn
0 0.387996 lbuzn
3 0.341526 11
1 0.195399
3 0.689851 5
4 0.644434 0.644436
3 0.374706 45
0 0.804833 adiqg
4 0.219625 0.219719
3 0.392786 0
2 0.025936 0.000918
0 0.533197 xwgul
4 0.420224 0.420228
2 0.540557 0.000745
0 0.662554 ryrhi
4 0.389312 0.389347
0 0.970706 ufkkc
4 0.353042 0.353054
1 0.233536
2 0.756008 0.000938
4 0.176232 0.176274
3 0.716789 39
0 0.895695 tjkcj
4 0.473378 0.473448
4 0.960436 0.960437
2 0.359445 4.8e-05
4 0.770076 0.770167
1 0.750294
4 0.1208 0.120802
2 0.542306 0.000534
4 0.804972 0.805047
3 0.514187 32
0 0.299467 budcv
1 0.876889
4 0.609078 0.609167
0 0.379154 poyii
2 0.710629 0.000865
3 0.755841 39
3 0.566739 9
1 0.782141
1 0.556353
0 0.562108 swovt
2 0.509562 0.000517
2 0.553813 2.3e-05
1 0.902219
1 0.788223
0 0.439278 rmfwx
2 0.337785 0.000546
0 0.636278 mgstl
0 0.563946 dtgii
3 0.537884 28
4 0.956455 0.956509
0 0.360586 hmoth
1 0.768138
3 0.62637 11
2 0.354959 0.000884
2 0.216787 0.000956
4 0.207789 0.207881
0 0.211844 gxgql
4 0.410283 0.410285
1 0.74279
1 0.84027
1 0.921359
0 0.77133 yzrxr
1 0.097402
2 0.659461 0.00071
1 0.86725
4 0.632719 0.632813
1 0.288927
4 0.534747 0.534838
3 0.461382 43
4 0.204173 0.204254
1 0.050516
3 0.369398 46
4 0.979022 0.979067
2 0.79753 4e-06
2 0.243079 0.000465
2 0.790177 6.8e-05
2 0.939248 0.000162
0 0.744528 ojbrt
0 0.086149 hdvuz
1 0.399471
0 0.524119 uefpl
0 0.083031 tdbzb
1 0.905298
3 0.134061 15
3 0.185316 14
0 0.287087 zfzlp
3 0.651865 15
4 0.728976 0.729062
1 0.40282
4 0.044938 0.044989
0 0.117458 vcznh
1 0.873579
0 0.782139 gkvpx
0 0.105744 bnzgm
3 0.796829 8
2 0.19965 0.000497
0 0.201853 qucrf
1 0.603325
0 0.234785 ersja
1 0.11477
4 0.810815 0.810873
0 0.303436 ianub
3 0.627794 31
1 0.829648
3 0.031189 40
2 0.999052 0
4 0.698462 0.698463
4 0.778076 0.778148
0 0.409198 vgehn
1 0.356902
4 0.483063 0.48315
3 0.110858 18
4 0.456858 0.456897
2 0.424546 6.5e-05
2 0.269793 0.000469
4 0.38253 0.382614
3 0.305299 10
0 0.933139 xcypw
1 0.494137
3 0.112085 2
2 0.14713 0.00041
3 0.691861 18
2 0.303874 0.000167
4 0.718976 0.718988
4 0.142783 0.142825
3 0.013991 43
3 0.811023 34
3 0.329926 32
1 0.386759
3 0.706759 30
2 0.284991 0.000493
0 0.493205 tgtsl
2 0.348297 0.000214
0 0.519139 cmnlh
4 0.926207 0.926241
2 0.765248 0.000945
2 0.098426 0.00044
3 0.441509 9
2 0.905354 0.000221
2 0.430467 1.5e-05
3 0.4741 8
2 0.822397 0.000823
0 0.857888 ihnfs
3 0.566534 48
2 0.331783 0.000944
4 0.946561 0.946597
0 0.904422 kwoth
4 0.996133 0.996189
1 0.316093
3 0.569445 18
3 0.427333 13
4 0.829559 0.829649
1 0.701754
4 0.748771 0.748772
4 0.046244 0.046299
4 0.889543 0.889595
3 0.69932 20
1 0.455916
3 0.626637 12
4 0.483973 0.483982
2 0.153326 0.000742
0 0.372935 tvoer
2 0.65416 0.000806
4 0.10814 0.108219
0 0.089434 klglr
1 0.949763
0 0.977651 yewwx
2 0.64123 0.000336
3 0.186884 9
3 0.950643 8
0 0.604804 vaomm
0 0.191723 sqceg
0 0.067516 ilccp
1 0.152501
2 0.471995 9.1e-05
3 0.261154 42
2 0.415264 0.000872
3 0.94018 6
2 0.853728 0.000395
2 0.018429 0.000373
1 0.523027
0 0.164742 mddes
1 0.289006
1 0.123946
3 0.024979 2
2 0.098693 0.000716
4 0.777211 0.77726
3 0.685025 29
0 0.91157 fufkv
2 0.384269 8.7e-05
1 0.636795
4 0.627511 0.627585
1 0.432869
0 0.825334 ypnaf
2 0.662576 0.000423
1 0.192951
1 0.509138
1 0.616371
3 0.53884 46
1 0.047185
0 0.100102 ptymk
4 0.471097 0.471135
1 0.812783
3 0.602177 22
4 0.598522 0.598539
3 0.520248 18
3 0.164322 39
1 0.219514
0 0.969885 tthhj
2 0.305736 6.4e-05
3 0.293185 4
4 0.105969 0.105981
4 0.161891 0.161925
0 0.810373 qgmyt
2 0.587458 0.000219
4 0.806972 0.806976
4 0.590023 0.590064
3 0.12605 36
3 0.948139 0
1 0.241324
0 0.977796 zhknb
0 0.352262 kzmst
1 0.838431
0 0.643515 kmmwt
4 0.39418 0.394226
2 0.858671 0.000247
1 0.099996
4 0.624742 0.624783
3 0.972844 32
1 0.295095
4 0.067423 0.067468
0 0.625146 atfea
4 0.157213 0.157243
1 0.067745
2 0.3281 0.000417
4 0.975046 0.975111
0 0.599788 obgpc
4 0.935138 0.935144
0 0.518913 dxczx
3 0.676366 38
3 0.349931 18
4 0.417677 0.417774
4 0.344094 0.344115
3 0.403211 3
1 0.425969
4 0.877781 0.877791
0 0.986407 lsmoa
0 0.585074 bfftl
0 0.616589 dtutu
2 0.403849 0.000961
0 0.170604 xqbyh
4 0.934649 0.934704
1 0.659334
4 0.843868 0.843952
