0 0.96684 oirgc
4 0.694486 0.694468
4 0.470196 0.4701
2 0.858605 0.000778
4 0.673286 0.673227
1 0.076155
2 0.94749 0.000578
1 0.589362
4 0.792327 0.792232
4 0.616657 0.616562
4 0.451862 0.451803
3 0.36776 12
4 0.578598 0.578568
3 0.565146 28
2 0.423752 0.000108
1 0.097038
3 0.773782 43
2 0.237624 0.000123
3 0.826986 47
0 0.641582 msdoe
4 0.751953 0.751949
1 0.149092
2 0.366483 4.7e-05
4 0.034813 0.034729
1 0.047922
3 0.743791 42
2 0.433336 0.000749
2 0.485459 0.000343
3 0.367908 15
2 0.072617 0.000545
0 0.082777 gfarl
4 0.252096 0.251999
3 0.475097 10
2 0.12185 0.000184
2 0.865641 0.000426
0 0.298977 ebakm
1 0.661838
0 0.741313 uxedk
2 0.672667 0.000942
1 0.441115
1 0.119919
2 0.067301 0.000829
2 0.850838 0.000701
3 0.141616 23
0 0.646144 oenmz
3 0.264567 30
2 0.473734 0.000272
2 0.868414 0.000445
4 0.564708 0.564665
4 0.929099 0.929036
3 0.645369 40
2 0.941478 0.000559
1 0.858217
0 0.366423 lfxpy
0 0.693844 kjjux
0 0.358786 tjhyz
1 0.966448
3 0.469712 46
2 0.148568 0.000242
2 0.592004 0.000271
2 0.047153 0.000197
0 0.48715 ejhfm
2 0.484811 0.000747
4 0.75885 0.75881
3 0.661221 8
2 0.936141 0.000552
1 0.743353
0 0.265099 mwayj
3 0.149023 20
0 0.793948 rpmdq
1 0.367112
4 0.05502 0.054979
1 0.440644
1 0.841354
2 0.826589 0.000742
1 0.611192
2 0.578389 0.000375
0 0.58223 tpvow
2 0.148461 0.000818
0 0.600927 kekmp
0 0.367839 wzuqx
1 0.017796
4 0.43286 0.432781
4 0.648362 0.64836
1 0.047573
4 0.314139 0.314063
3 0.432585 5
4 0.272406 0.272321
0 0.121116 afkko
1 0.257917
4 0.868388 0.868354
0 0.521187 zhsjs
1 0.751204
3 0.965819 7
0 0.564822 mumfk
4 0.224741 0.224727
3 0.366933 8
1 0.052014
3 0.082505 35
3 0.392218 7
3 0.432901 14
2 0.59445 0.000838
0 0.661604 jqdca
4 0.595681 0.595583
4 0.422923 0.42292
4 0.741101 0.741061
4 0.868212 0.868118
0 0.70399 ehmvg
3 0.047769 8
0 0.940871 wxzfl
0 0.440795 vbxvt
3 0.660418 9
4 0.641153 0.641153
0 0.538519 qoyon
1 0.928102
0 0.69988 kylnr
1 0.251215
4 0.244039 0.243988
0 0.616222 bcxoo
3 0.03312 15
1 0.119439
3 0.963523 10
2 0.740591 0.00049
0 0.967414 mnolp
1 0.965919
0 0.652012 rcfpo
0 0.588682 scdss
3 0.415656 16
0 0.474105 rdnho
2 0.740893 0.000114
2 0.850223 8.2e-05
1 0.926706
2 0.096284 0.000216
2 0.70631 0.000434
1 0.850238
0 0.345554 vpuii
2 0.615917 0.000146
3 0.599997 41
4 0.485232 0.485179
4 0.746993 0.746985
0 0.751461 sugke
0 0.3737 gwujb
2 0.441044 0.000953
1 0.338462
4 0.0666 0.066527
1 0.351046
1 0.484856
0 0.213741 duzpb
4 0.791778 0.791729
0 0.001474 ggbsz
1 0.469244
2 0.752826 0.000683
4 0.36623 0.366167
4 0.167346 0.16727
1 0.578167
4 0.894823 0.894782
1 0.473342
2 0.359442 0.000289
4 0.96604 0.965961
4 0.078177 0.07812
3 0.236812 6
0 0.464916 lhkgo
3 0.47357 40
1 0.061363
4 0.588539 0.58852
4 0.005175 0.005156
1 0.928626
4 0.886002 0.885912
1 0.751053
0 0.292931 ztmto
0 0.141242 aidlw
4 0.307336 0.307309
0 0.791718 xegoi
0 0.275891 hpwob
1 0.826708
2 0.004711 0.000652
1 0.047124
2 0.988663 0.000487
4 0.067071 0.067038
2 0.293508 0.000149
1 0.047045
0 0.645016 rnwif
1 0.096918
2 0.794563 0.00046
1 0.858056
1 0.316024
4 0.672977 0.672915
4 0.806458 0.806458
1 0.071746
1 0.49138
1 0.616133
3 0.000916 41
0 0.075929 qdjbs
0 0.208092 ewhsc
0 0.578254 pjphp
4 0.189452 0.189429
0 0.236779 jclgj
4 0.338935 0.338918
2 0.120926 0.000429
4 0.270852 0.270811
1 0.298319
2 0.351183 0.000101
1 0.947363
1 0.880979
4 0.474379 0.474357
0 0.367111 xlgsr
3 0.473257 19
2 0.177776 0.000236
0 0.440305 vhxel
3 0.303124 13
2 0.121344 0.000909
1 0.317135
2 0.367643 0.00099
0 0.353561 plpvv
3 0.119631 19
3 0.316419 16
2 0.067283 0.000436
0 0.673703 lggzn
1 0.43277
1 0.160437
1 0.118938
3 0.382118 13
0 0.864743 hsvmo
3 0.714919 45
1 0.589136
1 0.464066
3 0.645775 16
3 0.905107 37
4 0.578404 0.5784
3 0.175601 38
3 0.119388 11
4 0.369554 0.369522
4 0.473098 0.473039
0 0.106054 acuym
2 0.57809 0.000932
4 0.061702 0.061666
4 0.432753 0.432667
2 0.275466 4.8e-05
1 0.081945
1 0.370679
1 0.432461
0 0.033282 rcrqk
4 0.645249 0.645227
2 0.7106 0.000578
4 0.423276 0.423227
4 0.651127 0.651105
2 0.367532 0.000132
1 0.701854
3 0.660902 46
3 0.647296 7
2 0.694476 0.000438
4 0.27061 0.270542
3 0.121479 46
4 0.275498 0.275477
1 0.694212
4 0.417147 0.417119
4 0.237034 0.237011
2 0.006238 0.000681
2 0.865604 0.000544
3 0.395647 13
3 0.564574 40
2 0.582984 0.000811
1 0.565126
2 0.106212 0.000501
1 0.751917
0 0.656382 rebmo
3 0.857808 41
4 0.678941 0.67885
0 0.440275 hgefb
0 0.924673 ugxik
0 0.11974 gbmqa
2 0.698976 0.000492
1 0.121808
2 0.841474 0.000882
4 0.365773 0.365752
4 0.855383 0.8553
4 0.773484 0.773454
3 0.24424 11
3 0.742849 14
3 0.611919 8
4 0.850567 0.850476
3 0.087505 42
2 0.470093 0.000483
2 0.268038 0.000169
2 0.237454 0.000889
4 0.147831 0.147778
3 0.264377 2
1 0.152898
1 0.849885
3 0.531261 8
1 0.119526
3 0.089075 31
1 0.75111
2 0.73834 0.000732
4 0.740864 0.740831
0 0.052639 bsshr
2 0.075662 0.000182
1 0.560688
2 0.661341 0.000325
0 0.176742 cwnmt
1 0.119539
2 0.885025 0.000372
4 0.578446 0.578411
4 0.361524 0.361431
3 0.067273 30
3 0.092015 29
0 0.366427 swmfu
0 0.021502 xihxc
3 0.867719 23
1 0.254288
3 0.474706 13
2 0.878758 0.000343
3 0.23709 10
3 0.96013 23
0 0.485053 pkxpn
3 0.396141 14
3 0.075512 48
2 0.869387 0.000812
4 0.075973 0.075875
4 0.420068 0.42001
2 0.121066 0.000692
3 0.28419 43
2 0.440474 0.000121
3 0.355457 49
0 0.140618 jaamv
2 0.294292 0.000875
1 0.661623
1 0.658771
4 0.865451 0.865352
1 0.010405
1 0.432512
2 0.753928 0.000376
1 0.047597
0 0.641537 knmmj
0 0.564343 ekrzg
0 0.108459 jcaqi
1 0.64133
4 0.441092 0.441013
1 0.773278
1 0.575074
2 0.047602 0.000841
0 0.669672 gbqrx
2 0.047078 0.000295
0 0.013721 ujbge
4 0.072445 0.072402
1 0.117247
0 0.149045 sjmbm
4 0.745332 0.745302
1 0.589321
1 0.711122
4 0.615866 0.61577
4 0.818448 0.818413
4 0.367226 0.367207
3 0.48974 43
2 0.946718 0.000305
2 0.113177 0.000989
2 0.589198 0.000766
3 0.573639 32
1 0.047022
1 0.207472
0 0.645831 pfkyu
0 0.503029 cwjxj
1 0.928866
0 0.707868 hncjh
1 0.858305
4 0.118065 0.11802
4 0.564819 0.56472
2 0.174049 0.000428
1 0.096602
0 0.919144 kufoy
0 0.645352 lczdn
0 0.64441 prgsc
3 0.474794 49
4 0.403771 0.403734
1 0.251723
4 0.273945 0.273878
4 0.578075 0.578012
2 0.082624 0.000407
2 0.640597 0.000523
3 0.19437 6
3 0.066829 29
0 0.282243 jxgpw
1 0.772896
3 0.816328 11
1 0.661198
0 0.054455 pjlhq
4 0.096508 0.09646
4 0.137152 0.137109
2 0.858494 0.000825
4 0.884056 0.883965
2 0.366424 0.000107
4 0.968445 0.968398
1 0.615719
0 0.133365 vlbto
4 0.45103 0.45103
3 0.759737 12
3 0.751849 46
4 0.576276 0.576271
3 0.469844 39
1 0.371262
3 0.072413 21
0 0.943697 fgtdy
1 0.865391
3 0.752882 20
3 0.773656 35
1 0.896144
4 0.66174 0.661653
4 0.835292 0.835226
0 0.6726 qsdjj
3 0.563864 32
3 0.096123 10
0 0.127583 obwdk
2 0.751288 0.000435
2 0.314883 0.000157
2 0.432663 0.000125
1 0.461109
1 0.033905
1 0.861935
0 0.263696 tvgqz
3 0.300705 36
4 0.0345 0.034495
2 0.383543 0.000379
3 0.58847 25
3 0.422368 0
1 0.661669
3 0.829981 42
0 0.473009 huqws
2 0.795243 0.000441
3 0.865152 36
0 0.389346 vgxze
3 0.564652 19
0 0.506886 zwagf
3 0.096352 31
1 0.443127
1 0.564615
1 0.281663
4 0.119308 0.119253
2 0.821936 0.000745
3 0.422772 16
3 0.309742 0
0 0.451653 lkwor
1 0.283506
3 0.121297 48
4 0.674093 0.674084
1 0.263675
1 0.128327
1 0.141424
3 0.533995 22
3 0.121637 4
2 0.951281 0.000282
3 0.751271 22
4 0.906681 0.906617
4 0.451178 0.45109
2 0.745082 0.000867
4 0.367459 0.36743
1 0.464275
4 0.45171 0.451639
4 0.313785 0.313732
3 0.034676 47
4 0.955818 0.955757
1 0.148437
1 0.230674
3 0.298779 31
3 0.072779 40
3 0.673061 22
2 0.039414 7e-06
0 0.474741 kbrvh
3 0.99799 13
1 0.740737
2 0.432074 0.000126
3 0.946605 27
1 0.566592
2 0.641313 0.000558
0 0.636138 rvzyy
0 0.850173 qefwp
1 0.128141
2 0.075167 0.000402
3 0.010965 44
0 0.096282 lhjlg
4 0.189188 0.189101
1 0.071828
1 0.954709
0 0.096315 uobzs
3 0.204429 3
4 0.148785 0.148712
0 0.560122 fakcs
3 0.075841 31
1 0.251375
1 0.850684
1 0.963491
0 0.072526 jdyun
4 0.101346 0.101293
4 0.096628 0.096541
3 0.630395 29
0 0.450949 vidny
2 0.135671 0.000794
1 0.740507
0 0.70602 mmlfx
0 0.564711 zygoz
3 0.777078 23
3 0.36592 20
4 0.433235 0.433218
2 0.672676 0.000425
1 0.411441
3 0.640918 13
3 0.38928 49
0 0.121628 aigzf
4 0.262468 0.262442
4 0.564385 0.564362
1 0.480168
0 0.645417 spgyz
1 0.985843
2 0.58903 0.000648
1 0.590811
0 0.047348 fndqs
4 0.594845 0.594777
2 0.472987 0.000857
3 0.595581 8
2 0.047672 0.000426
0 0.082608 vqzel
3 0.743125 0
1 0.577836
2 0.121613 3.5e-05
3 0.959534 34
3 0.773501 34
0 0.712007 dvcqn
1 0.6163
2 0.947158 3.3e-05
1 0.072508
0 0.333462 ptczi
2 0.12115 0.000311
4 0.030746 0.030727
1 0.071766
4 0.241735 0.241698
3 0.118991 26
3 0.325839 7
2 0.751789 0.00074
3 0.132821 46
2 0.071914 0.000515
3 0.401801 36
0 0.09648 ekipu
1 0.316983
1 0.047189
3 0.283845 3
4 0.034253 0.03422
3 0.176764 14
1 0.564664
0 0.31322 tpect
4 0.440753 0.440723
0 0.493563 ijgge
2 0.071827 0.000876
2 0.369906 0.000891
3 0.672664 9
1 0.111531
2 0.047084 0.000181
2 0.394329 0.000895
4 0.367097 0.367053
4 0.960616 0.960566
2 0.474128 0.000736
4 0.573875 0.573848
0 0.121596 fumjr
0 0.577914 jyleq
1 0.672799
1 0.145372
3 0.082355 4
3 0.854913 32
0 0.56373 jolnc
4 0.329448 0.329383
3 0.451463 26
1 0.171456
2 0.578094 0.000528
0 0.075736 syaqi
4 0.661209 0.661148
3 0.735966 49
4 0.564329 0.564303
0 0.836291 zfkfl
0 0.693821 egsep
4 0.044338 0.044242
2 0.742932 9e-05
4 0.070358 0.070353
2 0.661343 0.000945
3 0.33652 8
2 0.075548 0.000296
2 0.969625 0.000592
2 0.645201 0.000129
4 0.009039 0.009013
3 0.741059 13
3 0.394111 32
1 0.485155
2 0.026397 0.000912
2 0.826625 0.000398
2 0.507986 0.000342
4 0.661321 0.661261
3 0.190909 37
1 0.432394
1 0.625824
0 0.121097 tnaja
4 0.084649 0.08463
1 0.473652
2 0.599772 1.4e-05
3 0.047919 1
3 0.039692 31
0 0.366269 hpbfc
1 0.315477
3 0.578399 7
3 0.364598 6
0 0.367152 dktiz
1 0.905866
4 0.857877 0.857824
3 0.902525 2
0 0.066434 wbtdo
4 0.977172 0.977076
2 0.485221 0.000683
2 0.513421 0.00021
1 0.433009
4 0.006281 0.006225
4 0.251532 0.251516
3 0.665955 36
2 0.237566 0.000528
2 0.445582 0.000625
1 0.672907
0 0.110651 wrskx
2 0.470038 0.000437
3 0.280091 1
2 0.791994 0.000334
1 0.8649
2 0.615683 0.000203
0 0.89842 ltwov
4 0.791612 0.791525
0 0.605469 llhiz
4 0.29805 0.298026
3 0.02618 16
0 0.850625 fubhe
2 0.938161 1.2e-05
4 0.07236 0.072356
3 0.943654 29
2 0.947246 0.000834
4 0.867171 0.867161
4 0.48527 0.485227
1 0.686755
0 0.367449 zgwqs
4 0.669097 0.669007
0 0.868088 kwvce
4 0.33071 0.330621
3 0.826936 8
4 0.512805 0.512762
1 0.469816
4 0.267874 0.267776
2 0.264294 0.000761
0 0.208522 tqiwt
2 0.297991 0.00021
0 0.524106 crbnu
3 0.616604 3
0 0.436803 egizf
0 0.694261 vquqv
2 0.115686 0.000737
4 0.928297 0.928206
3 0.252607 15
2 0.751226 0.000655
4 0.348465 0.348409
2 0.75189 6.4e-05
4 0.00164 0.001621
3 0.641557 31
2 0.987115 0.000272
1 0.742899
3 0.243034 9
2 0.08239 5.9e-05
1 0.788852
3 0.121312 45
4 0.595914 0.595877
3 0.07228 40
2 0.208994 0.000905
0 0.148482 grcuq
3 0.412581 1
2 0.075728 0.00057
3 0.965318 17
3 0.075699 45
4 0.089794 0.089707
4 0.850604 0.850516
3 0.187844 28
0 0.072583 abpjg
2 0.317775 0.000376
0 0.645176 dghbp
1 0.771461
4 0.858387 0.858336
4 0.818414 0.818383
4 0.564771 0.564729
3 0.580112 42
2 0.640623 0.000634
2 0.785155 0.000955
4 0.474683 0.474642
0 0.327875 wwjog
0 0.075514 cmiwj
0 0.679906 aodcl
4 0.485079 0.485076
1 0.707146
1 0.366357
2 0.798403 0.000675
1 0.119353
3 0.487559 35
1 0.120954
1 0.250216
2 0.791973 0.000749
0 0.542884 zwvqy
2 0.298576 0.000405
0 0.597162 wsaiy
0 0.440314 jalnw
1 0.641363
3 0.928884 46
4 0.404843 0.404788
3 0.11936 1
1 0.041073
4 0.672362 0.672293
4 0.015201 0.015142
2 0.864751 0.000734
2 0.203768 0.000449
2 0.564191 0.000249
2 0.834713 0.000804
3 0.264353 8
3 0.699288 22
3 0.928824 13
0 0.536634 jckfs
2 0.451122 0.000701
3 0.558609 3
3 0.589254 31
4 0.122322 0.12223
4 0.773274 0.77327
0 0.221783 davxi
4 0.946712 0.946676
2 0.90787 0.000789
2 0.850506 0.000506
2 0.65944 0.000388
3 0.474334 25
3 0.334271 32
1 0.469763
2 0.987112 0.000228
3 0.298331 38
2 0.770869 0.000977
1 0.365569
2 0.029326 0.000706
2 0.148713 0.000197
4 0.53773 0.53771
1 0.367423
1 0.576105
4 0.743742 0.743695
2 0.225237 0.000701
3 0.474851 40
3 0.242805 16
0 0.69441 nizkq
0 0.824012 sjwlv
3 0.264512 6
4 0.318756 0.318755
1 0.867671
4 0.003753 0.003743
4 0.367138 0.367096
1 0.43395
4 0.578325 0.578239
3 0.921869 43
4 0.485457 0.485373
4 0.564486 0.564446
0 0.251213 ytgmr
1 0.192258
0 0.1485 ivtqr
0 0.044592 jsqtj
1 0.578251
1 0.188051
0 0.661186 jfuvb
0 0.766243 cvrhf
4 0.743783 0.743733
1 0.55023
2 0.7407 0.000884
1 0.832599
2 0.751277 1.8e-05
4 0.486459 0.486421
4 0.564029 0.564015
3 0.546372 35
3 0.56397 47
3 0.514137 27
2 0.773507 9.5e-05
2 0.245226 0.000382
3 0.791591 27
3 0.609426 13
1 0.140931
3 0.217915 22
4 0.751619 0.751618
0 0.367471 kzcww
2 0.672155 0.00082
2 0.79657 0.000556
4 0.298749 0.298738
0 0.525771 uimkm
2 0.640987 0.000712
2 0.446476 0.000397
2 0.589208 0.000326
0 0.562018 ppvak
1 0.072072
0 0.575252 tsuwj
0 0.563728 rywax
3 0.585079 24
0 0.645638 hknrv
3 0.782189 14
3 0.615861 33
2 0.564725 0.000468
3 0.693673 13
4 0.026535 0.026452
0 0.61595 vztde
4 0.512863 0.512805
2 0.047384 0.000197
0 0.653686 bzdzl
4 0.826087 0.826023
3 0.336734 11
4 0.826725 0.826676
0 0.624417 xocqk
2 0.741079 0.000111
3 0.577219 26
4 0.252076 0.252001
4 0.609919 0.609828
4 0.469471 0.46947
0 0.446339 wkagy
3 0.148667 20
3 0.856012 32
3 0.79136 4
2 0.639339 0.00048
1 0.034015
2 0.137626 0.000523
3 0.423431 6
0 0.500463 ucavh
0 0.564596 cupsg
0 0.926405 cswiq
0 0.474541 vrfcg
2 0.460756 0.000478
2 0.773149 0.000623
0 0.468097 xsivy
2 0.67289 0.000914
1 0.279454
1 0.661031
1 0.140833
1 0.469467
4 0.184782 0.184749
2 0.772825 0.000215
4 0.890679 0.890665
1 0.469272
0 0.256906 kaszq
2 0.85058 0.000348
3 0.078372 2
4 0.660945 0.660918
1 0.774259
0 0.743227 sgsik
1 0.57608
4 0.661548 0.66153
0 0.508805 nfjji
4 0.67202 0.671977
1 0.943886
0 0.119037 fjiyp
3 0.590756 17
2 0.947445 0.000159
1 0.439202
4 0.451552 0.45147
4 0.487261 0.487188
4 0.066846 0.066835
4 0.948147 0.948053
3 0.850021 46
1 0.345573
4 0.42348 0.42345
0 0.694788 xzykd
0 0.75102 kqesv
3 0.180637 32
2 0.432535 0.000843
2 0.891374 0.000509
3 0.252023 15
2 0.120206 0.000862
0 0.14818 fbcne
2 0.051392 0.000657
1 0.44029
3 0.210018 28
4 0.470061 0.470043
0 0.143269 munas
3 0.867859 20
3 0.766401 23
3 0.237559 17
4 0.691957 0.691863
2 0.36638 0.00025
1 0.483239
1 0.79211
1 0.944051
4 0.645371 0.645309
1 0.822145
2 0.640722 0.000831
1 0.969278
0 0.297983 easkb
1 0.215359
0 0.64118 qmekq
2 0.458434 0.00027
3 0.743727 49
1 0.3955
2 0.672055 0.000302
0 0.945174 tybba
1 0.947211
4 0.416731 0.416726
4 0.469991 0.469922
2 0.544444 0.000294
1 0.966126
3 0.631058 4
3 0.616245 30
4 0.807103 0.807004
3 0.298047 11
2 0.473013 0.000616
1 0.751597
2 0.242918 0.000801
3 0.867583 45
0 0.614889 dgeqj
2 0.367527 0.00022
3 0.654219 2
1 0.096051
4 0.43428 0.434272
2 0.367593 0.000442
4 0.219364 0.219291
2 0.564488 0.000247
0 0.706421 lhwnm
0 0.966297 daubz
0 0.111932 jvoib
2 0.751074 0.00079
0 0.819537 syuck
3 0.251925 23
1 0.844066
3 0.433006 43
4 0.069263 0.069199
0 0.076033 danbd
0 0.814866 zoahn
2 0.772952 0.000738
2 0.552896 0.000596
3 0.072091 43
2 0.831942 0.000519
2 0.140699 0.000357
3 0.480245 10
1 0.966334
0 0.748952 nzpbt
3 0.485455 39
1 0.697283
2 0.4851 0.000568
2 0.431457 0.000561
4 0.470037 0.46996
3 0.886623 29
1 0.120878
1 0.8628
4 0.451327 0.451303
0 0.268074 yglar
2 0.485447 0.000404
3 0.506178 8
4 0.121723 0.121685
4 0.757094 0.757073
1 0.047607
2 0.828534 0.00085
1 0.432527
2 0.157119 8.3e-05
4 0.432875 0.432842
2 0.454806 0.000864
0 0.03459 bebou
0 0.879597 kwaqv
0 0.751152 ufovl
4 0.001046 0.000948
1 0.423264
0 0.555389 vslrr
2 0.850042 0.000469
1 0.58584
3 0.671834 44
2 0.217624 0.00028
1 0.2641
4 0.363991 0.363919
0 0.440121 dgagl
0 0.782327 kvxbm
2 0.57775 0.000174
4 0.142472 0.142418
2 0.928257 0.000152
3 0.480514 7
2 0.673262 0.000953
0 0.958724 uumrg
3 0.850271 1
1 0.888415
2 0.119187 0.00018
0 0.643333 xiomc
0 0.149012 spuzg
0 0.810375 ptdrn
0 0.966462 ogauq
2 0.844193 0.000556
1 0.74331
0 0.619899 ukcfp
0 0.645378 bzdjk
4 0.607281 0.607256
4 0.440137 0.440065
2 0.387171 0.00048
3 0.075709 29
1 0.53036
3 0.474826 16
2 0.159317 0.000482
0 0.03412 krbhm
3 0.945177 32
0 0.07575 xxykp
1 0.771487
4 0.641364 0.641294
4 0.098535 0.098531
4 0.484519 0.484459
2 0.270267 0.000297
2 0.047311 0.000897
3 0.455317 4
4 0.826691 0.826623
4 0.745782 0.745767
1 0.121037
3 0.09232 17
4 0.86779 0.86771
1 0.653243
3 0.096834 12
4 0.056395 0.056364
0 0.791938 howah
2 0.3161 0.000126
0 0.867809 qzyru
2 0.636794 0.00053
3 0.865001 26
4 0.111871 0.111822
1 0.67171
1 0.070368
3 0.119166 31
3 0.645643 30
0 0.966099 uhmit
1 0.864925
1 0.67249
1 0.630753
2 0.141115 0.000506
1 0.578155
1 0.792133
2 0.373904 7.7e-05
2 0.484499 0.000891
4 0.423828 0.423774
4 0.47477 0.474705
3 0.253123 29
3 0.034377 19
4 0.568299 0.568223
2 0.661149 0.000585
0 0.950766 lelqo
4 0.451027 0.451007
4 0.001162 0.001125
4 0.772853 0.772796
2 0.443365 0.000178
3 0.67287 18
1 0.047457
0 0.034553 mfyqu
2 0.710163 2.9e-05
4 0.066474 0.066379
4 0.624895 0.624871
2 0.067284 0.000763
3 0.668872 31
3 0.671784 48
1 0.472143
1 0.826538
0 0.878137 nxfkz
1 0.484558
0 0.587666 wubch
2 0.047 2.5e-05
3 0.419921 38
1 0.640861
2 0.626596 0.000859
3 0.66093 47
2 0.438378 0.000874
0 0.85015 focoq
1 0.942487
3 0.868383 46
0 0.667248 zrakn
1 0.640723
1 0.446113
4 0.450895 0.450863
4 0.557533 0.557473
0 0.26369 wfljg
4 0.715384 0.715299
1 0.858592
4 0.140606 0.140528
0 0.066828 xdhde
2 0.43761 0.000423
0 0.826777 esigk
0 0.364866 jiqih
0 0.743366 simpd
1 0.607159
3 0.751767 46
0 0.269904 unacf
4 0.365649 0.365583
3 0.784735 13
3 0.119181 17
4 0.970636 0.970537
4 0.791353 0.791315
0 0.82816 rnnmi
2 0.263829 0.00083
0 0.836573 mtosm
3 0.366313 15
4 0.708169 0.708142
1 0.694417
0 0.213362 awtjh
3 0.61599 29
4 0.500592 0.500565
0 0.067017 uasnj
2 0.626197 0.000239
3 0.066632 40
0 0.918776 eteur
3 0.121096 20
2 0.764881 0.00037
4 0.947203 0.947132
2 0.161315 0.000636
0 0.485431 fmace
1 0.549701
3 0.082045 30
3 0.225317 34
0 0.096076 jfyky
1 0.17123
1 0.867833
1 0.729541
1 0.484978
0 0.40423 tcwbw
0 0.440142 mzlaz
1 0.571735
1 0.096919
0 0.250764 xchtm
4 0.588946 0.588865
2 0.820976 0.000512
4 0.791899 0.791817
1 0.969086
4 0.741088 0.741083
3 0.321164 23
4 0.740888 0.740828
0 0.526431 eikzx
1 0.432773
4 0.936037 0.935966
4 0.365586 0.365545
0 0.367384 frfoc
4 0.367269 0.367256
3 0.134922 10
4 0.826949 0.826906
3 0.378366 7
4 0.36711 0.367035
3 0.290696 18
3 0.661838 24
1 0.890374
3 0.740982 36
0 0.366605 ojlsb
0 0.850639 iecfr
3 0.413014 40
3 0.484626 22
0 0.109559 whatw
1 0.565068
2 0.21668 0.000502
0 0.646055 uullq
4 0.674712 0.674706
4 0.298804 0.298717
1 0.197084
4 0.251801 0.251728
4 0.992347 0.992261
2 0.641476 8.7e-05
4 0.653102 0.653074
4 0.966483 0.966473
4 0.361421 0.361405
4 0.673167 0.673144
0 0.772203 rzwzs
1 0.565033
1 0.507684
0 0.773108 jtexf
0 0.90984 luwda
0 0.141508 jjrsk
3 0.273082 39
1 0.03412
3 0.172141 20
4 0.118995 0.118989
1 0.194764
4 0.966781 0.966754
0 0.302576 lyise
2 0.148476 8.3e-05
4 0.478865 0.478857
0 0.96653 zksjh
3 0.410802 41
0 0.469774 hsixy
0 0.786843 ugctd
3 0.966087 37
2 0.148415 0.000301
1 0.741115
4 0.084789 0.084697
1 0.645183
2 0.223325 0.000805
2 0.75097 0.00071
1 0.627249
2 0.578519 0.000926
2 0.862619 0.000228
2 0.470148 0.000259
2 0.943539 0.0004
4 0.867573 0.867535
1 0.654166
1 0.140648
1 0.299656
0 0.826663 vgvqk
0 0.306192 cckwl
1 0.072056
4 0.759222 0.759171
2 0.867863 0.000334
3 0.359279 40
3 0.451069 0
2 0.366395 0.000908
3 0.46952 9
0 0.008228 nkpyz
4 0.067059 0.066974
0 0.535145 mtocl
2 0.366449 0.000336
2 0.222942 7.1e-05
4 0.564655 0.564564
3 0.802046 20
3 0.616359 19
2 0.276892 0.000706
3 0.485108 13
0 0.12183 sfwct
1 0.034096
2 0.349223 0.00077
3 0.826953 17
1 0.338795
0 0.92844 wlycx
2 0.849489 0.000178
4 0.474154 0.474097
0 0.809118 cmcql
1 0.578459
3 0.820406 36
0 0.661081 ojfsw
2 0.523083 0.000406
4 0.671995 0.671897
3 0.77279 33
2 0.440854 0.000289
2 0.117374 0.00078
0 0.641355 nhktj
0 0.508585 cyuhe
3 0.57804 6
3 0.316541 26
3 0.741136 35
1 0.592309
0 0.367214 xkdjc
1 0.646975
4 0.264306 0.264285
3 0.752174 33
2 0.661083 0.000309
1 0.392588
3 0.034803 15
0 0.956855 svunl
4 0.740342 0.740297
2 0.756966 0.000658
3 0.121028 35
3 0.47561 41
4 0.07254 0.072496
0 0.335439 ynllb
1 0.564163
1 0.446585
3 0.075321 1
0 0.267807 aulls
1 0.148975
0 0.294217 tubgi
3 0.672356 1
1 0.113226
3 0.149049 5
2 0.833289 0.000613
4 0.791512 0.79147
1 0.747901
3 0.773101 40
2 0.900962 0.000662
1 0.42287
2 0.530917 0.000634
0 0.857924 iwnjj
4 0.675551 0.675467
0 0.474214 lojvt
3 0.306804 3
1 0.751669
3 0.775737 18
3 0.034184 47
1 0.874932
4 0.867924 0.867878
4 0.132836 0.132756
2 0.082514 0.000487
1 0.892636
3 0.672318 47
2 0.582887 0.000436
2 0.47463 0.000816
1 0.261754
3 0.772935 13
0 0.131928 zoirt
3 0.928659 28
1 0.62983
2 0.67282 0.000409
1 0.174653
3 0.640708 19
4 0.186595 0.186557
4 0.857908 0.857899
0 0.480238 jwrkz
0 0.85859 nlzcv
2 0.20782 0.000831
0 0.589106 yfaia
4 0.715677 0.715602
0 0.474419 sgzeo
0 0.088861 vadip
2 0.79204 0.000127
3 0.799896 38
2 0.237037 0.000842
4 0.848362 0.84832
1 0.751679
1 0.943327
0 0.740332 ciwff
1 0.441922
3 0.966459 6
3 0.185453 49
0 0.067249 rubxb
4 0.890725 0.890641
4 0.148699 0.148682
3 0.063811 1
2 0.034298 0.000393
0 0.297896 teujh
4 0.74359 0.743514
2 0.367455 0.000533
4 0.237529 0.237449
0 0.125488 bamgb
4 0.791648 0.791597
0 0.766431 nylxd
0 0.858402 zvdud
1 0.671335
2 0.74347 3.9e-05
4 0.729872 0.72984
1 0.067156
4 0.287398 0.28737
4 0.577896 0.577838
4 0.707217 0.707204
4 0.047539 0.047523
2 0.97299 0.000403
4 0.072056 0.071978
0 0.140433 kircx
2 0.470149 0.000559
1 0.052101
4 0.148809 0.148757
1 0.448107
0 0.047045 zdmqg
4 0.718309 0.718245
0 0.867448 wigxk
4 0.051433 0.051401
3 0.858074 44
1 0.62199
2 0.237065 0.000635
0 0.26568 owhoy
1 0.07191
4 0.992108 0.992081
0 0.946697 uiump
2 0.003529 0.00038
4 0.928923 0.928891
4 0.475856 0.47579
0 0.578566 uttiu
2 0.948062 0.000651
3 0.645308 26
2 0.217862 0.000216
0 0.92902 vrvmd
3 0.320242 39
3 0.366457 1
3 0.188061 41
2 0.850168 0.000795
4 0.528506 0.528484
3 0.119081 13
1 0.15527
0 0.485129 xqurx
4 0.930592 0.930522
0 0.252023 giwtb
2 0.696066 7.6e-05
0 0.640861 mlrko
0 0.88374 bawbj
3 0.484684 30
0 0.258201 eijvy
1 0.966534
1 0.777771
2 0.865271 0.000695
0 0.152943 mqgkt
3 0.119627 25
3 0.981903 26
3 0.264046 46
1 0.921417
4 0.693666 0.693657
2 0.271054 0.000631
4 0.0477 0.047675
1 0.322026
3 0.743538 41
2 0.659026 0.000196
3 0.826861 42
2 0.008348 0.00036
1 0.56466
4 0.8632 0.863107
0 0.67197 ookxw
1 0.203462
3 0.42374 13
0 0.582433 xnmqq
3 0.693585 5
0 0.970453 tenkm
0 0.440529 bjker
2 0.156079 0.000303
4 0.740727 0.740687
0 0.615757 ynghq
2 0.237559 0.00053
2 0.801776 0.00053
3 0.82664 36
1 0.873765
3 0.473458 4
4 0.738565 0.738475
1 0.965858
3 0.64861 17
2 0.946686 0.00043
1 0.414663
1 0.433162
1 0.534275
0 0.119483 mtkjj
0 0.581494 ulkvr
3 0.141343 9
4 0.272055 0.272008
2 0.096697 0.000788
3 0.458616 1
1 0.741003
2 0.823751 0.000814
0 0.451015 ydoih
2 0.052472 0.000492
3 0.928704 35
3 0.476612 28
4 0.472829 0.47275
0 0.348944 edjsr
1 0.928497
0 0.601183 mdlkf
4 0.29806 0.298045
1 0.070529
1 0.263675
0 0.811876 nugcz
3 0.661497 5
0 0.966066 wtgrg
1 0.792193
0 0.810126 xsijh
4 0.075991 0.075981
3 0.578316 15
2 0.469506 0.000727
4 0.441756 0.441691
1 0.072321
0 0.558462 qpuhb
0 0.367632 wxqaj
2 0.946801 0.00081
1 0.423056
0 0.891508 haymd
0 0.616325 irnfb
0 0.13456 tdevn
4 0.367607 0.367556
4 0.808217 0.808118
4 0.672412 0.672358
3 0.648521 31
3 0.564387 7
3 0.461038 30
0 0.072176 iuqur
2 0.733885 0.000407
1 0.6159
4 0.626563 0.626531
0 0.858489 ztbia
4 0.957011 0.956936
1 0.947087
0 0.93572 iyxhd
3 0.08273 31
1 0.526963
3 0.588744 17
4 0.793106 0.793007
0 0.451409 dglon
2 0.085958 0.000548
3 0.641541 28
2 0.714371 0.000175
3 0.672479 36
2 0.120159 3e-06
1 0.673278
1 0.253117
2 0.066424 4.3e-05
3 0.1737 3
3 0.141429 5
1 0.608782
3 0.589147 37
1 0.626451
4 0.588711 0.588689
3 0.118011 46
0 0.928628 prjof
0 0.018268 bjtvk
1 0.440742
2 0.978837 0.000825
3 0.865405 16
2 0.870248 0.000462
3 0.564995 26
2 0.957743 0.000531
0 0.966145 lsbbq
2 0.624175 0.000507
1 0.864792
1 0.32602
1 0.236938
4 0.529797 0.529738
4 0.661576 0.661484
2 0.436317 4.7e-05
4 0.928552 0.928531
0 0.041032 uinqe
0 0.474502 ikbnq
2 0.647541 0.000652
1 0.422897
0 0.268583 lsqme
4 0.473572 0.47357
2 0.81297 0.000278
0 0.36705 yatqo
0 0.522048 jpbba
2 0.564807 0.000818
4 0.224954 0.224914
1 0.672371
0 0.654624 runxr
2 0.14078 0.000444
3 0.547884 17
1 0.673039
4 0.894974 0.894911
0 0.474468 mtohv
2 0.288915 0.000508
4 0.423506 0.423408
1 0.726341
4 0.433118 0.433114
0 0.167579 pddyg
2 0.45129 0.000117
2 0.285156 0.000408
0 0.034585 qtqml
2 0.015749 0.000676
0 0.472953 rzoly
2 0.545232 3.5e-05
2 0.616231 5.2e-05
0 0.960834 uybji
1 0.578255
3 0.207611 21
3 0.23703 31
0 0.212736 zwjui
2 0.298029 0.000367
0 0.815134 mjsqj
0 0.825997 wount
0 0.398797 jnhnf
1 0.119594
2 0.124875 0.000626
1 0.451728
3 0.517404 33
2 0.298176 0.000391
2 0.976132 0.000103
0 0.121326 zspqd
2 0.155954 0.000268
0 0.264051 leing
1 0.377338
3 0.743502 24
2 0.954773 0.000577
4 0.564546 0.564459
3 0.250362 34
4 0.672498 0.672482
4 0.508664 0.508632
4 0.366921 0.366828
2 0.586529 0.000281
0 0.366284 yigmx
1 0.642028
0 0.11972 pnvdg
4 0.528499 0.528429
0 0.251617 sqgxb
4 0.645939 0.64589
3 0.485261 17
1 0.951226
4 0.640896 0.640892
0 0.765075 jezxz
2 0.367607 0.000167
3 0.662662 33
3 0.365979 46
1 0.930034
4 0.075232 0.075169
3 0.327244 49
4 0.047582 0.047573
1 0.56883
2 0.578411 0.000481
4 0.149441 0.149346
0 0.047835 dthiz
4 0.288546 0.288456
2 0.864648 0.00044
3 0.98917 30
4 0.57801 0.578002
2 0.038776 0.000541
3 0.74099 17
3 0.236763 22
3 0.367358 43
4 0.883392 0.883354
0 0.251254 fuwlk
0 0.123268 yziqj
2 0.473599 3.3e-05
4 0.460057 0.459989
3 0.148624 30
0 0.989206 sbmix
3 0.047597 37
0 0.367166 rtnjv
1 0.564354
2 0.120555 7.5e-05
2 0.564432 0.000161
3 0.555482 46
4 0.034257 0.034241
3 0.937232 43
0 0.616594 silbp
0 0.062732 iwntb
0 0.367377 txrvx
0 0.749543 ooxup
0 0.469668 lxepf
1 0.164138
3 0.469543 5
4 0.842183 0.842145
2 0.237545 0.000334
0 0.285974 aurkd
3 0.672029 19
1 0.697752
0 0.564549 rebip
3 0.653424 32
0 0.694485 vupjo
1 0.936088
1 0.672571
0 0.598307 ojrua
3 0.4231 45
3 0.57613 21
2 0.067258 5.3e-05
0 0.960667 iucum
1 0.367665
1 0.698935
0 0.42306 diodj
0 0.689852 mracp
4 0.451606 0.45153
0 0.347095 kadoy
1 0.096977
0 0.095531 nuifd
0 0.034377 lcvpq
0 0.29754 qsupn
4 0.773548 0.773452
2 0.249151 0.00021
4 0.09629 0.096219
1 0.602072
3 0.867757 43
2 0.072436 0.000973
3 0.096543 17
2 0.806862 0.000155
1 0.148435
3 0.30614 8
3 0.850342 10
0 0.429367 xzawa
2 0.251236 0.000126
0 0.736077 uuudk
2 0.645168 0.000276
4 0.484784 0.484779
1 0.694328
2 0.01032 0.00014
3 0.148671 4
0 0.239653 uwyir
0 0.791989 tleuq
3 0.307071 2
4 0.075731 0.075688
2 0.557564 0.000221
4 0.264268 0.26421
0 0.517316 stmow
3 0.792263 10
0 0.431351 lfgmx
3 0.929031 45
1 0.162289
0 0.661599 pmvyo
4 0.548353 0.548344
3 0.236785 7
2 0.24619 0.000714
2 0.743199 0.000789
3 0.560844 7
0 0.867484 qcpro
0 0.975206 pqywh
4 0.423486 0.423388
1 0.31198
0 0.588602 cfgwm
1 0.205716
0 0.672938 fctyk
1 0.256438
3 0.867562 22
0 0.88755 gohfw
2 0.791894 3e-05
3 0.961401 48
3 0.470018 5
0 0.885307 kgqne
1 0.671997
2 0.097088 0.0002
2 0.693593 0.000987
3 0.452352 21
0 0.365889 pjuod
1 0.257023
4 0.565122 0.565033
2 0.766498 0.000727
2 0.826403 0.000524
1 0.672236
3 0.928329 34
0 0.207477 hvgnh
4 0.365731 0.365695
0 0.496718 lsmio
4 0.367661 0.367639
4 0.821335 0.821295
3 0.577959 30
1 0.977548
1 0.64087
1 0.116256
0 0.645332 kneqz
3 0.239507 15
0 0.441091 tnzhe
1 0.449861
1 0.865398
1 0.814247
2 0.865168 0.000493
3 0.465034 1
3 0.148589 34
3 0.107288 41
3 0.661777 46
2 0.135357 0.000867
4 0.440602 0.440511
2 0.244112 0.000873
1 0.563932
1 0.558732
4 0.615857 0.615777
0 0.731238 vvoly
0 0.850249 xgcnr
0 0.427826 asnob
2 0.082311 0.000425
1 0.582618
0 0.61568 pdhti
4 0.854197 0.854149
2 0.29893 0.00091
0 0.772873 tfhtl
2 0.850799 0.000185
0 0.624009 czyum
3 0.588505 33
0 0.178058 cbnsa
2 0.928531 0.000795
1 0.36448
3 0.047163 6
1 0.406768
3 0.740346 40
0 0.844102 mlzoe
0 0.928937 dwxrf
3 0.488983 9
3 0.29808 10
2 0.104666 0.000558
3 0.367235 40
0 0.013673 hdmhq
3 0.615921 49
2 0.652159 7.9e-05
3 0.672326 49
4 0.624591 0.62453
1 0.366327
2 0.14875 0.000181
4 0.075215 0.075214
0 0.786881 jyglm
0 0.564004 gntxr
1 0.97153
0 0.440786 lbvba
0 0.501188 lnazj
2 0.484545 0.000982
2 0.306413 0.000687
2 0.475089 0.000902
3 0.972538 9
2 0.440766 0.00043
2 0.62033 0.000387
3 0.740956 47
3 0.297824 24
0 0.119812 drqdc
3 0.462804 15
3 0.743209 22
4 0.833931 0.833877
3 0.850462 35
4 0.391733 0.391649
4 0.791903 0.791887
0 0.484531 brwwy
1 0.298785
0 0.86441 qeame
4 0.451471 0.451414
1 0.091476
1 0.661087
1 0.109902
3 0.473225 26
1 0.452229
4 0.772956 0.772885
1 0.436953
0 0.367006 alsvu
0 0.17579 dkaol
1 0.237345
4 0.569045 0.56898
0 0.928653 ydqmg
3 0.167174 12
3 0.367146 49
3 0.419552 32
3 0.751591 13
4 0.528931 0.528888
0 0.451272 cjspb
2 0.292436 0.000838
2 0.966747 0.000171
0 0.854855 oypng
1 0.432929
1 0.641707
0 0.298415 wbckj
4 0.837892 0.837836
2 0.641438 0.000629
0 0.725176 rjdrs
1 0.473545
1 0.030082
3 0.082142 10
4 0.514734 0.5147
4 0.671924 0.671914
2 0.575279 0.000981
3 0.047017 45
2 0.614904 0.000693
3 0.474243 7
0 0.627288 ovzag
0 0.74305 kecdv
1 0.134775
3 0.928166 22
3 0.117838 17
2 0.928798 1.5e-05
1 0.59359
3 0.366893 2
1 0.512696
4 0.367614 0.367535
2 0.502594 0.000747
2 0.047725 0.000908
4 0.639335 0.639237
1 0.946724
3 0.443622 49
3 0.367219 16
3 0.131242 13
4 0.066761 0.066692
0 0.318135 zvayq
0 0.928278 pkbxo
1 0.496576
1 0.741019
2 0.387702 0.000889
0 0.432863 kbira
3 0.346085 9
1 0.693971
4 0.527711 0.52766
3 0.04776 14
3 0.931013 3
2 0.075444 0.000361
3 0.24399 34
1 0.743274
0 0.774028 pcqmw
2 0.251331 0.000152
4 0.994539 0.994525
0 0.484469 elxzw
0 0.721295 uqjbr
2 0.096777 0.000608
2 0.89568 0.000622
1 0.74079
2 0.821927 0.000189
4 0.826027 0.825987
2 0.533406 0.000246
0 0.141557 dulky
4 0.205779 0.205693
2 0.772892 0.000482
0 0.422629 eaesl
0 0.141069 avret
4 0.781204 0.781142
1 0.072271
0 0.730608 wtxio
1 0.928541
3 0.843108 4
2 0.75178 0.000614
4 0.137473 0.137413
1 0.694068
3 0.816372 19
2 0.08269 0.000803
3 0.461807 4
0 0.298296 srbtb
3 0.594598 33
3 0.946907 25
2 0.497086 0.000593
0 0.565027 dxynp
0 0.037287 zizwp
1 0.047306
1 0.779322
0 0.66113 rksgy
4 0.758021 0.757951
3 0.564426 33
3 0.012437 23
1 0.56404
2 0.313506 0.000178
4 0.472823 0.472799
3 0.0319 35
4 0.740836 0.740815
2 0.61285 0.000344
2 0.616638 0.000636
3 0.696457 11
4 0.616158 0.616121
2 0.121029 0.000426
4 0.740747 0.740683
4 0.412851 0.412821
3 0.588535 22
4 0.784171 0.784151
0 0.440417 nwhqe
0 0.918193 uglnm
4 0.645279 0.645264
2 0.789495 0.000268
3 0.868004 14
0 0.280682 bskxm
2 0.588567 0.000859
1 0.372705
3 0.440688 27
0 0.417123 krtcy
1 0.563837
3 0.14772 6
1 0.474279
4 0.443954 0.443947
3 0.237475 7
0 0.545775 ucccv
3 0.141178 48
4 0.052936 0.052838
0 0.641099 dhtmd
2 0.000418 0.000732
4 0.120919 0.120914
1 0.204132
4 0.563739 0.563725
4 0.679862 0.679858
3 0.119778 44
2 0.708512 0.000629
0 0.264419 vuefw
1 0.97256
1 0.034554
2 0.192888 0.000307
2 0.67229 0.00081
4 0.855565 0.855514
2 0.264412 0.00034
0 0.851412 seeoz
3 0.672393 28
2 0.913518 0.000689
0 0.563746 ttuqp
2 0.701126 9.4e-05
3 0.693855 5
0 0.74002 gcbhj
0 0.928589 eaxjw
0 0.1691 youet
0 0.469916 eqlbu
1 0.602309
3 0.264369 47
1 0.070499
0 0.640971 acdfc
3 0.967498 8
1 0.858025
1 0.155774
0 0.966085 hzgbo
3 0.647687 43
0 0.740344 vcetw
0 0.518344 mwsyt
0 0.966155 doqax
2 0.749817 0.000968
1 0.367567
0 0.1173 ichgw
1 0.671735
4 0.202408 0.202382
0 0.264427 ajwmr
4 0.211033 0.210987
2 0.673 0.000769
0 0.534586 slgih
1 0.791459
1 0.986468
1 0.082334
2 0.405777 0.000944
4 0.365828 0.365773
0 0.273028 rdops
2 0.564984 0.000856
3 0.846099 18
3 0.645933 18
2 0.638843 0.000661
1 0.075732
2 0.95373 7.8e-05
2 0.946509 0.000477
2 0.467835 0.000912
2 0.48492 0.000532
2 0.154638 0.00045
0 0.472866 ejdhq
0 0.188147 tgnrv
4 0.79212 0.792103
0 0.815471 kplxy
3 0.947271 34
0 0.834439 ijrcy
3 0.947174 31
0 0.567343 lmpiz
1 0.264445
4 0.959579 0.959501
0 0.740634 czqyz
1 0.018658
2 0.565026 0.000828
1 0.362662
3 0.867836 31
3 0.801829 27
4 0.034288 0.034254
3 0.42708 23
4 0.641097 0.641073
1 0.678458
2 0.751558 0.000916
0 0.168992 gszbf
2 0.121634 0.000322
4 0.198091 0.197992
4 0.251797 0.251756
2 0.718319 0.000278
1 0.740654
0 0.318059 mkqfs
0 0.367717 tlnuh
1 0.441402
3 0.072257 42
3 0.521264 13
1 0.096048
2 0.145966 0.000402
3 0.423191 35
1 0.331417
3 0.578379 20
3 0.047748 36
2 0.07221 0.000189
3 0.817382 3
1 0.472783
3 0.285898 19
0 0.946794 gdtfm
0 0.278551 dqmwc
3 0.367846 44
3 0.982444 0
4 0.564316 0.564306
2 0.050014 0.00079
1 0.66096
4 0.676085 0.676068
0 0.751407 vdngy
3 0.282665 12
3 0.947415 7
3 0.959723 2
3 0.773442 30
1 0.061178
3 0.423375 23
2 0.969197 0.000119
0 0.645678 gtfjd
2 0.423565 0.000973
1 0.563943
1 0.297023
1 0.857935
4 0.028714 0.028692
0 0.26378 powbh
1 0.927681
4 0.119837 0.119764
3 0.375407 35
1 0.966366
1 0.718284
3 0.673031 0
3 0.96835 44
4 0.298034 0.298026
1 0.935854
4 0.066486 0.066391
3 0.442789 5
3 0.149051 26
1 0.028224
0 0.451696 llvxi
1 0.900619
4 0.485144 0.485124
3 0.740672 11
3 0.298398 25
0 0.016055 dbyvt
4 0.929088 0.929041
2 0.692058 7.6e-05
1 0.264352
0 0.723774 jbbbf
2 0.423633 0.000451
4 0.465174 0.465122
2 0.928563 3e-06
4 0.684487 0.684473
3 0.046978 23
0 0.457991 byvyt
1 0.645738
2 0.57341 0.000525
0 0.928585 xjhmv
4 0.305969 0.305942
3 0.693837 46
3 0.785641 39
3 0.564371 27
2 0.736922 0.000383
4 0.791661 0.79158
4 0.68718 0.687154
2 0.792297 0.000579
4 0.967257 0.967173
2 0.865541 0.000468
2 0.45589 0.000328
2 0.947476 0.000852
3 0.520749 8
2 0.047179 0.000969
1 0.96537
3 0.082608 33
1 0.392778
2 0.06645 0.000415
4 0.737778 0.737721
0 0.56415 sgwza
0 0.592293 ajqaa
0 0.672041 utsdx
0 0.65677 rrvnr
4 0.263964 0.263891
1 0.992239
1 0.120994
2 0.766499 0.000819
0 0.298882 mhstm
2 0.517134 0.000174
1 0.743202
0 0.439496 iisdp
1 0.365907
2 0.392019 7.6e-05
3 0.082689 22
3 0.443573 21
0 0.298593 olapm
0 0.162076 moaef
1 0.672519
0 0.43286 fexbw
1 0.23669
1 0.754896
0 0.563905 seqmg
0 0.947916 xpxls
0 0.075368 agcuz
0 0.764063 mptcd
2 0.563873 0.00095
4 0.865193 0.865135
1 0.472773
4 0.164505 0.164489
1 0.047306
0 0.691836 geeua
0 0.867877 fjrav
1 0.288027
1 0.693896
2 0.348612 0.000491
2 0.826747 0.000204
4 0.22504 0.224999
3 0.121389 44
1 0.546322
3 0.743602 1
4 0.286772 0.28676
3 0.251387 41
3 0.930673 33
2 0.693624 0.000358
2 0.414254 0.000751
0 0.298399 wgwar
1 0.124822
1 0.645651
0 0.483495 mclxs
0 0.673013 iuine
2 0.078609 0.000301
1 0.066545
3 0.398921 34
2 0.141119 0.000399
4 0.188344 0.188317
1 0.858419
3 0.016006 41
1 0.947052
4 0.957672 0.957656
0 0.366085 bbwyl
4 0.198197 0.198187
3 0.148518 24
4 0.874906 0.874826
1 0.661099
3 0.247156 47
3 0.641238 47
0 0.490268 mqblt
3 0.857675 35
0 0.821252 jbnnd
1 0.263867
4 0.121353 0.121304
2 0.641388 2e-06
1 0.691462
0 0.56427 arvnb
3 0.675495 20
2 0.121705 0.000833
0 0.628176 xadvs
4 0.826898 0.826809
4 0.635903 0.635814
3 0.096531 4
3 0.455 20
1 0.119723
0 0.302673 axygt
1 0.751438
3 0.855457 33
4 0.64143 0.641342
2 0.518522 0.000206
0 0.946745 jubls
1 0.759212
2 0.474716 0.000158
0 0.042295 mmxnz
4 0.751745 0.751719
2 0.020731 0.000984
4 0.850586 0.85053
2 0.848197 0.000146
3 0.791825 37
3 0.810883 48
3 0.48505 36
0 0.584411 nbhbe
1 0.236829
1 0.158659
2 0.072372 0.000396
2 0.20801 0.000106
2 0.928892 0.000748
0 0.868738 zwsmd
3 0.92873 28
0 0.189351 pntrh
4 0.082435 0.08238
0 0.765449 irkkd
0 0.096587 llhkn
3 0.303793 36
3 0.298132 41
4 0.86398 0.863892
0 0.082039 sfbhv
4 0.027936 0.027909
1 0.071683
3 0.245598 8
1 0.694327
1 0.697647
4 0.067112 0.067056
4 0.789671 0.789603
4 0.034122 0.034043
1 0.166523
3 0.966323 12
4 0.092803 0.092727
2 0.867819 0.000664
3 0.366473 14
2 0.075762 0.000605
4 0.245065 0.244992
0 0.928163 dtvqb
0 0.776958 fhhhx
0 0.773491 jtnoo
2 0.900674 0.000946
3 0.641038 18
0 0.99648 xqksv
2 0.237531 4e-05
3 0.332112 17
2 0.792242 0.000871
1 0.859366
0 0.066495 yxncb
0 0.237105 imviw
1 0.298232
1 0.963075
4 0.474809 0.474719
3 0.028511 6
4 0.741088 0.741007
1 0.197358
4 0.451701 0.451655
1 0.273105
4 0.034118 0.034116
0 0.239792 ejiuz
2 0.672513 0.000242
0 0.104877 iljal
0 0.03383 iwsrq
2 0.23268 0.000742
2 0.589202 0.000826
2 0.970031 0.000821
3 0.743159 44
4 0.326765 0.326666
0 0.367623 kakqi
4 0.541977 0.541941
3 0.251201 33
0 0.823408 nzdxk
3 0.237169 16
4 0.450554 0.450522
3 0.641028 2
0 0.214898 igtfm
3 0.148318 10
4 0.499786 0.499731
3 0.118942 33
4 0.051784 0.051685
3 0.251153 5
3 0.606497 9
3 0.588468 25
1 0.26297
0 0.066612 rcpbr
3 0.19507 18
3 0.469363 24
0 0.763416 xijwp
4 0.236814 0.236723
3 0.68378 6
0 0.473328 gyitf
4 0.207003 0.206996
0 0.119354 cmero
4 0.629755 0.62966
0 0.589206 oyiij
3 0.444078 7
2 0.067045 0.000625
4 0.990363 0.990345
0 0.298427 sjqdf
3 0.151742 35
0 0.06653 cqjoc
1 0.153809
1 0.966236
3 0.466647 20
3 0.36714 47
3 0.848088 45
2 0.966105 0.000394
2 0.158787 0.000835
4 0.067254 0.067223
1 0.505569
0 0.58912 qhvyd
3 0.410407 24
2 0.578066 0.000444
1 0.190985
1 0.641264
2 0.603773 0.000247
4 0.367056 0.367014
0 0.361006 mtdrv
1 0.140661
4 0.20028 0.200221
3 0.673045 2
2 0.704508 0.000671
3 0.868409 9
0 0.065136 bpqep
3 0.864663 31
1 0.724173
2 0.075259 0.00054
2 0.499452 0.000782
1 0.84999
0 0.270605 rhizl
2 0.672591 0.000892
4 0.04368 0.043652
4 0.645812 0.64581
1 0.91949
1 0.423349
3 0.106341 45
0 0.867571 gbrns
4 0.658888 0.65883
1 0.671951
0 0.698947 vykdh
4 0.865003 0.864913
4 0.956979 0.956941
2 0.298915 0.00041
2 0.134223 0.000619
2 0.588607 0.000248
2 0.059543 0.000316
0 0.564399 dtqwz
1 0.916587
1 0.641333
4 0.459791 0.459754
1 0.071862
3 0.228326 17
1 0.826666
2 0.633884 0.000272
0 0.251449 llqqg
1 0.447901
3 0.469983 0
4 0.719096 0.71904
1 0.082478
1 0.817063
3 0.298266 27
3 0.107883 12
1 0.474988
4 0.845624 0.845574
2 0.645618 0.000379
4 0.241477 0.241458
0 0.11906 dsudj
3 0.980866 36
0 0.148778 kbhql
1 0.019527
3 0.034133 29
2 0.327509 0.000948
3 0.11962 10
2 0.467681 0.000688
2 0.672541 0.000306
0 0.349168 tkpsd
4 0.673224 0.673131
3 0.713094 22
2 0.034611 0.000798
0 0.837501 cseds
0 0.857906 bhemn
2 0.51096 0.000754
2 0.826304 0.000747
3 0.256456 9
3 0.423736 47
0 0.394076 gplyk
0 0.067034 btrlq
0 0.670285 hquuw
4 0.140977 0.140961
2 0.717008 0.000215
2 0.422978 0.000261
1 0.659619
3 0.451149 16
4 0.137068 0.136973
1 0.121172
3 0.869039 6
1 0.141272
4 0.873512 0.873511
2 0.432792 0.000193
0 0.492157 karze
1 0.947106
4 0.284489 0.28447
2 0.440384 0.000426
1 0.303191
1 0.141383
2 0.037102 0.000313
3 0.946775 6
3 0.408237 9
1 0.485274
2 0.284811 0.000996
1 0.440179
2 0.448772 0.000714
3 0.298229 9
1 0.546785
3 0.966428 42
1 0.405568
2 0.071879 0.000176
3 0.350275 3
1 0.148189
3 0.832159 25
0 0.119166 ymidr
1 0.529368
4 0.578101 0.578043
0 0.537752 ofmyh
3 0.82638 23
1 0.522118
1 0.140673
2 0.439356 0.000334
1 0.367746
0 0.544342 nwxvc
3 0.485236 2
0 0.160958 kmgpm
4 0.868036 0.86799
1 0.609734
1 0.743047
2 0.146235 8.6e-05
3 0.743248 17
0 0.111746 larbv
0 0.640905 kjwia
2 0.973916 0.000816
3 0.141164 0
1 0.230538
3 0.096917 11
0 0.62722 vsfks
0 0.672708 kuyyl
0 0.871409 tavpf
2 0.740398 0.000281
4 0.454037 0.453945
1 0.469725
2 0.347534 0.000406
2 0.3675 3e-05
1 0.748119
4 0.947207 0.947182
2 0.94887 0.000881
1 0.640691
3 0.6906 45
2 0.741192 0.000248
0 0.393903 mtlns
1 0.694169
2 0.819817 0.000473
2 0.484481 0.000376
1 0.357537
0 0.577951 fghej
1 0.599317
2 0.864803 0.000341
1 0.367036
0 0.076041 wbcmt
2 0.553157 0.000141
1 0.564692
1 0.569482
0 0.440787 afmyf
2 0.376404 0.000258
3 0.485244 9
4 0.478746 0.478663
3 0.741008 47
3 0.23651 12
4 0.645279 0.645219
0 0.701545 xynxr
0 0.141506 joybj
2 0.728007 0.000985
0 0.066672 mrrzs
2 0.931126 0.00023
3 0.475081 0
4 0.908502 0.908502
3 0.56437 16
4 0.0454 0.045394
3 0.067208 5
4 0.987722 0.987643
4 0.119661 0.119659
1 0.08584
2 0.365989 0.00069
4 0.599348 0.599306
2 0.589004 0.000662
1 0.727758
3 0.237165 6
4 0.549346 0.549316
3 0.264121 45
0 0.164964 bscbk
1 0.148402
3 0.207265 48
1 0.473503
2 0.53701 0.0001
3 0.047566 47
0 0.177742 cqxgi
2 0.564518 0.000947
1 0.142371
4 0.298741 0.298702
3 0.195515 35
2 0.263923 0.000724
4 0.944371 0.94429
3 0.034256 31
2 0.399352 0.000975
0 0.432604 bajkz
0 0.658482 fsfbc
3 0.440327 1
2 0.419221 0.000964
0 0.366437 wcuss
0 0.304582 iyaev
3 0.672488 8
3 0.106626 23
4 0.565081 0.565053
4 0.27203 0.271936
0 0.850449 aotgs
4 0.639513 0.639422
2 0.072425 0.0005
2 0.290724 0.00076
1 0.298715
3 0.256899 29
4 0.367365 0.367301
0 0.730587 hiorp
4 0.928534 0.928448
0 0.092994 sxuqn
2 0.671843 0.000126
2 0.573855 0.000375
2 0.751765 0.000234
4 0.348945 0.348863
2 0.096296 0.000816
1 0.139659
0 0.946604 ewhyd
3 0.298892 10
1 0.096535
3 0.363032 25
4 0.298838 0.298837
4 0.889785 0.889767
1 0.298969
4 0.323194 0.323128
0 0.671979 ezsmd
0 0.835068 wkmsl
3 0.251337 4
0 0.005545 qtbia
3 0.451707 49
0 0.460843 cmbyk
3 0.588743 30
1 0.780215
0 0.564596 rpnhm
3 0.11734 15
3 0.485384 47
2 0.467918 0.000295
3 0.251585 0
3 0.432971 21
0 0.661265 rxdij
4 0.108492 0.108451
4 0.947016 0.946985
4 0.876549 0.876469
3 0.743424 20
4 0.39723 0.397208
4 0.141447 0.141379
1 0.430742
1 0.072073
4 0.032825 0.032788
2 0.366095 0.000205
0 0.301724 mhgje
2 0.148155 0.000918
0 0.031843 mztuq
2 0.772794 0.000506
1 0.610377
0 0.929021 ftzum
0 0.098608 rxims
0 0.661699 jyydm
0 0.776798 blgxy
0 0.865496 gbezv
4 0.481363 0.481323
0 0.12183 zwvuk
0 0.260619 ljfnj
4 0.047146 0.047085
3 0.683922 27
4 0.864956 0.864913
2 0.938325 0.000541
4 0.564962 0.564931
0 0.611522 cbpps
1 0.58854
1 0.197482
4 0.849965 0.849866
2 0.635327 0.000185
2 0.865188 0.000464
1 0.448614
2 0.86826 0.000584
4 0.943781 0.943755
0 0.44049 yjsbf
1 0.987302
2 0.645829 0.000798
1 0.040238
4 0.469734 0.469692
4 0.909524 0.909433
4 0.141249 0.141162
3 0.031435 26
3 0.440193 22
2 0.508883 0.000174
4 0.82623 0.826185
2 0.258994 0.000582
0 0.645331 oietm
4 0.681729 0.681712
4 0.140771 0.140741
2 0.933767 0.000154
1 0.071989
2 0.879599 0.000384
0 0.252019 nbfbs
2 0.743885 0.000269
2 0.694197 0.000146
3 0.234034 41
0 0.792023 qtnal
2 0.226022 0.000105
2 0.864995 0.000884
2 0.611427 0.000792
0 0.564672 ymiog
0 0.84524 hpsvk
3 0.423679 17
3 0.14653 0
3 0.564428 23
1 0.606072
0 0.298677 uvgwj
3 0.438185 23
0 0.772963 ashyf
4 0.937306 0.937288
4 0.773433 0.773336
4 0.202773 0.20275
2 0.743209 0.000861
3 0.812528 49
3 0.047369 1
2 0.656372 0.000952
1 0.433029
2 0.963034 0.000925
3 0.066396 6
3 0.713678 31
0 0.791467 wiytw
3 0.338526 20
0 0.646137 qnyqy
2 0.090744 0.00044
1 0.26373
2 0.998375 0.00047
0 0.367293 dbnft
3 0.736996 19
0 0.773207 ncrup
0 0.182094 fajad
1 0.743675
4 0.184753 0.18467
2 0.671696 0.000736
3 0.865319 7
4 0.034072 0.034007
4 0.382404 0.382341
1 0.615957
1 0.011493
1 0.947123
2 0.461674 5.4e-05
2 0.947411 0.000547
4 0.808167 0.808122
4 0.367223 0.367223
4 0.993703 0.993609
3 0.264217 28
2 0.389556 0.000673
3 0.251586 8
0 0.434564 dmmsb
4 0.450959 0.450884
2 0.239792 0.000675
3 0.641295 14
1 0.008637
4 0.263648 0.263642
1 0.166502
4 0.589229 0.589151
3 0.771958 12
1 0.367312
2 0.719836 0.000522
4 0.694281 0.694248
3 0.293271 0
2 0.564972 0.000788
2 0.62839 0.00029
1 0.928475
2 0.716174 0.000934
4 0.473462 0.473402
3 0.263109 33
0 0.865509 bkbsy
2 0.959374 0.000275
0 0.236922 kxhnx
0 0.58605 zymty
2 0.47501 0.000852
1 0.956219
1 0.047701
1 0.717598
0 0.792084 fpqya
3 0.599959 40
3 0.072071 24
1 0.813058
0 0.867806 swvef
4 0.600361 0.600321
2 0.966405 0.000868
2 0.998818 0.000393
0 0.672369 ouaso
0 0.160173 jfser
4 0.121069 0.121048
0 0.409422 deozr
0 0.850226 gwioi
3 0.934169 46
3 0.11913 14
3 0.886605 3
0 0.298236 bcolb
4 0.079711 0.079645
0 0.251133 paofs
4 0.853211 0.853164
3 0.660889 46
3 0.052053 18
2 0.367641 0.000597
2 0.731084 0.00068
2 0.9285 0.000351
0 0.136562 ypqjp
3 0.121442 33
2 0.163358 0.000282
0 0.966341 pozif
3 0.71433 3
3 0.469995 11
2 0.241656 0.000906
1 0.26404
1 0.177678
0 0.469551 vuoee
1 0.500236
3 0.826545 46
1 0.571292
2 0.264328 0.000793
4 0.873497 0.873453
0 0.148554 cpmtr
4 0.440297 0.440232
1 0.367839
0 0.273994 fzktl
4 0.672557 0.672527
2 0.351608 0.000974
4 0.563745 0.56367
2 0.666845 0.000653
3 0.96621 33
4 0.790161 0.790109
0 0.850662 cmbjf
2 0.504277 0.000468
2 0.645868 0.000689
2 0.459591 1.7e-05
1 0.751586
1 0.320972
2 0.85068 0.000178
4 0.786665 0.786645
0 0.034597 jirjd
2 0.832345 0.00073
1 0.365636
3 0.689976 38
0 0.072219 uxyfe
3 0.973516 8
0 0.865265 xolle
4 0.151465 0.15145
2 0.440529 0.000607
0 0.815575 hemac
4 0.469444 0.469355
3 0.95386 49
4 0.74333 0.743282
2 0.015581 0.000785
3 0.966345 2
1 0.641081
4 0.791734 0.791667
0 0.420376 jcyvy
2 0.140925 0.000542
2 0.847517 4e-06
0 0.740438 wltqc
3 0.496586 1
2 0.472939 0.00031
2 0.463163 0.000841
0 0.366116 vxgrr
2 0.383923 0.000299
0 0.432553 axajb
0 0.680746 sikwh
0 0.743599 ebnli
2 0.569544 0.000926
2 0.485085 0.000681
4 0.409158 0.409124
4 0.072282 0.072261
0 0.136989 sznhh
1 0.367259
0 0.806287 cflae
1 0.484579
2 0.834781 3.8e-05
1 0.740878
0 0.10251 vzifs
2 0.450868 0.0008
0 0.607451 fbryo
3 0.645741 35
1 0.253536
1 0.072602
4 0.41351 0.413485
3 0.121143 40
1 0.388427
1 0.484498
1 0.656667
2 0.773077 1.7e-05
1 0.504449
0 0.826677 acqmj
0 0.022777 wmbmf
4 0.74299 0.742947
3 0.404819 10
3 0.072524 31
2 0.256894 0.000253
1 0.5776
4 0.099903 0.099901
3 0.474305 39
0 0.375129 qzarc
0 0.693888 ktdfe
1 0.779211
1 0.43292
3 0.596437 19
1 0.047744
4 0.995766 0.995743
3 0.67252 21
1 0.033353
3 0.858032 4
2 0.14089 0.000352
4 0.946581 0.946551
2 0.333752 0.000567
1 0.640865
3 0.507263 33
3 0.096781 5
2 0.483995 0.00096
2 0.423086 0.000141
3 0.137908 46
2 0.469275 0.000492
4 0.773026 0.772967
2 0.082741 0.000305
4 0.109872 0.109864
3 0.826048 26
3 0.81325 19
0 0.741221 wlutv
2 0.617101 0.00055
3 0.578263 5
2 0.066371 0.00036
3 0.148971 33
4 0.430411 0.430402
2 0.367753 0.000528
0 0.849599 lzjnl
1 0.148493
0 0.154083 llicg
4 0.645256 0.645218
3 0.653299 49
2 0.081883 0.000842
2 0.413493 0.000537
0 0.451831 finaj
3 0.840554 6
4 0.251765 0.251744
2 0.905219 0.000359
0 0.451063 sokws
4 0.918563 0.918515
4 0.474858 0.474794
0 0.963508 qcghq
3 0.034314 28
4 0.26521 0.26517
4 0.066603 0.06659
0 0.117076 riivf
3 0.850154 21
0 0.213596 jqwxy
2 0.26427 0.000507
2 0.439837 2.2e-05
0 0.366339 pvxha
1 0.988446
3 0.440266 8
1 0.347446
2 0.423457 0.000404
4 0.557159 0.557108
1 0.791658
0 0.737291 smjlk
4 0.367324 0.367314
4 0.524373 0.524274
0 0.140993 fggtl
2 0.161197 0.000106
3 0.23725 8
3 0.804276 25
0 0.141487 ufdch
1 0.478823
1 0.773451
3 0.991917 19
1 0.14146
3 0.939547 24
0 0.474137 fztmc
2 0.632208 0.00076
1 0.850191
4 0.23835 0.238326
2 0.850596 1e-06
4 0.441967 0.44192
0 0.645265 drbbb
0 0.803523 hksve
3 0.121532 12
1 0.798494
0 0.741236 fggmv
3 0.900364 24
3 0.440694 5
0 0.419296 rkoka
3 0.365885 23
3 0.410093 10
3 0.440265 22
2 0.924768 0.000667
0 0.06701 pigcn
3 0.3943 43
3 0.474199 13
2 0.589849 0.000338
2 0.966094 0.000978
4 0.517596 0.517596
3 0.23746 1
0 0.077807 glhqa
4 0.298128 0.298076
0 0.170099 gcwdc
4 0.850266 0.85022
3 0.002472 25
0 0.067193 vqfox
3 0.598838 0
2 0.694256 0.000295
2 0.820948 0.000172
3 0.640935 11
1 0.15522
0 0.645707 nhaod
3 0.965348 37
4 0.74314 0.743134
1 0.288304
3 0.946954 21
4 0.49954 0.499448
4 0.075474 0.07546
2 0.319077 0.000851
3 0.25126 7
1 0.382536
4 0.096066 0.096051
3 0.119475 19
1 0.485112
4 0.723889 0.72385
1 0.263723
4 0.892009 0.892008
1 0.365861
0 0.735108 ebwqd
1 0.298893
4 0.468354 0.468307
3 0.6452 23
1 0.492533
1 0.485407
3 0.94393 8
2 0.474994 0.000662
3 0.669659 9
3 0.365541 17
4 0.514369 0.514347
1 0.791824
3 0.038831 41
3 0.047647 6
2 0.680558 0.000416
0 0.928619 bqzgh
1 0.937658
2 0.641309 0.000413
3 0.135342 23
3 0.673162 8
0 0.36665 knump
0 0.121673 jfygn
2 0.394475 0.000259
3 0.864993 25
3 0.832221 10
3 0.661242 37
1 0.835181
3 0.743654 3
1 0.474321
0 0.148293 mylcb
4 0.479051 0.479025
2 0.07546 0.000588
3 0.417672 24
4 0.367088 0.367074
2 0.072997 0.000251
3 0.047419 40
2 0.492302 0.000619
3 0.047602 21
2 0.921646 0.000545
1 0.119625
1 0.995264
4 0.034481 0.034471
4 0.703751 0.703744
3 0.6718 28
0 0.719267 wevea
2 0.858142 0.000849
4 0.069367 0.069278
4 0.673261 0.67321
4 0.827357 0.827344
4 0.751739 0.751706
0 0.961433 flgbj
2 0.149078 0.000679
4 0.95083 0.950802
1 0.64139
2 0.544675 0.000569
0 0.433158 xmhya
1 0.361525
4 0.433304 0.433205
3 0.464111 20
0 0.867794 zsrle
1 0.116667
1 0.047398
2 0.040152 0.000262
3 0.865201 22
0 0.678496 wjumk
0 0.791908 diwlr
3 0.533938 42
1 0.641527
4 0.327573 0.327555
3 0.672301 42
4 0.307833 0.307741
1 0.096591
4 0.628381 0.628374
3 0.672639 23
3 0.251961 13
1 0.469919
0 0.217416 ikxuw
3 0.694354 6
2 0.653565 0.000124
1 0.075467
0 0.799123 yakbl
3 0.072552 27
2 0.802482 0.00078
2 0.469967 9.4e-05
2 0.46773 0.000578
0 0.263618 ahuxd
0 0.146612 mbvab
0 0.615722 nbfzr
4 0.25682 0.256785
3 0.564932 14
0 0.442515 hxkhp
2 0.433302 0.000162
0 0.927928 gfyng
0 0.298651 umrij
1 0.834696
3 0.367526 16
3 0.140079 8
2 0.865469 5.1e-05
1 0.936452
1 0.850812
2 0.68643 0.000548
3 0.11919 18
2 0.685737 0.000796
3 0.298298 47
2 0.284213 7.8e-05
0 0.096592 yhhlw
3 0.445371 17
1 0.237435
3 0.251159 18
3 0.588538 49
0 0.766112 rsebn
3 0.096964 21
4 0.338659 0.338659
4 0.149049 0.148995
3 0.309561 43
3 0.565135 2
0 0.491187 pelmp
0 0.616614 ucgin
1 0.932354
1 0.743411
0 0.41305 dhvgd
4 0.947258 0.947237
3 0.348883 9
0 0.850717 fqhbi
4 0.225998 0.225967
0 0.946613 sryxl
4 0.351501 0.351464
1 0.640608
2 0.873404 0.000934
4 0.367666 0.367664
1 0.670789
3 0.965872 9
3 0.467688 17
2 0.047074 0.000352
2 0.888384 0.000853
4 0.423327 0.423263
4 0.377829 0.377779
3 0.36752 39
4 0.289529 0.28952
4 0.36744 0.36736
1 0.928387
2 0.577793 0.000605
1 0.969189
1 0.072392
0 0.875743 odzlh
1 0.237572
2 0.677177 0.000761
4 0.251672 0.251599
3 0.255382 26
2 0.251533 8.1e-05
2 0.207248 0.00056
0 0.857984 tacmk
1 0.057398
1 0.743759
2 0.43203 0.000965
2 0.121379 0.000181
1 0.56101
4 0.066694 0.066614
1 0.132627
0 0.563764 ybjpg
3 0.128392 38
3 0.693656 41
3 0.759985 25
1 0.141445
2 0.137374 0.000263
1 0.773514
2 0.825573 0.000869
1 0.671699
2 0.536958 0.000841
1 0.067183
0 0.332823 domkl
3 0.36577 6
2 0.121354 0.000962
4 0.367083 0.367039
0 0.246504 hexdy
0 0.791414 edesr
3 0.401436 25
4 0.672615 0.672567
2 0.701367 0.000952
2 0.251683 0.000235
3 0.822447 9
1 0.43325
4 0.169536 0.169485
0 0.433016 fcfdn
3 0.61008 40
1 0.588441
2 0.551537 0.000254
0 0.850733 ompgk
0 0.89395 kyllq
0 0.076123 rmydi
3 0.541327 12
0 0.236936 hmlzc
3 0.234442 16
3 0.119453 17
0 0.811114 xpjpp
2 0.474264 0.000746
4 0.686248 0.68622
3 0.826366 26
0 0.562 ukozo
4 0.366377 0.366303
1 0.377866
2 0.615937 0.000749
2 0.477102 0.000934
0 0.865446 otshs
1 0.976415
4 0.451116 0.451061
4 0.228328 0.228301
2 0.096613 6.1e-05
2 0.229435 0.000781
3 0.661329 21
0 0.347044 hedom
2 0.74286 0.000965
2 0.127677 0.00042
1 0.928204
4 0.101364 0.101343
2 0.947236 6.1e-05
2 0.46349 0.00057
3 0.773133 34
2 0.497384 0.000694
1 0.148369
2 0.263658 0.000752
4 0.450974 0.450933
1 0.367604
2 0.119249 0.0006
1 0.167182
2 0.096354 4e-05
2 0.98212 0.000854
3 0.263812 37
0 0.201572 vxrlf
1 0.792322
0 0.803154 ssyuh
0 0.826402 qbjhb
1 0.306267
0 0.440246 nigsk
0 0.059081 tcumw
1 0.067152
0 0.500616 xuaml
0 0.850214 ecstl
3 0.833942 8
0 0.066757 wsyfx
2 0.097453 6.9e-05
0 0.671888 clcoh
0 0.483787 qrnmp
2 0.773618 0.000262
4 0.402708 0.402625
0 0.141466 tnvmw
4 0.308754 0.308675
3 0.850395 46
1 0.933774
2 0.096138 0.000417
0 0.500566 jxlyz
3 0.119411 23
0 0.688728 xylwe
3 0.298389 9
1 0.701363
1 0.082525
0 0.355231 sqrvc
3 0.792294 14
1 0.245924
4 0.672433 0.672343
4 0.864379 0.864378
4 0.451532 0.45145
3 0.500534 13
2 0.473544 0.000708
3 0.762488 4
1 0.578528
2 0.293696 0.000346
2 0.864798 0.00047
0 0.864574 xvlbh
4 0.867775 0.867757
2 0.016285 0.00016
2 0.564442 0.000367
4 0.122431 0.122394
2 0.298211 0.000359
1 0.819961
1 0.29862
2 0.181076 0.000244
3 0.264091 41
1 0.66478
3 0.850579 27
0 0.579626 ckvnx
0 0.072446 oyblx
1 0.824023
4 0.485097 0.485063
4 0.472528 0.472514
4 0.791469 0.791436
1 0.249836
2 0.693797 0.000183
3 0.291788 14
1 0.485074
1 0.266349
3 0.423032 0
1 0.356406
1 0.034642
4 0.922131 0.92205
3 0.826131 17
1 0.370896
2 0.661722 3e-06
1 0.832896
1 0.264261
2 0.637761 2.6e-05
2 0.298898 4.5e-05
3 0.929602 10
1 0.451216
3 0.846067 13
2 0.23757 0
3 0.113057 38
1 0.047045
2 0.801633 0.00099
0 0.082157 jlkfp
2 0.015861 0.000249
3 0.772999 41
2 0.73905 0.000547
4 0.075583 0.075566
0 0.546598 cehai
0 0.750954 bxazo
2 0.085285 0.000841
4 0.432339 0.432254
1 0.506545
4 0.469703 0.469623
2 0.932443 0.000226
4 0.096464 0.096462
3 0.127946 1
4 0.484944 0.484872
0 0.2658 opjhr
1 0.564534
1 0.170615
3 0.74289 42
4 0.92528 0.925223
3 0.850567 33
2 0.099869 0.000812
2 0.485022 0.000159
3 0.334542 0
2 0.751821 0.00055
3 0.284748 8
1 0.3668
4 0.151541 0.151472
4 0.578278 0.57822
4 0.086189 0.086118
1 0.96588
2 0.646549 0.000854
4 0.118953 0.118953
0 0.682669 xjsys
0 0.075685 phswg
3 0.186408 12
4 0.578347 0.57831
3 0.838105 34
3 0.966406 37
2 0.753234 0.000237
2 0.928487 0.000209
1 0.581082
3 0.773455 25
4 0.308087 0.308
0 0.966214 lmifs
4 0.588507 0.588422
2 0.640828 0.000591
1 0.145955
3 0.367122 1
3 0.885306 30
0 0.641569 xhvea
2 0.020829 0.000979
1 0.661772
2 0.466165 0.000738
4 0.641193 0.641129
4 0.717403 0.717401
2 0.451715 0.000428
1 0.340967
3 0.148182 19
4 0.680593 0.680545
1 0.791765
1 0.911238
0 0.366295 wrkfi
3 0.607334 21
4 0.966318 0.966317
0 0.413344 tpfgo
1 0.033891
4 0.213716 0.213656
4 0.865011 0.865011
2 0.231834 0.000867
1 0.694297
2 0.612035 0.000689
1 0.298246
1 0.288891
4 0.85048 0.850403
0 0.730632 dccum
3 0.251819 46
0 0.822395 vjrgh
1 0.367595
3 0.294391 6
4 0.563781 0.563779
1 0.338559
0 0.076035 dfifh
1 0.963017
0 0.148395 vcovc
4 0.687445 0.687413
3 0.075309 44
4 0.637614 0.637609
1 0.367388
0 0.687996 wphfe
2 0.946671 0.000592
4 0.337495 0.337481
0 0.615863 zjpvf
0 0.679548 dwmhz
4 0.645863 0.645811
3 0.622668 24
0 0.26368 ytpvf
2 0.260449 0.000217
0 0.965927 bhymy
4 0.683461 0.683428
0 0.096911 fkhty
3 0.909625 6
1 0.564173
3 0.069364 40
3 0.066402 28
3 0.007641 5
0 0.773388 eahdx
1 0.831737
2 0.298948 0.000363
4 0.022708 0.02263
4 0.850543 0.850506
3 0.738988 36
3 0.081784 42
0 0.884912 bhjzy
3 0.661281 2
3 0.258587 17
4 0.264358 0.264259
4 0.260504 0.260467
4 0.034326 0.034251
0 0.609832 ijojj
4 0.252007 0.251956
4 0.317647 0.317642
3 0.047125 33
1 0.939358
0 0.578576 iubuf
0 0.268281 ffvut
1 0.661435
2 0.202256 0.000402
4 0.672068 0.67197
3 0.03332 7
0 0.14886 gveya
2 0.486374 0.000565
4 0.046958 0.046941
0 0.410501 pqbdi
3 0.865485 37
2 0.862965 0.000698
0 0.474963 bxnmr
3 0.329296 15
4 0.071791 0.071778
0 0.136646 pfito
4 0.672665 0.672664
1 0.375319
1 0.672909
4 0.68522 0.685163
0 0.577689 jgabz
2 0.013753 0.000847
1 0.237346
0 0.973553 tndim
1 0.432536
1 0.298407
3 0.751754 17
4 0.22374 0.223699
3 0.850328 17
0 0.686033 zyldk
1 0.11911
1 0.960236
1 0.440543
2 0.999762 0.000127
2 0.473336 5.3e-05
4 0.783013 0.782996
2 0.298203 0.000908
0 0.152435 xbgrb
0 0.672657 dzoel
2 0.424998 0.000312
0 0.5781 omxde
2 0.561146 0.00021
4 0.121404 0.121372
1 0.816339
4 0.645891 0.645886
2 0.062623 0.000624
2 0.047921 0.000552
3 0.618063 2
1 0.751177
4 0.975672 0.975598
1 0.946651
0 0.17344 umqeo
0 0.564063 cvznf
0 0.824618 wtewj
3 0.469419 47
3 0.369633 38
4 0.640921 0.640879
1 0.831517
2 0.237467 0.000432
4 0.191262 0.191232
4 0.564011 0.563931
4 0.687642 0.687632
2 0.423345 0.000582
3 0.322392 20
2 0.44046 0.00066
3 0.056172 24
4 0.121252 0.121155
1 0.834028
1 0.36732
1 0.388555
2 0.47508 0.000622
1 0.943599
0 0.641173 yqozk
3 0.024338 28
1 0.432708
4 0.504057 0.503986
2 0.616522 0.000392
3 0.293693 27
0 0.826977 itzwj
0 0.707909 csawa
1 0.578436
0 0.004871 yhxdp
3 0.047892 1
0 0.729199 gtvnu
2 0.474263 0.000987
4 0.269349 0.269328
2 0.661409 0.000492
2 0.649815 0.000337
3 0.826364 0
2 0.210652 0.000251
4 0.577839 0.57778
3 0.100382 21
0 0.589238 znksq
4 0.787049 0.787013
1 0.034403
1 0.439891
4 0.121814 0.121784
4 0.55724 0.557196
4 0.929036 0.928964
1 0.414329
1 0.072477
4 0.034596 0.034513
3 0.148356 11
0 0.039498 eseqd
1 0.140753
1 0.970422
4 0.740775 0.740741
1 0.866169
2 0.367402 0.000444
2 0.913853 0.000441
3 0.07539 40
1 0.440054
4 0.367611 0.367545
1 0.78516
4 0.04701 0.046927
2 0.783798 0.00045
4 0.867467 0.867462
3 0.391844 8
2 0.928205 0.00033
1 0.76399
4 0.5884 0.588385
0 0.177986 cwyok
2 0.672417 0.000853
1 0.033167
0 0.577601 nzevk
2 0.940261 0.000736
2 0.263976 0.000498
2 0.001577 0.000426
4 0.251876 0.251799
2 0.713376 0.000946
0 0.096181 vhcax
3 0.955175 27
1 0.0961
4 0.51521 0.515129
2 0.615861 0.000249
0 0.190729 acpnb
3 0.564299 15
3 0.506054 20
0 0.264463 ajxpf
4 0.386007 0.385985
3 0.751889 36
4 0.611886 0.61185
2 0.864971 0.000961
4 0.733869 0.733843
0 0.868092 arekk
0 0.228707 joooa
0 0.946672 whwif
2 0.795877 0.000941
4 0.751764 0.751742
2 0.717863 0.00012
1 0.470005
1 0.998761
2 0.743465 0.000305
2 0.795403 0.000611
2 0.075271 0.000786
0 0.779378 roevj
3 0.826908 7
4 0.513367 0.513356
1 0.366338
4 0.518547 0.518524
0 0.43235 zmybm
1 0.26905
1 0.74307
1 0.46694
0 0.641115 kgryn
3 0.461181 13
3 0.672658 33
2 0.639445 0.00074
3 0.25139 18
4 0.124469 0.124376
2 0.121278 0.00081
4 0.177392 0.177319
3 0.588675 28
3 0.509852 31
4 0.140787 0.140767
0 0.925569 sjssz
2 0.148836 0.000453
1 0.545829
0 0.034525 mxfmu
2 0.074447 6e-05
1 0.857994
2 0.122943 0.000532
2 0.298516 0.000731
2 0.342633 0.000954
3 0.366996 1
4 0.419689 0.419648
0 0.671892 bcena
0 0.864679 vkqje
3 0.966029 18
3 0.234766 4
0 0.75173 rzhel
0 0.395412 evsdt
3 0.773149 47
2 0.205622 0.000727
2 0.672285 0.000155
4 0.236636 0.236611
3 0.693948 17
1 0.083175
1 0.440933
4 0.148278 0.148255
3 0.64518 16
3 0.516037 38
0 0.57819 hgxap
3 0.800479 46
4 0.578034 0.577968
1 0.262856
3 0.864769 41
2 0.153368 0.000657
4 0.47321 0.473177
4 0.193587 0.193546
3 0.946683 2
0 0.809638 whqgn
2 0.772979 4.2e-05
0 0.147027 uixur
0 0.082434 spqjy
3 0.044784 27
3 0.433142 8
4 0.372204 0.372191
1 0.826051
0 0.037247 rycxq
4 0.082478 0.082426
4 0.446135 0.446058
4 0.577947 0.577869
1 0.281929
2 0.751924 0.00076
3 0.699804 30
3 0.484587 25
1 0.640639
1 0.965884
1 0.529452
3 0.082345 42
4 0.830435 0.830415
0 0.26384 egvwc
4 0.4688 0.468743
3 0.865022 12
1 0.968148
2 0.433319 2.7e-05
0 0.588999 uudmh
0 0.868359 vvgpn
3 0.926099 11
1 0.867626
1 0.890908
1 0.367643
3 0.909105 5
2 0.741001 0.000163
1 0.347639
1 0.645669
4 0.037293 0.037219
3 0.034582 27
3 0.790278 17
4 0.947055 0.947038
1 0.209805
4 0.36614 0.366075
1 0.436507
3 0.298178 22
2 0.518766 0.000465
1 0.432525
4 0.138056 0.138047
2 0.473446 3.1e-05
1 0.289905
2 0.475067 1.1e-05
0 0.360447 xwema
0 0.251173 vyldq
3 0.96455 42
3 0.672051 7
2 0.717874 0.000262
1 0.850064
3 0.09674 22
3 0.564421 5
4 0.267971 0.267892
3 0.119062 23
4 0.690408 0.69034
4 0.947273 0.94723
0 0.696091 muttz
3 0.119268 42
1 0.78129
2 0.564868 0.000555
1 0.741269
2 0.119747 0.000499
4 0.771558 0.7715
1 0.672567
1 0.79973
1 0.563724
2 0.44079 0.000987
1 0.367009
3 0.554243 27
0 0.564315 zuxqd
1 0.336138
1 0.484571
0 0.190859 ealfb
4 0.3663 0.366257
1 0.417608
2 0.440479 4.9e-05
4 0.202669 0.202632
1 0.237545
0 0.963605 mljzb
4 0.741153 0.741113
4 0.496474 0.496412
2 0.298397 0.000956
1 0.484521
0 0.075541 qvsra
2 0.309998 0.000752
4 0.366805 0.366727
3 0.756442 40
3 0.423264 5
1 0.526375
3 0.367751 39
0 0.816865 cmsfu
4 0.148126 0.148072
4 0.801029 0.800968
4 0.858168 0.85808
2 0.815453 0.000928
4 0.857623 0.857541
2 0.445992 2.1e-05
2 0.484665 0.000885
0 0.278465 jwahp
2 0.645195 0.00051
0 0.687386 vexvs
4 0.826573 0.826475
2 0.574786 0.000868
1 0.57804
4 0.493479 0.49347
3 0.48453 20
0 0.042925 nvptj
1 0.564496
4 0.956746 0.956676
2 0.474216 0.000965
0 0.159047 qrdpj
1 0.469711
1 0.450777
1 0.423064
3 0.009849 5
2 0.589254 0.00016
4 0.374851 0.374794
1 0.366017
1 0.940202
1 0.616252
0 0.808085 vaasl
3 0.067069 1
3 0.163011 15
0 0.367324 aobno
0 0.091537 crpca
4 0.096616 0.096572
2 0.556125 0.0005
4 0.474841 0.474776
3 0.787173 22
4 0.61612 0.616033
1 0.686943
2 0.121241 0.000822
1 0.952382
3 0.849944 24
4 0.198048 0.197999
4 0.773161 0.773153
3 0.966716 34
0 0.298213 vtlid
2 0.1583 0.000582
4 0.773232 0.773165
1 0.474444
1 0.646003
4 0.270996 0.270937
2 0.850258 0.000691
4 0.455862 0.455786
4 0.858066 0.858017
4 0.472386 0.472337
4 0.096461 0.096404
2 0.637838 0.000753
1 0.867445
4 0.145594 0.145514
3 0.36566 44
3 0.959686 22
4 0.743563 0.743494
2 0.977614 0.00067
3 0.298837 31
0 0.199331 xahyl
3 0.867916 31
1 0.235322
2 0.451162 0.000584
2 0.636027 0.000164
1 0.251773
4 0.041505 0.041447
2 0.082709 0.000921
1 0.275591
4 0.47315 0.473058
0 0.990916 hqnnv
0 0.564721 nbaaq
3 0.128094 47
0 0.367048 iudso
2 0.116745 0.000894
2 0.451144 6e-06
3 0.567449 4
4 0.251924 0.251896
2 0.323114 0.000567
2 0.773 0.000491
1 0.234994
1 0.5645
2 0.3338 0.000953
3 0.773469 19
0 0.841733 woprg
0 0.693752 mtkur
1 0.170946
3 0.693963 42
0 0.495675 jkcdo
3 0.451749 24
0 0.284095 ounwo
3 0.578311 12
3 0.183585 37
4 0.450883 0.450787
0 0.676327 exvjo
2 0.641469 0.000413
4 0.848152 0.848107
3 0.367347 28
4 0.255053 0.255011
4 0.081866 0.081841
0 0.68389 rxnij
4 0.473131 0.473101
0 0.741717 bljkn
3 0.033872 26
1 0.115483
3 0.56438 41
1 0.328656
0 0.485359 fpbvr
4 0.072741 0.072725
2 0.740822 0.000284
0 0.527444 mjynn
0 0.850597 qidqb
3 0.094711 15
2 0.440294 9.9e-05
2 0.887689 0.000953
4 0.264074 0.264046
4 0.570253 0.570182
3 0.92841 38
1 0.075282
2 0.865499 0.000981
4 0.527853 0.527756
1 0.672058
1 0.194772
3 0.251372 45
1 0.118904
1 0.74299
0 0.041425 qzaes
4 0.741018 0.740943
2 0.160244 0.000564
3 0.034577 6
4 0.790786 0.790747
0 0.826181 vbcxd
2 0.261365 0.000332
3 0.432394 3
0 0.927589 stsyv
0 0.864862 kngxe
0 0.94295 frckq
2 0.867594 0.000863
1 0.626114
3 0.075406 1
1 0.372996
1 0.237236
0 0.346013 kxczl
2 0.469849 0.000454
2 0.683539 0.000827
0 0.119876 uyscb
0 0.900826 lnuve
2 0.64584 0.000499
4 0.443964 0.4439
2 0.366836 0.000484
0 0.009751 wybtl
1 0.366372
2 0.717848 0.00067
1 0.26372
2 0.530634 0.000442
4 0.791829 0.791779
0 0.549265 yzbfx
2 0.14087 0.000466
0 0.713478 oztio
4 0.047006 0.046999
0 0.858358 qrcgl
4 0.565053 0.565044
1 0.822646
3 0.440906 20
1 0.79304
4 0.141368 0.141343
2 0.241829 0.000651
3 0.423513 31
2 0.400357 0.000773
0 0.121822 kbzbh
1 0.265084
3 0.033953 45
0 0.448755 ncbzz
2 0.56466 0.000894
2 0.620196 1.9e-05
2 0.858334 0.000996
3 0.35358 41
1 0.43321
2 0.671201 0.000986
2 0.066434 1.8e-05
0 0.800192 cydur
4 0.645425 0.645371
2 0.630972 7.7e-05
0 0.58928 uxmju
1 0.693495
1 0.440895
4 0.831049 0.831037
1 0.237216
3 0.850917 20
2 0.484713 0.000312
4 0.009387 0.009303
4 0.423087 0.423006
1 0.915645
4 0.56378 0.563772
4 0.950284 0.950227
1 0.641381
1 0.799827
0 0.251638 xfami
1 0.078091
3 0.791606 46
0 0.367015 nxdal
1 0.45137
3 0.649211 15
2 0.451398 0.000491
3 0.435844 13
0 0.148189 kgdcj
0 0.234639 nukav
0 0.423043 jmuvm
0 0.678864 ugoms
3 0.047491 48
3 0.009523 18
2 0.264444 0.00046
0 0.303989 apkcb
0 0.693524 ligdu
4 0.152242 0.152183
4 0.850239 0.850172
1 0.497417
1 0.423072
4 0.765615 0.765594
4 0.148915 0.148842
3 0.05347 24
2 0.081881 0.000551
1 0.00451
0 0.367095 mbacz
1 0.627121
4 0.474786 0.474744
1 0.377343
0 0.773368 xkalc
3 0.268601 28
0 0.066354 fibcg
2 0.582089 0.000396
4 0.072472 0.072416
2 0.900488 0.000122
3 0.672504 0
1 0.519213
2 0.237169 0.000477
0 0.942446 ybana
4 0.641514 0.641457
4 0.720547 0.720545
0 0.141052 gmmef
1 0.54627
4 0.740429 0.740338
2 0.555683 0.000719
4 0.075541 0.07549
3 0.003585 19
2 0.826547 6.2e-05
1 0.410534
3 0.864858 14
3 0.845256 34
2 0.149088 0.000962
1 0.925687
1 0.826448
3 0.303869 16
3 0.857768 8
0 0.646899 yzzvv
4 0.672666 0.672582
2 0.543991 0.000607
3 0.096052 47
0 0.187877 xdhxx
4 0.672292 0.672263
1 0.983175
3 0.066378 15
3 0.133895 1
0 0.616407 uohet
2 0.481407 0.000319
2 0.451009 0.000301
3 0.472109 47
4 0.034583 0.034575
1 0.215505
3 0.966065 36
2 0.817786 0.000486
3 0.858597 24
1 0.211415
4 0.82688 0.826812
1 0.880097
4 0.773311 0.773269
3 0.779279 10
3 0.742887 30
1 0.203191
1 0.641384
3 0.88603 23
1 0.640805
0 0.473077 uhmhh
3 0.469255 30
2 0.062445 0.000433
2 0.564395 0.000892
1 0.751703
1 0.791384
2 0.14077 0.000741
3 0.792176 46
2 0.484677 7.5e-05
0 0.047365 ntycw
4 0.195412 0.195408
2 0.096173 0.000864
4 0.267161 0.267142
1 0.849843
0 0.963895 rzfav
0 0.034002 waghn
4 0.236146 0.236077
0 0.66103 wopif
1 0.294261
0 0.791828 fbsph
3 0.161132 42
4 0.237418 0.237385
3 0.418352 2
4 0.440413 0.440379
1 0.875671
3 0.645428 17
2 0.605224 0.000416
1 0.66156
4 0.661449 0.661387
1 0.440967
3 0.900222 2
2 0.563896 0.000766
0 0.734399 nbmdd
3 0.473292 13
2 0.051452 0.00075
2 0.693627 0.000925
4 0.221148 0.221123
2 0.072297 4.8e-05
2 0.888484 0.000166
4 0.121748 0.121711
3 0.055771 7
2 0.469919 0.000187
4 0.923379 0.923294
3 0.645519 2
0 0.08205 ecyqu
4 0.474506 0.474418
2 0.277045 7.8e-05
2 0.645607 0.000487
2 0.564724 4.2e-05
3 0.850354 6
2 0.421536 0.000151
2 0.92905 0.000287
1 0.289154
1 0.141128
4 0.893221 0.893198
1 0.236969
1 0.701841
0 0.263826 gxlda
0 0.512366 qeind
1 0.251111
4 0.388322 0.388236
2 0.85777 0.000464
0 0.184281 etnkw
3 0.46944 36
1 0.458361
4 0.826516 0.826492
4 0.262951 0.26289
3 0.868352 20
2 0.892249 0.000535
3 0.140811 6
3 0.126691 12
4 0.423409 0.423344
2 0.103056 0.000974
0 0.47318 zgrat
0 0.9822 gxktq
2 0.672274 0.000826
4 0.621805 0.621793
1 0.588891
1 0.462164
3 0.671721 46
2 0.269046 0.000714
0 0.072384 lxxey
2 0.845831 0.000967
2 0.563733 0.000421
0 0.677197 irisj
0 0.743342 jstzh
4 0.510089 0.510024
4 0.826113 0.826113
4 0.311192 0.311175
3 0.850056 0
1 0.360311
0 0.946931 dpwtc
4 0.799018 0.798993
0 0.773312 aqziv
2 0.554829 0.000963
3 0.791842 22
4 0.468148 0.468096
1 0.56469
0 0.039849 fyrin
1 0.075967
3 0.318599 31
0 0.61608 kzuvb
0 0.268169 benwg
1 0.367261
4 0.407769 0.407704
1 0.947169
1 0.503437
1 0.367578
1 0.23324
2 0.469302 0.000216
4 0.218064 0.218024
2 0.826088 0.000587
0 0.542228 fytbb
4 0.693838 0.693756
3 0.992959 17
4 0.64579 0.645736
4 0.292922 0.292851
0 0.858199 hfhfx
2 0.189677 0.000829
2 0.858158 0.000445
1 0.610095
0 0.589265 xlrll
2 0.660364 0.000236
4 0.849991 0.849929
0 0.270193 elbbc
4 0.367598 0.367541
0 0.141257 ncizv
3 0.367767 14
2 0.977377 0.000655
1 0.857619
4 0.682696 0.682652
1 0.071761
0 0.189038 bjbsn
1 0.433214
3 0.490651 4
1 0.751602
2 0.985825 0.000574
0 0.451748 tckce
3 0.128494 24
3 0.148765 7
3 0.99637 35
2 0.440227 0.000607
3 0.863058 10
2 0.865138 0.000916
2 0.467969 0.000645
3 0.928562 0
3 0.237963 40
1 0.751053
1 0.35964
3 0.067174 17
3 0.289562 28
3 0.772888 27
2 0.318043 0.000696
2 0.36783 0.000786
1 0.445471
4 0.577861 0.577768
3 0.717184 36
3 0.484779 32
2 0.684594 0.000212
0 0.367277 agdjp
4 0.943672 0.943601
0 0.850027 cgwbt
2 0.881412 0.000125
2 0.58918 0.000166
3 0.257394 3
2 0.740494 0.000886
2 0.684413 7.8e-05
3 0.928551 43
4 0.368359 0.368335
1 0.693911
2 0.834563 5.2e-05
1 0.616484
1 0.082664
3 0.671874 14
3 0.435679 28
1 0.773173
4 0.552316 0.552311
0 0.251838 kixuy
0 0.320622 cwfmd
0 0.693978 uxthl
4 0.595963 0.595919
0 0.693771 bjtek
3 0.673223 15
0 0.826793 aghmd
1 0.293569
3 0.450901 2
4 0.817276 0.81723
1 0.867426
2 0.683481 0.000961
2 0.149061 0.000963
1 0.739228
1 0.148916
0 0.768282 xvpli
1 0.263794
2 0.453891 4.6e-05
3 0.867943 48
0 0.878072 wqhow
2 0.672122 0.000813
2 0.423517 0.000936
0 0.072379 xazqb
0 0.403571 rbizp
0 0.564933 yrwgo
2 0.914054 0.000563
4 0.694367 0.694285
1 0.088357
1 0.148865
0 0.807131 dacas
3 0.365796 13
3 0.544691 45
4 0.237545 0.237541
3 0.419354 7
2 0.118927 0.000127
3 0.588065 6
0 0.791866 dzvpe
3 0.396588 42
3 0.672374 22
2 0.010724 0.000428
1 0.661133
2 0.653026 0.000697
4 0.422899 0.422846
2 0.968061 0.000615
0 0.473694 ycapn
2 0.862156 1.3e-05
4 0.7412 0.741114
2 0.322101 0.000192
4 0.06632 0.066264
1 0.085186
4 0.868238 0.868177
2 0.586522 0.000901
0 0.121267 wrfxq
0 0.124796 lkntz
0 0.072134 bhhpb
3 0.145721 18
0 0.367338 rqgjt
3 0.597932 10
1 0.857819
2 0.536441 0.000288
0 0.148102 huzur
4 0.065635 0.065614
0 0.928972 qktzt
3 0.209146 28
1 0.121823
0 0.934474 vvgci
2 0.119545 0.000589
4 0.822361 0.822351
1 0.578563
4 0.975225 0.975147
3 0.564569 21
4 0.808917 0.808913
2 0.251611 0.000287
4 0.229924 0.229882
4 0.121537 0.121492
4 0.066674 0.066618
3 0.826158 22
0 0.900959 lrbsp
2 0.096572 0.000653
1 0.384303
1 0.485024
2 0.841032 0.00032
2 0.588554 0.000185
2 0.649801 0.000705
0 0.965999 lupyb
3 0.122531 15
1 0.565027
2 0.446541 0.000346
3 0.082192 44
0 0.449142 lowfu
2 0.075587 0.000427
1 0.559269
2 0.564584 0.000787
2 0.169926 0.000906
0 0.075265 hupzw
3 0.478631 49
2 0.672745 0.000473
4 0.71211 0.712058
0 0.864838 xuxhh
1 0.783397
2 0.672624 0.000645
1 0.735137
1 0.588408
2 0.048922 0.000395
1 0.751546
0 0.477473 wmnnx
4 0.966184 0.966157
4 0.87478 0.874738
3 0.740318 31
0 0.81264 qjobj
0 0.121111 jtsue
4 0.464423 0.464395
0 0.864802 mkrin
0 0.015525 hlzgc
4 0.578519 0.578493
0 0.083171 spnjw
2 0.857791 0.000596
4 0.338653 0.33858
1 0.694172
1 0.601229
3 0.646003 38
1 0.068739
0 0.826841 owgyg
1 0.141128
3 0.773013 47
4 0.002177 0.002144
3 0.066779 2
4 0.208268 0.208223
4 0.740694 0.74065
0 0.487116 hecri
0 0.432696 moxzu
2 0.805023 0.000266
3 0.751258 17
0 0.068814 hccoa
2 0.096515 0.000139
0 0.120118 nweqp
2 0.236658 9e-05
2 0.176584 0.000353
1 0.966432
2 0.269567 0.000392
4 0.751619 0.751612
1 0.407751
0 0.034565 htpux
4 0.901265 0.901189
0 0.751311 xlgzo
0 0.68438 lanzw
0 0.864818 xxfdx
3 0.170628 36
4 0.423337 0.423337
4 0.001409 0.001348
2 0.367054 0.000985
0 0.095939 svbqd
4 0.693608 0.693565
1 0.638848
4 0.791558 0.791476
0 0.47637 rmxie
2 0.148381 0.000972
3 0.006002 45
1 0.472984
0 0.780261 uhkwk
3 0.36781 36
0 0.09382 xdnfp
0 0.947367 ttxzs
0 0.976076 gqlkg
1 0.066479
3 0.631871 22
0 0.645947 hrqjs
0 0.133862 zjpgm
0 0.645768 fcsge
1 0.649974
2 0.473325 0.000592
2 0.111606 0.000112
4 0.826886 0.826878
0 0.353634 hlnxm
0 0.367062 knvel
1 0.314067
3 0.096604 45
2 0.48404 0.000858
3 0.432488 26
3 0.033482 48
2 0.564608 0.00095
3 0.293516 48
0 0.140683 bepuz
1 0.904274
1 0.423513
4 0.637684 0.637667
3 0.743634 8
2 0.681989 0.000723
2 0.365592 0.000439
4 0.6397 0.639665
4 0.237172 0.237165
2 0.019471 0.000333
3 0.928275 21
3 0.880841 46
3 0.672633 0
3 0.314728 23
1 0.423177
1 0.138516
0 0.485039 hbzku
0 0.208126 cbpkw
4 0.773775 0.773771
1 0.972735
2 0.671974 0.000223
1 0.986209
3 0.645731 47
3 0.833497 40
0 0.251753 bqsxo
1 0.65175
4 0.672751 0.672698
2 0.969535 0.000391
2 0.928912 0.000643
4 0.964483 0.964475
3 0.589349 41
4 0.875744 0.875709
4 0.741233 0.741232
1 0.31783
0 0.740401 wtdvm
2 0.167109 0.000685
3 0.148131 8
2 0.946219 0.000521
0 0.773057 getlh
3 0.869342 37
4 0.966649 0.966649
4 0.63425 0.634151
4 0.661376 0.661332
4 0.634423 0.634371
1 0.867777
2 0.236624 0.000717
3 0.484495 4
4 0.579251 0.57922
1 0.366232
0 0.250224 ojueq
0 0.929014 pstyn
0 0.61718 atwoo
3 0.432827 2
1 0.352483
3 0.792271 0
4 0.143895 0.143867
1 0.367395
2 0.728874 0.000124
3 0.071628 10
0 0.189863 iungf
3 0.66089 12
1 0.773356
0 0.694293 twtkl
2 0.478409 0.000907
4 0.564389 0.564309
3 0.91536 45
2 0.740753 0.000299
3 0.769198 49
1 0.075614
4 0.134206 0.134172
3 0.791384 4
2 0.590704 0.000763
1 0.578211
2 0.085827 0.0001
4 0.075844 0.075748
1 0.635177
0 0.858013 csjux
2 0.943475 0.000638
2 0.564515 9.4e-05
1 0.919537
3 0.773496 4
0 0.898222 thxqn
1 0.661128
2 0.95688 0.000541
2 0.865638 0.000224
0 0.809201 mfdhj
3 0.791748 14
0 0.09399 xbuli
3 0.751584 21
4 0.528733 0.528725
3 0.12117 39
0 0.256494 ncypt
4 0.867958 0.867906
4 0.935308 0.935246
2 0.473723 0.000605
3 0.147732 28
3 0.661275 2
4 0.232596 0.232505
2 0.966261 0.000856
3 0.640762 30
2 0.671818 0.000282
1 0.953064
4 0.451047 0.451016
0 0.304899 gvboj
4 0.119157 0.119068
0 0.890363 qfcma
2 0.946694 0.000929
0 0.519212 mbexx
0 0.237558 rpfsn
4 0.046703 0.046689
0 0.423122 liofb
0 0.614773 aqyzm
1 0.645707
4 0.277862 0.277807
3 0.066559 49
0 0.724445 uzfur
3 0.77378 26
4 0.877474 0.877405
0 0.564935 cxkag
1 0.808735
2 0.366367 0.000923
4 0.000879 0.000867
4 0.450901 0.450809
2 0.928963 0.000871
3 0.119555 12
4 0.596575 0.596535
4 0.075919 0.075835
0 0.484858 fpymn
4 0.589169 0.589117
2 0.565506 9.6e-05
4 0.236659 0.236648
0 0.920329 ihwsx
2 0.772814 0.000313
1 0.225801
3 0.693958 35
1 0.521585
0 0.46986 opyho
2 0.741211 0.000895
2 0.694421 0.000607
1 0.954737
0 0.469542 fxfjo
4 0.27914 0.279138
4 0.58889 0.588882
3 0.518631 9
4 0.034394 0.03434
0 0.37157 rtuwz
3 0.06728 1
0 0.82223 knyke
3 0.034155 40
1 0.910518
4 0.141033 0.140968
3 0.451505 37
3 0.564165 29
1 0.689734
2 0.868132 0.000533
1 0.799356
3 0.588822 39
0 0.90518 kwujj
4 0.661324 0.661245
2 0.321212 0.000522
1 0.615674
3 0.927556 17
3 0.433105 33
3 0.919771 22
0 0.661191 anekf
0 0.319869 dckhs
3 0.66099 9
1 0.139222
4 0.858591 0.858524
0 0.811939 cduod
3 0.947045 14
3 0.507666 36
3 0.071721 10
2 0.432534 0.000309
4 0.251671 0.251595
1 0.195439
0 0.367043 dmebk
4 0.337128 0.337102
1 0.867767
0 0.853928 mnptb
2 0.868032 0.000648
1 0.656173
4 0.672777 0.672736
3 0.700381 13
4 0.966651 0.966557
4 0.735936 0.735895
4 0.660841 0.660763
0 0.863963 yhhdf
4 0.474999 0.474901
3 0.334992 43
4 0.469349 0.46933
1 0.920893
4 0.661633 0.661538
2 0.788554 2.5e-05
3 0.578521 33
0 0.946315 ewxbw
2 0.743374 0.000684
0 0.510421 obzgf
3 0.671927 38
2 0.576765 0.000378
2 0.075608 0.000214
1 0.153933
0 0.751926 savuj
3 0.748803 16
4 0.140669 0.140606
3 0.262387 5
1 0.365909
1 0.846853
0 0.237471 kbnzj
3 0.520447 47
2 0.264239 0.000248
2 0.181098 0.000191
1 0.928201
4 0.318398 0.318367
2 0.264213 2.3e-05
0 0.284859 gjpug
0 0.365835 nmenu
4 0.081623 0.081529
3 0.645586 25
1 0.379152
2 0.86816 0.000928
4 0.024113 0.024083
1 0.671972
4 0.74062 0.740606
0 0.564032 ffhwo
2 0.515132 0.000917
4 0.366105 0.366019
1 0.881493
4 0.066751 0.066732
2 0.445176 0.000607
4 0.072593 0.072541
4 0.904074 0.904046
0 0.867492 lsfqp
2 0.155955 0.000582
0 0.433145 wzuac
1 0.553742
2 0.826282 0.000237
4 0.741785 0.741731
2 0.072587 0.000359
1 0.775811
4 0.773286 0.773286
4 0.091275 0.091199
2 0.075425 0.000979
2 0.016051 7.3e-05
2 0.826092 8.8e-05
0 0.2802 xwlmx
2 0.564654 0.000567
2 0.989644 0.000743
4 0.578013 0.577985
4 0.817916 0.817879
1 0.928847
4 0.09327 0.093172
4 0.928517 0.928502
0 0.72022 wgdgi
0 0.741278 srbgp
2 0.023041 7.7e-05
0 0.072023 mejph
4 0.283178 0.283086
4 0.791805 0.791782
2 0.023617 6.3e-05
3 0.965864 16
4 0.869101 0.869045
3 0.432522 30
0 0.431513 vnyxr
2 0.826544 0.000335
0 0.479857 zvtbz
4 0.097034 0.096935
0 0.77404 mqubz
2 0.82667 0.000385
0 0.902511 obtrx
1 0.588755
0 0.432161 sxvng
3 0.432539 49
3 0.72587 27
0 0.563845 jeash
1 0.195332
0 0.140633 pqazk
3 0.718884 33
4 0.367529 0.367462
4 0.131453 0.131357
1 0.472913
0 0.984297 tzcnd
3 0.366482 14
1 0.919497
1 0.45116
3 0.310844 22
4 0.066961 0.06688
3 0.590298 23
4 0.672234 0.672168
0 0.094474 vqshk
0 0.743449 cnaqm
1 0.744463
4 0.075254 0.075192
0 0.669551 tlmjn
4 0.56502 0.564985
2 0.687065 0.000332
4 0.432509 0.432458
0 0.523918 qpsdi
1 0.473572
1 0.561869
3 0.451361 29
0 0.352979 fsyyg
0 0.451323 dmbjj
1 0.144955
1 0.474403
2 0.479296 0.000565
3 0.673193 37
0 0.026918 cngio
0 0.075318 zoswa
4 0.948435 0.948428
2 0.857851 0.000866
1 0.699937
2 0.474805 0.000262
2 0.17391 0.000314
4 0.366888 0.36684
4 0.877709 0.877623
0 0.423143 btggz
2 0.48855 0.000989
0 0.751731 rswug
1 0.801418
0 0.119551 dpgpj
0 0.612292 ayawe
4 0.367383 0.367382
0 0.920015 jpocw
2 0.616033 0.000577
0 0.353975 evzkd
2 0.367389 0.000459
0 0.732533 ikmkp
2 0.740915 0.000928
2 0.556374 0.000505
4 0.947487 0.947396
3 0.04428 19
4 0.141511 0.141458
3 0.381348 38
4 0.615659 0.615633
1 0.387767
2 0.096213 0.000278
0 0.225682 fqowa
3 0.86473 28
0 0.009965 ivhal
4 0.450906 0.450861
2 0.938837 0.000462
4 0.67302 0.672989
1 0.004388
1 0.858064
3 0.934588 27
1 0.694084
4 0.319259 0.319177
3 0.451057 31
2 0.131212 0.000218
4 0.773266 0.773244
4 0.855169 0.855101
0 0.141568 plvdw
2 0.213021 9.2e-05
1 0.237406
4 0.765899 0.765824
1 0.473547
2 0.71502 0.000953
0 0.451317 osvmx
1 0.470535
0 0.751339 aequg
0 0.217578 nwddj
4 0.864884 0.864799
4 0.406217 0.406187
2 0.96603 0.000443
0 0.7979 eaeiu
1 0.673058
2 0.696287 0.000145
4 0.791929 0.79183
4 0.965507 0.965423
3 0.773665 14
3 0.234017 26
1 0.432827
3 0.525142 3
0 0.693794 gxbye
4 0.334366 0.334344
4 0.082624 0.08259
2 0.69322 5.1e-05
3 0.966409 24
3 0.742292 39
3 0.858309 18
1 0.372475
3 0.237187 24
1 0.267448
1 0.864678
4 0.871785 0.871697
1 0.11944
2 0.295069 0.000771
1 0.563861
2 0.722416 0.000113
4 0.740372 0.740338
4 0.143415 0.143343
4 0.474451 0.474425
3 0.277204 17
2 0.366948 0.000332
4 0.666808 0.666729
4 0.264267 0.264174
2 0.829241 0.000779
3 0.469913 31
0 0.323143 bmbhn
1 0.440132
0 0.566567 wyyfv
0 0.096063 gqjxm
4 0.67621 0.676117
3 0.865006 30
2 0.634817 0.000776
1 0.367602
2 0.812406 0.000745
1 0.141285
4 0.360822 0.360741
3 0.865434 24
2 0.388042 0.000212
2 0.251966 0.000628
4 0.261241 0.261155
3 0.865231 8
0 0.369878 qmshu
4 0.589028 0.589026
1 0.764541
3 0.121808 18
0 0.498423 cmgez
3 0.263866 10
0 0.399107 bcpck
2 0.743742 0.000513
2 0.050879 0.000329
2 0.966028 0.000697
1 0.9841
4 0.864804 0.86476
2 0.702248 0.000671
4 0.034432 0.034376
0 0.975528 honqu
0 0.578164 pgaaf
1 0.820918
1 0.470151
1 0.190391
3 0.440227 18
3 0.715555 46
1 0.826177
2 0.06684 0.000873
2 0.67245 7.8e-05
2 0.065754 0.000286
4 0.474805 0.474804
2 0.652206 0.000386
4 0.947473 0.947472
2 0.415343 0.000899
4 0.826532 0.826451
0 0.743067 yldua
1 0.121007
2 0.099413 5e-05
3 0.472868 1
0 0.81412 ngjde
0 0.119359 ddxsa
2 0.692351 0.000937
4 0.751251 0.751156
3 0.055104 5
2 0.365965 0.000803
2 0.113765 0.000552
4 0.422812 0.422757
4 0.109674 0.109595
3 0.096145 14
4 0.494752 0.494715
4 0.474937 0.474926
2 0.937479 0.000864
1 0.673171
1 0.888048
2 0.423368 0.000739
3 0.18541 20
4 0.740546 0.740506
1 0.955871
2 0.367132 0.00094
1 0.680459
1 0.616482
1 0.789276
1 0.474567
0 0.648473 ohmel
3 0.474172 35
0 0.266393 cfxzo
2 0.075885 0.000435
2 0.255991 0.00017
4 0.26424 0.264175
1 0.389724
2 0.440215 0.000275
1 0.100645
0 0.469338 rkvya
1 0.503818
2 0.616509 0.000302
1 0.44394
1 0.236709
0 0.524167 dmaqc
4 0.076067 0.076029
3 0.558637 33
4 0.616039 0.61597
4 0.39723 0.39716
1 0.577984
2 0.758829 0.000881
4 0.867902 0.867896
1 0.708046
3 0.864965 1
1 0.827661
1 0.082675
0 0.042751 kajuo
0 0.864877 rgyjs
1 0.434555
4 0.141604 0.141595
1 0.178013
2 0.672722 0.000464
4 0.377114 0.377046
0 0.440843 vnfxq
0 0.135576 nypeu
0 0.4748 xypto
2 0.502514 0.000404
1 0.366109
1 0.963913
1 0.11941
0 0.886432 eogok
0 0.121455 dcswc
2 0.846948 0.00039
0 0.423629 xiwkr
0 0.845408 haadj
3 0.474749 13
2 0.563095 0.000215
3 0.61628 8
2 0.997119 0.000903
4 0.433171 0.433074
2 0.125141 0.000268
2 0.472887 0.000983
0 0.473117 jarsl
3 0.367054 39
0 0.582416 sghfw
3 0.23719 11
1 0.369983
3 0.474715 10
4 0.172181 0.172089
2 0.751748 0.00044
4 0.200545 0.200488
3 0.367622 48
3 0.527579 39
2 0.469732 0.000348
0 0.551681 bdnso
1 0.367524
1 0.030733
0 0.367874 cmyyk
0 0.774965 mziav
1 0.440907
2 0.712233 0.000742
2 0.36735 0.000988
2 0.978044 0.000902
0 0.867948 kwwyv
0 0.666853 pvdzi
0 0.366198 xdant
4 0.080841 0.080796
3 0.660873 47
2 0.898118 0.000841
3 0.034212 35
4 0.281919 0.281857
1 0.451102
1 0.130257
1 0.751173
2 0.303665 0.000616
4 0.469465 0.469449
1 0.359849
2 0.96671 0.000847
1 0.177591
1 0.86478
0 0.999887 idchg
3 0.473335 8
3 0.89713 24
4 0.251935 0.251858
2 0.662643 0.000776
3 0.367682 31
1 0.695965
0 0.367455 wwnmf
0 0.364481 dtxll
2 0.082406 0.000999
2 0.535339 0.000233
1 0.868232
1 0.31395
2 0.588951 0.0008
3 0.449753 39
1 0.075806
3 0.287508 38
1 0.616169
4 0.157898 0.157825
3 0.857932 32
1 0.81163
3 0.564571 32
2 0.453619 0.000276
1 0.947006
1 0.293445
0 0.121276 jghmq
4 0.783541 0.783539
2 0.121445 0.000993
2 0.580989 0.000585
2 0.857844 0.000867
0 0.734838 qaqim
2 0.966697 0.000289
4 0.334932 0.334906
4 0.251459 0.251419
3 0.917574 34
0 0.469859 rigzh
4 0.173128 0.173082
3 0.69367 36
1 0.771842
2 0.743772 0.000943
3 0.666945 27
4 0.43289 0.432801
2 0.934774 0.000429
1 0.367381
1 0.574647
1 0.432569
2 0.751352 0.000138
1 0.966675
0 0.411727 oqqtk
0 0.034784 zquhs
4 0.416683 0.416642
0 0.140762 qxlwl
1 0.478761
1 0.451186
0 0.29613 vgrat
3 0.423513 19
0 0.214275 qahdu
1 0.577896
0 0.462224 eaveh
0 0.096137 ucmbu
2 0.408223 0.000163
2 0.440905 0.000169
4 0.362626 0.362564
3 0.423524 12
1 0.763935
2 0.237029 0.000106
2 0.804848 0.000626
4 0.034711 0.034637
2 0.886236 9.6e-05
3 0.947433 17
4 0.440071 0.440051
0 0.237382 yehqj
2 0.418806 0.000891
1 0.251591
2 0.431941 0.000222
2 0.469249 0.000184
2 0.586534 0.000906
3 0.743723 30
3 0.282641 12
2 0.742828 1.3e-05
4 0.264158 0.264061
1 0.694284
0 0.037306 xeqza
3 0.034676 36
4 0.55313 0.553031
1 0.615974
4 0.602117 0.602037
1 0.251413
4 0.152263 0.152222
1 0.947207
1 0.12871
1 0.868039
4 0.397096 0.397018
2 0.469901 0.000588
4 0.981841 0.98177
4 0.252058 0.252011
4 0.65493 0.654848
1 0.096201
2 0.650572 0.000223
4 0.082525 0.082514
0 0.488723 wwxvc
4 0.858364 0.858278
1 0.95374
2 0.03402 0.00081
3 0.768982 9
2 0.075191 0.00065
2 0.771346 0.000902
3 0.743589 28
0 0.947705 mgseh
2 0.096806 0.000627
2 0.120091 0.00094
2 0.588567 0.00025
1 0.610205
3 0.588497 13
2 0.302922 0.000184
0 0.564031 btizh
1 0.89797
0 0.367054 lqwfl
0 0.876354 qnlbo
0 0.588834 suxkv
0 0.779249 axyiw
2 0.473495 0.000215
1 0.660246
1 0.94685
0 0.363291 rhghj
