1 0.908127
2 0.338693 0.000133
3 0.083 43
2 0.897664 0.000975
1 0.281435
2 0.615588 0.000724
1 0.784584
4 0.458351 0.458382
3 0.550119 23
2 0.927996 0.000508
2 0.445011 0.000875
4 0.891457 0.891511
3 0.230151 37
1 0.829503
1 0.4475
3 0.253208 22
0 0.07945 ouada
0 0.547277 rhntx
1 0.873933
4 0.377486 0.37756
3 0.19884 22
1 0.310679
1 0.764545
0 0.800861 bovlj
3 0.302051 22
4 0.068352 0.068424
2 0.821063 0.000793
2 0.467746 0.000862
3 0.858031 41
1 0.753905
0 0.901518 qtlxs
0 0.187952 qpinb
3 0.947205 26
2 0.531909 0.0004
1 0.352972
3 0.474933 20
1 0.767421
2 0.766999 9.9e-05
2 0.171481 0.000617
2 0.511005 0.000815
0 0.615073 vybll
4 0.124014 0.124077
1 0.513991
0 0.40053 jdwkr
0 0.295345 ouqbt
1 0.82343
1 0.744831
0 0.169008 kjlmg
3 0.041232 48
1 0.909853
4 0.353455 0.353488
3 0.851772 22
0 0.147117 lwnuz
4 0.197076 0.197137
2 0.120673 0.000469
1 0.942547
3 0.249598 31
1 0.29083
4 0.107563 0.107647
1 0.675794
0 0.467756 zxwxa
2 0.674306 0.000335
0 0.633946 ucaml
1 0.028335
4 0.23415 0.234166
0 0.52498 poqvj
3 0.483074 18
1 0.800802
2 0.770029 0.000647
4 0.135801 0.135807
4 0.282342 0.282367
4 0.422695 0.422756
1 0.45103
2 0.712778 0.000646
0 0.237758 uqfeb
2 0.00354 0.000802
0 0.320695 xpydk
0 0.289931 rdkau
0 0.687051 tlbbp
3 0.605197 9
1 0.069187
4 0.339915 0.340004
4 0.66061 0.660626
1 0.763305
3 0.846819 5
2 0.333331 0.000262
2 0.903268 0.000943
3 0.106671 2
0 0.445135 tmjwn
3 0.376213 30
0 0.824255 djxwr
3 0.028612 20
0 0.361943 wjyvu
0 0.951229 iyawa
4 0.736111 0.736129
4 0.581691 0.581745
0 0.767187 sohgp
0 0.826724 fecks
0 0.481428 xcbxo
3 0.958694 22
3 0.475411 31
2 0.408332 0.000816
1 0.083715
2 0.480213 0.000891
3 0.251973 18
4 0.504505 0.504585
1 0.209368
0 0.146739 phzqd
0 0.376029 vdjhn
3 0.703566 18
0 0.532523 xwpjb
3 0.290825 27
0 0.016546 aaxzk
4 0.365527 0.365582
0 0.549431 teiai
3 0.457612 18
2 0.006147 0.000184
4 0.997926 0.998007
1 0.259673
1 0.104216
0 0.448284 rbqlz
3 0.443463 47
1 0.928823
1 0.208561
4 0.076594 0.076645
3 0.961164 23
3 0.973348 42
4 0.806081 0.806114
3 0.941163 1
3 0.560256 18
0 0.401032 emotf
3 0.161147 21
1 0.631819
3 0.051617 2
2 0.67514 0.000885
1 0.809382
2 0.787112 0.000367
0 0.244627 hvqth
2 0.067182 0.000488
3 0.850495 0
2 0.281457 0.000331
0 0.461841 odfsp
1 0.405914
0 0.525128 jgsct
0 0.75889 ldsve
3 0.461924 3
3 0.346332 9
0 0.717015 lmwes
2 0.138152 0.000344
4 0.938817 0.938841
3 0.353723 5
2 0.419994 5e-05
2 0.826574 0.000127
0 0.669704 dffzn
4 0.12575 0.125827
0 0.259966 wjouh
0 0.829721 ujfft
0 0.702485 bkmig
2 0.035849 0.000363
3 0.217558 0
3 0.339345 45
4 0.838403 0.838414
0 0.729306 spxlu
4 0.397232 0.397299
2 0.099718 0.000989
4 0.001382 0.001416
1 0.209627
0 0.592296 ccajz
4 0.094132 0.094168
4 0.932535 0.932582
1 0.311101
3 0.683732 14
4 0.597317 0.5974
1 0.213387
3 0.669286 19
2 0.256867 0.000396
4 0.849163 0.849216
1 0.854909
3 0.593632 11
2 0.092368 0.00038
2 0.172279 0.000491
0 0.936371 acahj
4 0.779631 0.779714
0 0.994401 rcnyo
3 0.45998 48
3 0.053612 9
1 0.14598
1 0.89381
4 0.97203 0.972038
2 0.788292 0.000331
3 0.947267 30
1 0.526694
3 0.266558 47
1 0.906382
3 0.279844 19
3 0.739824 19
2 0.793436 0.000131
3 0.455768 22
0 0.93152 gxyxm
2 0.953518 0.000634
0 0.76704 dwqfw
3 0.267966 48
2 0.007791 0.000218
4 0.317579 0.317628
4 0.2897 0.289773
4 0.22122 0.2213
0 0.397334 mbzsl
4 0.02825 0.02834
2 0.549064 8.7e-05
2 0.537186 0.000615
0 0.253835 sbxzx
4 0.452927 0.452939
4 0.190499 0.190591
1 0.587833
3 0.750327 2
4 0.224682 0.224748
4 0.901272 0.901345
0 0.079359 niics
2 0.466887 0.00088
4 0.272903 0.272962
1 0.171859
3 0.414237 22
0 0.518423 tdxnd
4 0.153196 0.153289
4 0.023738 0.023743
2 0.431467 0.000483
2 0.677052 0.000377
1 0.768284
2 0.667394 0.000744
3 0.156599 32
3 0.76522 9
0 0.968572 wkzyp
1 0.331318
1 0.52628
3 0.068728 49
1 0.996332
1 0.891984
3 0.919435 43
3 0.458531 18
4 0.221366 0.221387
1 0.04206
3 0.003872 29
0 0.353217 wxnor
1 0.563544
3 0.37249 3
0 0.039993 pgetv
4 0.9962 0.996234
0 0.634121 tbhal
3 0.27571 10
0 0.451461 gyzpa
4 0.784866 0.78487
4 0.984121 0.984121
2 0.824353 0.000765
1 0.336905
0 0.857026 ynsvg
4 0.346444 0.34654
4 0.889307 0.889316
4 0.287928 0.287972
3 0.617645 24
3 0.319851 6
2 0.902347 0.000735
0 0.451595 thhnp
2 0.831307 0.000121
3 0.955906 15
1 0.476617
2 0.250297 0.000761
3 0.135094 0
3 0.058318 25
4 0.063176 0.063228
2 0.568508 0.000334
4 0.754479 0.754564
3 0.130035 6
0 0.961342 cdoqz
1 0.331369
2 0.184979 0.000522
1 0.110781
2 0.514871 0.000656
2 0.578048 0.000161
1 0.146556
0 0.632218 qpeis
3 0.767591 25
3 0.899771 22
1 0.809989
2 0.471173 0.000968
4 0.411375 0.411425
4 0.926246 0.926304
1 0.020646
4 0.394739 0.394794
1 0.543309
2 0.248542 0.000102
4 0.9478 0.947884
4 0.252872 0.252964
0 0.977295 zyvkc
3 0.131211 37
4 0.573809 0.573906
0 0.594456 axthv
2 0.867678 0.00096
1 0.844076
4 0.755568 0.755581
4 0.008441 0.008446
4 0.080341 0.080368
2 0.160128 0.000632
3 0.441467 27
4 0.980564 0.980598
0 0.641933 ocdhb
2 0.042254 0.000289
0 0.651849 whmws
4 0.224091 0.224105
2 0.79197 0.000866
0 0.679954 zldqx
0 0.230504 sxdfh
4 0.361843 0.361897
3 0.559053 44
3 0.281056 40
2 0.505147 0.000454
0 0.813469 tjdcm
4 0.164511 0.164597
4 0.706749 0.706797
4 0.176634 0.176714
4 0.613188 0.613198
3 0.079941 38
1 0.723194
4 0.856951 0.856974
3 0.673758 18
2 0.97743 0.000311
2 0.700284 0.000468
3 0.864795 4
2 0.087896 0.000702
4 0.780882 0.780916
3 0.910422 45
3 0.829882 45
4 0.596925 0.597014
3 0.641748 34
1 0.561667
3 0.147216 30
3 0.8475 48
1 0.228647
4 0.483566 0.483661
3 0.92058 30
3 0.39008 2
0 0.445414 nwahx
3 0.405724 33
4 0.483743 0.483825
0 0.103073 yunxy
4 0.775474 0.775532
3 0.696054 38
3 0.602486 42
0 0.895806 iyxiq
1 0.209511
3 0.716206 44
4 0.82144 0.821467
3 0.05874 0
2 0.504102 0.000982
1 0.298712
0 0.550438 urcvq
3 0.145451 10
3 0.545813 23
2 0.271676 0.000593
0 0.008821 oxjnq
3 0.227577 11
0 0.400718 wkczu
1 0.507997
2 0.179986 0.000449
4 0.291574 0.291588
4 0.746348 0.746439
3 0.917328 14
1 0.320962
3 0.698528 20
3 0.926105 33
0 0.690488 pfune
0 0.171963 zovit
3 0.602777 49
4 0.83836 0.838388
3 0.368051 42
3 0.582931 14
2 0.509036 0.000398
4 0.715877 0.715905
3 0.469461 24
4 0.025946 0.026037
4 0.606781 0.606796
1 0.898431
2 0.18978 0.000566
1 0.028141
1 0.694156
4 0.425488 0.425565
1 0.702253
4 0.520864 0.520867
3 0.236741 31
4 0.706203 0.70621
0 0.248501 tighf
4 0.282096 0.282145
3 0.248165 40
1 0.942321
0 0.54106 jftds
0 0.155125 zmubp
4 0.994725 0.994787
0 0.36636 lrhfo
2 0.935194 0.000422
2 0.293237 0.000994
1 0.047472
1 0.475004
1 0.58411
3 0.485198 29
1 0.998802
3 0.937757 38
1 0.915219
0 0.247793 amumt
1 0.018991
0 0.789514 gyroc
3 0.689587 33
4 0.82192 0.822001
0 0.587011 ulpos
2 0.913762 0.000201
2 0.773318 0.000646
0 0.215595 afzkd
3 0.046269 7
1 0.252208
2 0.509188 0.000257
1 0.097397
3 0.710796 9
0 0.445955 tmvhw
0 0.041284 fqreg
0 0.660809 dgcbx
3 0.945092 28
1 0.558841
2 0.528777 0.00025
2 0.150108 0.000513
1 0.597192
2 0.384345 0.000478
1 0.494723
2 0.823465 0.00021
3 0.325877 19
3 0.47434 37
4 0.875011 0.875059
1 0.31794
4 0.18675 0.186809
2 0.43 0.000353
0 0.865865 czqtp
1 0.83306
2 0.234957 0.000107
0 0.51406 rfuzp
3 0.697825 24
0 0.706606 tgfok
0 0.911194 akowl
2 0.52217 0.000482
0 0.208629 ewgns
0 0.027506 sqfyl
4 0.235179 0.235273
0 0.479344 yjjnl
2 0.164503 8.6e-05
4 0.784965 0.784972
0 0.144408 wfapy
0 0.601948 cnhxv
2 0.558288 0.000168
1 0.129263
3 0.772573 30
1 0.400442
0 0.657137 xdrlr
2 0.661483 2.9e-05
2 0.818987 0.000582
4 0.188703 0.188793
4 0.447097 0.447178
3 0.521737 1
4 0.651 0.651024
0 0.262432 cyzib
2 0.237561 0.000341
2 0.896895 0.000824
4 0.483037 0.483048
1 0.226114
0 0.089444 dyayv
3 0.353537 5
0 0.779047 xgvxh
2 0.682009 6.8e-05
3 0.986958 14
4 0.988937 0.988938
0 0.491851 mzpnb
0 0.787999 ryvep
0 0.061808 gcuye
3 0.200733 13
2 0.752312 0.000924
3 0.830192 34
1 0.348157
3 0.120064 42
1 0.089616
3 0.081405 26
3 0.669905 4
1 0.731713
0 0.719509 urhsx
4 0.691593 0.691617
0 0.597281 fqcac
1 0.338718
3 0.869369 19
0 0.399545 fivbh
2 0.709191 0.000174
3 0.268657 45
0 0.350088 flncu
3 0.222944 15
0 0.973127 ohtxt
2 0.295833 0.000368
1 0.342729
1 0.615426
0 0.033216 iqkiq
2 0.796031 0.000953
1 0.67587
4 0.447222 0.447309
4 0.420349 0.420394
1 0.708502
3 0.318293 24
1 0.088013
3 0.020902 35
4 0.615882 0.615943
4 0.693232 0.693257
1 0.483094
4 0.880574 0.880574
0 0.072796 notvf
3 0.982261 31
3 0.816907 6
2 0.90492 0.000126
4 0.662557 0.662627
4 0.657548 0.657579
2 0.829682 0.000247
0 0.307608 tfion
0 0.352653 uhpuh
2 0.440438 0.000314
4 0.345358 0.34545
0 0.007916 vdcpm
2 0.299561 0.000714
2 0.204571 0.000675
0 0.322981 aekbx
1 0.739465
3 0.801316 0
2 0.822151 0.000409
1 0.623444
2 0.776543 0.000925
0 0.17054 zfrrl
2 0.87085 0.000187
0 0.293193 naaty
4 0.232227 0.232238
2 0.194683 0.000914
1 0.533186
3 0.90187 37
1 0.312549
2 0.449017 0.000618
4 0.122544 0.122556
1 0.993395
4 0.643307 0.643347
0 0.636476 svnbu
4 0.059747 0.059788
3 0.953258 30
3 0.990702 10
2 0.874366 0.000217
2 0.128051 0.000846
2 0.763563 0.000499
4 0.855614 0.855672
4 0.345819 0.345906
4 0.56115 0.561164
4 0.492357 0.492362
2 0.65095 0.00081
2 0.34273 0.000638
0 0.707493 wrrja
1 0.767504
2 0.873388 0.000414
4 0.922546 0.922579
3 0.124533 29
4 0.0766 0.076699
3 0.570905 18
0 0.616716 atyjl
4 0.913749 0.913758
1 0.621087
0 0.587895 pialm
4 0.400649 0.400745
4 0.00933 0.009378
0 0.93925 fhlth
1 0.575428
0 0.140224 hbpfj
4 0.412793 0.412876
4 0.642963 0.64301
1 0.887374
4 0.861846 0.861891
2 0.65552 0.000176
0 0.858442 nketd
0 0.555655 bbqxj
3 0.441381 10
3 0.846922 25
2 0.460773 0.000949
4 0.322619 0.322665
1 0.494492
2 0.534844 0.000738
1 0.104255
1 0.826704
2 0.948153 0.000471
0 0.578869 jxkev
1 0.818351
0 0.254523 duidx
1 0.768138
4 0.841293 0.841327
4 0.674746 0.674835
0 0.017803 frtaf
2 0.043498 0.000577
2 0.013835 0.00096
2 0.830287 0.000307
1 0.28964
1 0.383338
2 0.662102 0.000477
3 0.019748 13
2 0.210846 0.000753
2 0.228649 0.000434
1 0.059186
3 0.509275 11
1 0.554204
3 0.079462 32
2 0.046797 0.000839
3 0.852789 20
2 0.886256 7.3e-05
1 0.190746
3 0.872149 43
4 0.799254 0.799286
4 0.69504 0.69512
2 0.539103 0.000456
3 0.943017 10
1 0.467987
2 0.708709 3.8e-05
1 0.558879
2 0.344459 0.000388
0 0.469532 yqjzw
1 0.881482
0 0.136097 henzj
3 0.091347 9
2 0.452113 0.000188
3 0.53541 49
3 0.754167 8
2 0.377697 0.000242
4 0.27523 0.275329
2 0.505408 0.000375
1 0.443418
3 0.190181 11
0 0.854864 hmlfc
4 0.03716 0.037162
2 0.60941 0.000637
3 0.740539 49
1 0.04217
4 0.97553 0.975567
3 0.480938 14
0 0.440709 yzgaf
1 0.387977
1 0.746603
1 0.04942
3 0.362689 9
0 0.465326 jhggd
1 0.952183
4 0.765203 0.76525
4 0.334145 0.334201
3 0.184165 29
0 0.88905 lfwtg
3 0.074132 4
0 0.983658 dxcvp
4 0.596789 0.596797
1 0.544198
3 0.381091 46
2 0.231588 0.000954
2 0.475635 0.000155
2 0.404181 0.000301
4 0.413147 0.413167
2 0.301153 0.00035
2 0.170838 2.9e-05
1 0.312101
4 0.318581 0.318624
0 0.509014 uhhad
3 0.816294 22
3 0.628679 27
4 0.445618 0.445713
2 0.736179 0.000244
3 0.841529 1
1 0.016911
3 0.348055 17
1 0.773298
2 0.60748 9.1e-05
2 0.013937 0.000431
2 0.13563 7.7e-05
2 0.70578 0.000108
1 0.767515
4 0.745883 0.745909
3 0.032479 39
0 0.474331 dxuek
2 0.932547 0.000868
2 0.191639 0.000852
4 0.425422 0.425477
1 0.475499
4 0.331861 0.33192
2 0.9453 0.000547
3 0.947241 17
3 0.074925 22
4 0.88612 0.88616
0 0.529017 qwjgi
1 0.3943
0 0.11133 klpkz
0 0.939785 tkopg
2 0.305263 0.000787
0 0.146238 xqaez
3 0.733086 16
1 0.765104
0 0.959654 jorxa
1 0.521195
3 0.010015 41
4 0.812541 0.812565
4 0.760328 0.760362
4 0.360411 0.360475
2 0.350655 0.000263
2 0.600094 0.00068
1 0.068889
4 0.124025 0.124046
0 0.154846 sbebf
2 0.11997 0.000609
3 0.664946 16
1 0.462932
0 0.483822 bksru
4 0.289344 0.289417
0 0.4217 bznii
0 0.077033 sxioe
4 0.819394 0.819403
1 0.764858
1 0.762647
4 0.289262 0.289339
3 0.607939 3
4 0.353512 0.353582
4 0.06454 0.064618
3 0.426042 19
0 0.503075 zzpea
3 0.115663 24
1 0.033674
2 0.169704 8.6e-05
4 0.270173 0.270237
4 0.367278 0.367316
3 0.000548 14
4 0.450178 0.450232
3 0.445448 4
0 0.963284 vwvmv
3 0.336878 46
2 0.214575 0.00062
1 0.371271
1 0.745353
4 0.041426 0.041486
2 0.558326 7.6e-05
3 0.008505 31
1 0.453953
0 0.351496 kicol
2 0.08471 0.000909
0 0.526305 cgwcq
1 0.386256
0 0.113605 injip
3 0.377658 19
2 0.07102 0.000408
0 0.868733 dtveu
2 0.73527 0.000863
2 0.02277 0.000323
0 0.614922 zrpra
4 0.803328 0.803365
0 0.314195 jympt
2 0.422253 0.000532
1 0.181019
2 0.041888 0.000968
2 0.599563 0.000739
2 0.51865 1.3e-05
1 0.010087
2 0.953188 0.000286
4 0.272869 0.272945
1 0.103416
2 0.160885 0.000134
0 0.817332 wtnyx
4 0.019341 0.019369
1 0.514947
4 0.24828 0.248287
2 0.900501 4.6e-05
1 0.370042
0 0.968157 kjjbx
3 0.677813 7
3 0.819427 15
0 0.295422 bolsp
3 0.88102 36
2 0.645652 9.5e-05
1 0.124209
0 0.856826 wobne
1 0.849764
0 0.369748 mfakf
0 0.043786 mvbfy
1 0.401168
3 0.226196 4
4 0.745338 0.745389
1 0.118516
4 0.915589 0.915645
0 0.910189 qjqqz
2 0.399378 0.000929
3 0.393998 25
4 0.517691 0.517732
0 0.918859 hkern
2 0.481562 0.000893
1 0.913504
4 0.468343 0.468378
1 0.089032
4 0.784449 0.784519
3 0.458977 46
1 0.080624
1 0.96412
2 0.244264 0.000962
2 0.059874 0.000649
0 0.250362 iqoco
0 0.153221 knuwf
3 0.299835 40
0 0.191143 yakje
3 0.61496 25
0 0.339355 fsuro
0 0.936386 wokaq
0 0.416782 eahpq
1 0.320811
2 0.069786 0.000822
2 0.684746 9.7e-05
2 0.365937 0.00095
1 0.291923
3 0.318007 23
4 0.291319 0.291329
1 0.948121
4 0.370167 0.370218
1 0.921688
4 0.45307 0.453074
2 0.290234 0.000298
3 0.223056 40
1 0.528505
0 0.25419 swhxb
2 0.588276 0.00054
4 0.065853 0.065946
1 0.458651
2 0.981505 0.000989
3 0.950928 45
1 0.241162
1 0.281221
0 0.284286 chnzl
2 0.969779 0.000206
2 0.148468 0.000482
2 0.896119 0.000687
1 0.762252
4 0.083333 0.083351
3 0.700382 46
1 0.8108
0 0.307987 pqvof
4 0.201514 0.201557
1 0.687645
4 0.022873 0.022938
1 0.455381
4 0.938719 0.938753
3 0.70088 46
2 0.448486 0.000947
0 0.275629 olkyf
3 0.838321 11
2 0.039835 0.000256
0 0.243832 jflun
3 0.98326 5
3 0.68414 1
1 0.108705
1 0.678204
0 0.458528 nvtcj
3 0.90987 49
1 0.413273
1 0.417271
1 0.161097
3 0.22962 18
4 0.729232 0.729305
2 0.929724 0.000775
0 0.038429 yzinh
1 0.924472
2 0.28582 0.000576
2 0.824363 0.00051
3 0.787794 31
4 0.465244 0.465245
1 0.402014
0 0.507853 cntrq
4 0.953808 0.95389
0 0.915629 dmoaq
0 0.09799 fejfu
4 0.112275 0.112322
0 0.135977 cemmi
4 0.532861 0.532871
3 0.753286 6
2 0.633506 0.000196
1 0.491414
2 0.535856 0.000404
0 0.963183 ytfyb
3 0.216118 37
1 0.399798
1 0.225818
3 0.066993 20
3 0.902414 33
3 0.556621 39
0 0.099447 imeos
4 0.482292 0.482313
0 0.400393 lwjqh
2 0.482495 0.000867
2 0.549488 0.000637
1 0.929785
0 0.268634 vklew
3 0.638018 42
1 0.902068
0 0.036051 dfkrn
3 0.03842 41
1 0.827288
0 0.314894 wruth
4 0.909362 0.909367
1 0.861461
0 0.358284 scxlf
0 0.106037 cmqxf
1 0.304393
3 0.532507 39
2 0.091762 0.000721
4 0.189912 0.189937
1 0.113317
2 0.173537 0.000778
3 0.642293 1
1 0.712279
0 0.010129 fiasq
4 0.492183 0.492273
2 0.219625 0.000375
2 0.511856 0.000387
3 0.075763 13
1 0.705433
2 0.649421 0.000563
2 0.808066 0.000864
4 0.036697 0.036737
0 0.887717 gjaec
2 0.355803 0.000545
4 0.01353 0.013564
4 0.74192 0.742006
3 0.338984 7
1 0.0673
0 0.235949 zhsae
3 0.369281 10
2 0.810073 2.4e-05
1 0.869831
3 0.143591 26
3 0.157122 12
4 0.899042 0.899042
2 0.288417 0.000802
1 0.615586
1 0.10749
3 0.991102 6
2 0.866897 0.000414
3 0.63041 38
3 0.811786 26
4 0.90321 0.903278
2 0.15701 0.00089
0 0.835149 etcyg
4 0.08473 0.084827
3 0.767995 41
0 0.089671 poiri
0 0.602339 mmnsg
4 0.622036 0.622044
0 0.264672 kptsk
0 0.080464 njdsn
3 0.36147 29
4 0.794097 0.794179
0 0.896104 csuqd
1 0.080633
2 0.400974 0.000495
1 0.35017
4 0.489181 0.489258
3 0.644984 23
1 0.916784
2 0.128631 0.000606
4 0.180642 0.180645
1 0.663502
4 0.216947 0.21704
0 0.635021 poaur
2 0.615243 0.000568
1 0.025704
3 0.021034 38
1 0.422467
4 0.647836 0.647886
3 0.70748 42
3 0.560958 46
3 0.294257 39
3 0.929278 19
3 0.644932 19
3 0.547852 1
1 0.733031
2 0.305984 0.000417
3 0.897457 34
2 0.545293 0.000334
2 0.769125 0.000778
1 0.330083
0 0.796694 higqw
2 0.714902 0.000456
3 0.686533 24
3 0.445116 44
1 0.356522
2 0.975853 0.000759
2 0.037499 0.000445
1 0.322976
4 0.338422 0.338434
1 0.135116
4 0.753417 0.753507
0 0.406403 nfnll
0 0.833126 vwffa
3 0.91007 8
0 0.233014 itsaw
1 0.546375
0 0.222661 nlocy
0 0.64233 geabc
2 0.036159 0.000404
2 0.7394 0.000955
4 0.74951 0.749515
0 0.822346 ryryp
3 0.797421 28
3 0.296325 40
2 0.67131 0.000853
0 0.663118 hqydn
4 0.599476 0.599482
0 0.348986 nvhpf
0 0.767173 yling
2 0.829241 0.000658
4 0.293565 0.293633
2 0.693702 0.000439
0 0.10325 dqrud
0 0.124737 xdkuo
0 0.543788 ojxpk
1 0.258033
3 0.698844 4
2 0.908898 0.000793
2 0.5285 9.4e-05
1 0.719054
2 0.486926 0.000866
4 0.655319 0.65536
3 0.511398 14
0 0.891605 lqxvh
1 0.202872
1 0.832307
1 0.985336
1 0.834019
0 0.786058 jaktd
0 0.169644 yjkyl
4 0.140966 0.141065
2 0.457429 0.000304
2 0.402268 0.000588
4 0.188248 0.188266
2 0.777854 8.9e-05
3 0.080265 4
1 0.101729
4 0.107431 0.107491
0 0.448232 xivtk
2 0.962523 0.000602
1 0.236828
4 0.817446 0.817514
0 0.938938 njkxx
2 0.615077 0.000122
0 0.224188 whpmv
4 0.372216 0.372254
3 0.329965 11
2 0.228792 0.000441
4 0.56259 0.562651
4 0.501529 0.501592
0 0.356537 ibjgu
4 0.124777 0.124837
4 0.748331 0.748373
0 0.551105 ssayj
4 0.300146 0.300151
3 0.862737 17
0 0.880618 uqxow
0 0.728919 fpqpf
4 0.982724 0.982737
0 0.618984 pghxg
2 0.129761 0.000738
2 0.65777 0.000475
4 0.793732 0.793825
1 0.908844
0 0.263391 vpigw
0 0.686416 juodl
2 0.857041 0.000433
4 0.049988 0.050082
2 0.89634 0.000964
4 0.60666 0.606708
2 0.439113 0.000813
4 0.391831 0.391891
0 0.589819 ozezc
0 0.253801 rkhah
0 0.510282 fgwfc
1 0.376159
2 0.4851 0.000324
1 0.876931
1 0.879674
0 0.327212 ytvrf
2 0.684481 0.000177
0 0.887647 pofza
3 0.878871 38
0 0.302417 jioms
3 0.791086 8
0 0.332787 kpocr
0 0.769228 ubjpa
3 0.606643 29
2 0.306031 0.000736
3 0.051405 3
4 0.798232 0.798277
1 0.421989
4 0.672032 0.672129
1 0.447794
3 0.477015 5
1 0.762596
3 0.293246 7
2 0.915382 0.000802
0 0.225263 sxneb
2 0.182151 0.000898
0 0.063097 wpzif
0 0.888701 mqhjn
0 0.122997 wwbog
2 0.041897 0.000183
0 0.267331 tfxif
2 0.168761 0.000698
4 0.455904 0.456002
0 0.489341 batul
2 0.726948 0.000811
3 0.466869 40
0 0.9157 jjzgm
1 0.456225
4 0.53811 0.538152
3 0.615645 28
0 0.291127 tkmrr
1 0.41154
0 0.741205 bovhr
2 0.518164 0.000587
2 0.438535 0.00046
4 0.803784 0.803854
1 0.278854
4 0.576501 0.576527
4 0.730343 0.730349
0 0.55072 iapby
2 0.850625 5e-06
3 0.518328 42
4 0.157915 0.157951
4 0.779727 0.779782
1 0.93965
1 0.973465
1 0.268069
4 0.385071 0.385135
0 0.648518 npmkp
0 0.765457 oilby
3 0.372566 10
3 0.152293 16
1 0.608295
4 0.992881 0.992973
1 0.942125
3 0.608022 27
3 0.443497 37
0 0.641516 jvrvz
1 0.213404
3 0.821464 48
4 0.486206 0.486247
2 0.505622 0.000637
1 0.014856
1 0.694599
3 0.262244 22
1 0.259629
1 0.105748
0 0.42034 fadud
0 0.359379 tenva
1 0.550824
1 0.583597
2 0.736907 0.000678
3 0.726592 24
2 0.874553 0.000904
4 0.980302 0.980341
1 0.347753
2 0.281689 8e-05
0 0.340074 tqlpb
3 0.647567 7
4 0.445777 0.445848
4 0.640445 0.640467
2 0.465071 0.000994
0 0.032975 nqqna
3 0.025968 3
1 0.882394
4 0.720565 0.720653
4 0.823946 0.823994
3 0.143755 17
1 0.701968
4 0.76798 0.768051
1 0.381052
3 0.947769 28
0 0.340688 bwnpy
3 0.302868 3
4 0.539785 0.539878
4 0.363731 0.363773
2 0.023838 5.9e-05
0 0.725806 xkoax
2 0.007981 0.000391
3 0.281642 7
3 0.693272 19
2 0.558091 0.000437
0 0.575825 lzudo
1 0.569144
4 0.254921 0.254923
2 0.294871 0.000548
0 0.882397 ceohm
4 0.675375 0.675407
2 0.368648 0.000101
1 0.511102
3 0.093113 0
0 0.638419 drxgh
0 0.766701 gwyub
3 0.58167 30
3 0.802915 8
0 0.406254 qfyxo
0 0.561967 ufiny
2 0.77154 0.000587
2 0.306757 0.000289
0 0.310726 iihwv
4 0.05778 0.057816
4 0.641388 0.641478
0 0.668087 beyog
4 0.932065 0.932132
1 0.703605
4 0.064695 0.06471
0 0.387212 twjua
4 0.147054 0.147127
0 0.204834 tigws
4 0.069067 0.06909
2 0.279904 8.8e-05
4 0.836568 0.836614
1 0.901263
1 0.591923
1 0.016351
2 0.695087 0.000233
4 0.186416 0.186503
4 0.114434 0.114455
4 0.85269 0.852785
1 0.784935
4 0.810072 0.810098
4 0.606328 0.606394
0 0.442896 tvqvk
0 0.349029 saobn
0 0.437864 lsxpg
2 0.927506 0.000427
0 0.103468 pgicp
4 0.253428 0.253437
1 0.11394
0 0.948069 qruyp
0 0.289423 bqcqy
2 0.403769 0.000606
4 0.507237 0.507247
3 0.380421 42
3 0.927742 20
4 0.603525 0.603588
4 0.999693 0.999788
0 0.284842 flnht
0 0.202953 pyaxv
0 0.615295 ffzxb
2 0.170717 0.000544
3 0.773132 19
3 0.67118 11
1 0.225287
0 0.471904 tulyl
3 0.897172 24
3 0.980157 17
0 0.086731 ijgbc
1 0.785986
2 0.311367 0.000739
1 0.560749
2 0.971938 0.00098
2 0.986941 0.000112
0 0.72125 ujstn
2 0.622244 8.6e-05
0 0.038918 umvue
1 0.953043
3 0.548349 31
2 0.295 0.000481
0 0.829677 kwqva
2 0.142608 0.000706
1 0.25754
2 0.099734 0.000908
1 0.825688
2 0.60976 0.000415
4 0.082638 0.082696
2 0.630987 0.000542
1 0.925987
3 0.824768 28
1 0.230264
1 0.003696
1 0.959703
4 0.908349 0.9084
2 0.308652 8.5e-05
0 0.264225 znpzo
3 0.056999 30
0 0.296541 lsijp
4 0.727484 0.727531
2 0.394885 0.000843
1 0.169218
1 0.870696
4 0.961377 0.961378
1 0.898503
0 0.997481 xjnbm
1 0.788937
1 0.186131
3 0.739683 18
3 0.983519 15
2 0.378405 0.00011
3 0.445962 39
1 0.767517
3 0.69946 11
1 0.727072
2 0.427265 0.000408
3 0.91966 25
4 0.224949 0.224965
3 0.830155 1
1 0.262465
1 0.483299
2 0.928729 0.000925
4 0.538036 0.53805
1 0.305553
2 0.191786 0.000566
0 0.918858 vvskg
1 0.959143
4 0.406014 0.406072
4 0.117966 0.118055
4 0.813437 0.813477
4 0.403665 0.403715
2 0.378004 0.000857
2 0.401423 0.000841
0 0.59799 ixgol
1 0.584056
0 0.635261 tovlv
0 0.203537 xdizw
0 0.689637 jusqm
3 0.806905 5
2 0.981801 0.000158
3 0.704316 24
0 0.767557 ysgcx
4 0.145826 0.145895
2 0.075873 0.00012
2 0.281863 0.000793
2 0.251709 0.000365
3 0.599397 20
0 0.479836 mahsy
2 0.937668 0.000171
0 0.393224 yyeex
4 0.333817 0.333828
4 0.33898 0.339015
0 0.316997 wuitm
0 0.548846 cfuwq
2 0.190494 6.6e-05
1 0.718574
3 0.002203 22
2 0.193402 0.000891
4 0.976827 0.976908
2 0.558466 0.000968
2 0.391815 0.000768
3 0.124881 49
2 0.953203 0.000281
1 0.272174
0 0.280583 jxefx
4 0.830669 0.830765
4 0.29756 0.297642
3 0.063094 19
4 0.095062 0.095098
0 0.461183 isifr
3 0.815404 33
1 0.445037
1 0.888853
2 0.280546 0.000374
2 0.111215 0.000522
1 0.925128
4 0.575389 0.575411
3 0.60911 34
2 0.034647 0.000819
3 0.801098 45
4 0.337398 0.337459
0 0.08333 focjt
0 0.010123 aprij
0 0.962912 hsfre
2 0.294554 0.000533
1 0.875099
4 0.777871 0.777931
1 0.325555
3 0.820611 48
4 0.633245 0.633292
2 0.242778 0.00097
3 0.548053 2
2 0.069041 0.0005
0 0.157416 teycy
4 0.16324 0.163288
3 0.746 29
3 0.396865 43
3 0.240509 40
0 0.704429 zwwnw
0 0.232496 rteba
3 0.166074 6
1 0.54824
4 0.7394 0.739464
3 0.08009 31
3 0.006231 43
4 0.633866 0.633938
2 0.522176 0.000506
2 0.877453 0.000316
0 0.040547 ojdjs
0 0.834493 ctluz
0 0.816453 rmiui
4 0.616089 0.616176
3 0.756007 11
1 0.233324
1 0.556636
4 0.893198 0.893225
1 0.364
2 0.974477 0.000526
4 0.56594 0.565955
4 0.413155 0.413175
1 0.856813
1 0.083836
1 0.390458
2 0.939138 0.000741
2 0.338599 0.00083
3 0.263282 16
2 0.672833 0.000893
0 0.036833 plllb
1 0.810102
0 0.478898 bjzmx
1 0.293488
1 0.821607
4 0.087577 0.087651
2 0.867211 0.000192
1 0.540044
2 0.996422 0.00023
1 0.971099
1 0.084218
4 0.64302 0.643092
4 0.121918 0.121936
4 0.104975 0.10503
2 0.40081 9.9e-05
1 0.117825
3 0.165698 1
3 0.032909 46
1 0.089306
0 0.789378 creqo
4 0.097201 0.097255
0 0.735472 txrna
1 0.02347
4 0.242415 0.242506
1 0.124134
0 0.332903 nzhpi
2 0.597017 4.5e-05
3 0.786799 46
0 0.903606 vvmef
3 0.545782 15
0 0.279173 lgsec
2 0.809212 0.000972
2 0.302049 0.000533
0 0.100617 anohy
1 0.230555
3 0.218993 27
4 0.508303 0.508364
2 0.337435 0.000735
4 0.268159 0.268236
1 0.015229
1 0.099539
3 0.729473 40
2 0.06606 0.000557
1 0.999665
4 0.199427 0.199502
2 0.555991 0.00082
2 0.205419 0.000265
0 0.91698 hnzmb
4 0.869802 0.86981
2 0.485693 0.000162
0 0.403633 mgxnb
2 0.868057 0.000208
4 0.321832 0.321925
2 0.120005 0.000122
1 0.897813
4 0.044719 0.044735
4 0.787098 0.787111
3 0.544707 0
1 0.913869
3 0.215355 20
1 0.67025
4 0.929724 0.929741
1 0.456285
3 0.970086 30
0 0.083689 gemlr
3 0.41769 25
3 0.743719 32
4 0.071792 0.071793
4 0.287147 0.28717
0 0.957397 azidb
4 0.096707 0.096773
2 0.70315 0.000719
3 0.787863 26
3 0.265679 3
1 0.858706
0 0.32601 gcvvb
1 0.694667
2 0.320305 0.000718
3 0.446926 7
0 0.543633 jyzkz
3 0.752471 0
2 0.913524 0.000703
4 0.401054 0.401084
4 0.727064 0.727145
4 0.068509 0.068526
2 0.602639 0.000722
3 0.204939 49
0 0.869829 uubts
0 0.821416 ankeh
0 0.019089 jqnmg
1 0.000185
0 0.329753 qbdvm
1 0.710615
0 0.350111 wiplo
2 0.041975 0.000148
1 0.283588
4 0.140175 0.140252
1 0.285635
3 0.286782 22
3 0.616535 2
4 0.979363 0.97941
4 0.305839 0.305853
4 0.65595 0.656027
0 0.792831 vbbtl
2 0.765358 0.000887
2 0.11079 0.000333
2 0.21258 0.000116
4 0.27934 0.279343
4 0.913709 0.913775
1 0.35333
3 0.183223 30
0 0.186952 vkdsp
0 0.956347 vihmn
1 0.782704
1 0.353686
0 0.790976 iodii
3 0.632346 47
0 0.167207 jxxxt
1 0.393615
3 0.098173 43
0 0.770088 zjksm
4 0.865219 0.865283
0 0.078289 fqwrg
4 0.002004 0.002065
3 0.445245 40
1 0.314362
3 0.512601 36
1 0.731091
1 0.57201
0 0.251768 hazjd
0 0.761376 lheep
0 0.676965 umnoy
0 0.159917 tfylv
2 0.404027 0.000587
4 0.083223 0.08332
0 0.411148 eqdak
1 0.904963
0 0.486684 vpbzb
2 0.16334 0.000834
3 0.35221 35
2 0.788524 0.000912
4 0.658838 0.658898
3 0.528413 7
3 0.939561 11
2 0.829506 0.000333
3 0.504308 19
2 0.070179 0.000626
0 0.097851 qyjsk
3 0.292827 19
2 0.441493 0.000959
4 0.660261 0.660334
1 0.664922
1 0.862469
1 0.797253
4 0.171943 0.172006
2 0.600381 0.000694
0 0.859723 infjb
0 0.991858 irhzp
0 0.411622 riabh
2 0.277347 0.000807
2 0.442285 0.000622
2 0.461592 0.000355
1 0.254877
4 0.393709 0.393773
4 0.281921 0.281923
2 0.762257 0.000547
3 0.70334 42
2 0.427795 0.000546
4 0.907889 0.90791
1 0.185236
0 0.003305 ozywt
4 0.376694 0.376783
3 0.219511 25
2 0.563015 0.000612
4 0.311667 0.311739
1 0.186181
2 0.998709 7.9e-05
1 0.42295
2 0.163839 0.000187
2 0.167145 6e-05
4 0.884567 0.884645
4 0.865153 0.865225
0 0.239448 ldpvr
1 0.28219
3 0.830169 0
0 0.173727 qpwrf
2 0.798317 0.000667
4 0.730556 0.730643
2 0.420357 0.00074
2 0.087799 0.000189
2 0.235367 0.000576
3 0.48825 5
1 0.576003
2 0.384524 2.2e-05
2 0.339046 0.000106
4 0.273638 0.273666
3 0.071955 48
0 0.802512 pndjt
1 0.040868
1 0.57874
0 0.607511 cgyky
1 0.42672
3 0.780319 21
3 0.954777 1
1 0.339339
3 0.478631 10
0 0.156173 bhgso
2 0.983845 0.000338
4 0.567187 0.567227
1 0.726533
4 0.04212 0.042125
4 0.338791 0.338818
4 0.293569 0.293649
0 0.421327 tzhgt
2 0.898118 0.000984
0 0.397347 knfbu
2 0.742694 8e-05
3 0.784814 35
2 0.639958 0.000112
1 0.933527
4 0.516738 0.516744
1 0.727497
3 0.850543 18
0 0.174733 pxndf
1 0.874149
3 0.154546 11
3 0.120439 27
1 0.187349
0 0.04212 ogtoj
3 0.773915 15
1 0.067385
2 0.292119 0.00056
4 0.255188 0.255233
0 0.395582 vvohl
1 0.891948
4 0.741062 0.74114
4 0.754389 0.754482
1 0.800807
2 0.881334 7.4e-05
3 0.515072 9
0 0.323543 iqsvd
1 0.551805
2 0.716816 0.000881
3 0.999878 29
1 0.532137
4 0.115507 0.115577
4 0.729999 0.730076
2 0.127685 0.000204
2 0.642758 0.000663
4 0.966301 0.966336
1 0.061385
3 0.764034 3
4 0.996918 0.996938
2 0.146724 9.8e-05
1 0.377792
1 0.32077
0 0.493793 klgqp
1 0.340676
2 0.899142 0.0001
0 0.844529 yzkzq
3 0.371283 26
0 0.518007 ulwca
3 0.079718 32
3 0.382233 48
0 0.083267 qatcg
0 0.373217 grskr
0 0.626916 bqufl
2 0.71863 0.0009
0 0.711062 turbw
0 0.873877 ubqeb
0 0.031758 femzn
3 0.055504 28
3 0.982549 44
0 0.668541 srdux
0 0.615432 aoaki
4 0.597816 0.597859
3 0.365463 0
0 0.794051 drgsz
2 0.225698 0.000253
0 0.088675 vhspp
2 0.710038 0.000914
2 0.38721 0.000224
1 0.170372
3 0.422557 15
3 0.253492 23
2 0.430792 0.000331
1 0.228436
0 0.827896 zvtkf
2 0.313604 0.000702
1 0.023642
3 0.897195 4
2 0.721936 0.000577
3 0.144493 44
1 0.448865
2 0.511609 3e-05
2 0.564802 0.000466
3 0.392698 7
0 0.825621 lxzrs
2 0.670615 0.000478
0 0.59782 jghtq
3 0.204892 14
0 0.324129 qcbov
2 0.514343 0.000413
2 0.750298 0.000386
3 0.169834 13
2 0.746442 0.000741
4 0.860614 0.860677
2 0.072363 5.4e-05
4 0.517856 0.517954
1 0.437812
2 0.859806 0.000724
4 0.000684 0.000722
1 0.515027
3 0.228105 28
0 0.532848 hpoyh
2 0.372545 0.000607
2 0.444908 0.000661
1 0.962765
1 0.679817
4 0.55309 0.553166
0 0.484029 rsopo
3 0.869718 41
2 0.565853 0.00088
2 0.302252 0.000591
3 0.475262 2
2 0.080237 0.000715
1 0.559354
1 0.720055
0 0.993117 oecyp
4 0.920732 0.920819
3 0.306802 30
2 0.872655 0.00096
4 0.691259 0.691262
3 0.086355 39
4 0.550235 0.55026
4 0.728823 0.728874
0 0.721458 rftlc
1 0.730563
4 0.52473 0.524793
1 0.81481
3 0.562769 22
4 0.77038 0.770406
4 0.373087 0.373154
3 0.639497 25
2 0.76471 0.000773
2 0.397975 0.000394
0 0.414778 gulrt
1 0.728544
4 0.169613 0.169635
0 0.962736 pvmza
3 0.507534 42
0 0.455228 ahzoy
1 0.880733
2 0.944499 0.000598
3 0.75439 24
3 0.569991 38
0 0.142618 wcebq
4 0.058925 0.058936
3 0.924135 39
2 0.877568 0.000685
1 0.740374
1 0.380952
1 0.239257
0 0.866479 sbdla
3 0.910132 21
0 0.657553 gacrl
4 0.351471 0.351515
1 0.745391
1 0.679332
1 0.626487
1 0.079152
1 0.167187
4 0.395927 0.395995
1 0.022782
0 0.468472 jrlwi
3 0.704771 49
0 0.63771 asgta
1 0.06363
1 0.621849
4 0.067798 0.067886
3 0.980077 9
4 0.002859 0.002893
3 0.467838 10
3 0.120388 2
1 0.475175
0 0.201922 crakl
3 0.780046 18
2 0.401896 0.000803
2 0.707284 0.000921
4 0.588493 0.588586
0 0.451727 atkma
2 0.217574 0.000689
4 0.465169 0.46526
1 0.350474
3 0.928248 28
1 0.275272
2 0.299954 0.000427
4 0.007238 0.007287
0 0.112084 fehte
3 0.609275 27
2 0.82685 0.000118
3 0.292019 11
2 0.158845 7.4e-05
4 0.760504 0.760582
4 0.339616 0.339632
3 0.039099 7
4 0.887474 0.887517
0 0.009963 xguvm
1 0.009761
2 0.298951 0.00039
3 0.171812 22
3 0.641887 13
4 0.290917 0.290952
2 0.21522 5.8e-05
0 0.550908 sigcq
4 0.351205 0.351205
3 0.296182 32
4 0.068009 0.068042
1 0.648207
1 0.998578
2 0.683485 0.000844
4 0.490754 0.490833
1 0.705975
2 0.775998 0.000926
0 0.784764 ebkwg
0 0.955164 uwdqk
2 0.516825 0.000346
3 0.93678 33
2 0.372634 0.000937
1 0.999302
2 0.83223 0.0003
3 0.731778 38
2 0.232958 0.000561
3 0.378438 22
0 0.511999 dlsup
2 0.398031 0.000681
2 0.195214 0.000543
3 0.999503 36
0 0.993416 cjoap
3 0.311055 7
2 0.205845 0.000232
4 0.732115 0.732136
3 0.977052 45
0 0.777737 rmqsm
4 0.801699 0.801721
3 0.880254 41
4 0.809212 0.80925
3 0.196966 43
0 0.196735 tddei
0 0.840858 irpqc
1 0.169941
2 0.714402 0.000226
0 0.60124 wpyfo
4 0.639027 0.639122
0 0.767111 tavau
0 0.43393 krhay
3 0.014748 26
1 0.860974
3 0.711588 23
4 0.709435 0.709499
3 0.032846 42
3 0.553223 14
2 0.270335 0.000627
4 0.267688 0.267735
1 0.754732
4 0.934506 0.93454
3 0.330452 32
0 0.4408 jvoye
0 0.495448 emkjq
1 0.90636
4 0.069683 0.069704
0 0.001382 shxws
0 0.207957 gttuy
0 0.95859 xodtw
1 0.801111
1 0.03918
2 0.278587 0.000215
4 0.813559 0.813609
0 0.345315 lnrux
0 0.025209 fdrlf
1 0.204088
3 0.540936 22
4 0.104347 0.104394
4 0.148355 0.148434
2 0.169856 0.000854
2 0.992528 0.00017
2 0.575532 3.1e-05
0 0.366494 zfzht
2 0.966144 0.000441
2 0.563107 0.000377
4 0.084558 0.084634
2 0.729908 0.000432
1 0.954572
2 0.349338 0.00042
1 0.90823
2 0.405185 0.000135
2 0.771679 0.000958
1 0.952178
3 0.901306 32
3 0.985747 24
2 0.127476 0.000991
1 0.373553
0 0.419246 fsywb
2 0.716645 0.000976
2 0.901945 0.000884
2 0.217458 0.000194
1 0.685988
3 0.569204 22
1 0.554952
4 0.972765 0.972793
0 0.145751 bwvft
4 0.44603 0.446112
1 0.679028
1 0.706704
2 0.53257 0.000176
4 0.758207 0.758281
4 0.117225 0.117303
2 0.001563 0.000582
1 0.974329
1 0.839098
2 0.858344 0.000245
2 0.715015 0.00089
1 0.677397
0 0.871763 dcpkj
4 0.615888 0.615911
4 0.254935 0.254983
3 0.158992 12
0 0.38925 uxajj
0 0.629107 yynzb
1 0.858938
3 0.317695 42
3 0.597701 8
0 0.764002 jhvzp
1 0.529047
2 0.616046 0.000583
1 0.870073
0 0.860725 iocho
2 0.605694 0.000428
4 0.446187 0.446245
3 0.710247 44
0 0.63973 honif
1 0.382403
0 0.717553 bxdvk
0 0.740341 kqaxi
2 0.45933 7.1e-05
0 0.765578 hckzx
4 0.128964 0.129044
2 0.02772 0.00055
2 0.686448 0.000755
2 0.21525 0.000192
4 0.471943 0.471988
4 0.959041 0.95907
2 0.051834 0.000742
2 0.107165 0.000166
2 0.532821 0.000404
2 0.519805 0.00063
1 0.284086
2 0.835046 0.000636
2 0.037847 0.000744
4 0.253097 0.253133
0 0.241392 snitx
0 0.016557 fqnzk
4 0.093512 0.093546
1 0.613318
4 0.784618 0.784716
2 0.221896 0.000945
3 0.366322 42
0 0.207209 pgcay
4 0.31184 0.311875
0 0.703978 tdnvu
3 0.011242 23
0 0.953942 ssemz
0 0.113214 bbzds
2 0.746519 0.000738
2 0.901632 0.000576
3 0.461325 19
3 0.337194 25
3 0.348437 0
0 0.818731 nyjte
1 0.566322
2 0.328135 0.000666
3 0.868652 18
3 0.95239 47
4 0.864321 0.864383
2 0.767973 0.000349
3 0.095501 15
2 0.940253 0.00059
3 0.869987 16
4 0.323095 0.32318
2 0.40577 0.000975
4 0.695436 0.695479
2 0.207856 0.000983
4 0.311903 0.31196
0 0.458417 ssytw
0 0.532021 smsui
2 0.705575 0.000679
0 0.111345 eajoy
4 0.990681 0.990766
0 0.739091 dxpcc
1 0.70476
1 0.310128
0 0.232673 zqvfe
1 0.394324
2 0.412513 2.1e-05
1 0.458402
0 0.908848 dsvzx
3 0.161383 29
4 0.415624 0.415665
0 0.725752 posrg
3 0.628179 47
4 0.688526 0.688538
2 0.92888 0.000171
1 0.033931
3 0.48923 18
0 0.745491 xiddd
2 0.841158 0.000359
3 0.520476 34
0 0.914837 egskn
1 0.082932
3 0.752719 14
2 0.615125 0.000896
0 0.323345 mnthh
1 0.278277
1 0.172928
3 0.910117 1
1 0.587453
3 0.038193 37
3 0.331432 35
1 0.069902
1 0.433915
4 0.058781 0.058792
2 0.898479 0.000734
3 0.096836 45
3 0.493783 25
1 0.829827
4 0.032179 0.032204
1 0.619632
1 0.144391
1 0.652656
3 0.583606 7
3 0.543614 24
2 0.118748 0.000335
1 0.017227
2 0.004959 6.3e-05
4 0.041926 0.041944
4 0.083257 0.083299
3 0.115436 20
1 0.25142
3 0.230568 41
4 0.222743 0.222842
4 0.284821 0.284835
3 0.705556 12
1 0.936069
1 0.96176
4 0.754046 0.754101
4 0.282959 0.283028
3 0.125454 49
2 0.609326 0.000428
2 0.541834 0.000348
4 0.64335 0.643441
3 0.168124 15
4 0.066423 0.066496
3 0.473761 42
4 0.435521 0.435544
1 0.448066
1 0.277076
2 0.88391 0.00053
3 0.317034 6
1 0.485226
0 0.214514 doyoa
0 0.344997 upfyo
2 0.373574 0.000966
3 0.287126 32
1 0.886053
3 0.253896 24
4 0.664544 0.664586
2 0.734586 0.000209
0 0.447979 pgest
0 0.479194 nmahw
4 0.362996 0.363093
2 0.404595 0.00065
0 0.09968 kcyqr
1 0.838594
1 0.768112
1 0.188776
0 0.194077 duzuv
4 0.79153 0.791536
4 0.670878 0.670881
3 0.075473 6
3 0.691506 23
1 0.719714
2 0.491919 0.000617
3 0.24989 29
4 0.972192 0.972204
0 0.124375 whvuc
3 0.907829 40
4 0.663084 0.663177
2 0.24599 0.000991
0 0.975566 nzcuq
3 0.368039 31
4 0.856583 0.856676
4 0.913277 0.913364
2 0.364613 5.1e-05
1 0.975136
0 0.253473 guqnq
2 0.063575 0.000958
2 0.091309 0.00047
3 0.113309 18
4 0.93039 0.930434
2 0.654535 0.00092
1 0.479822
2 0.452149 0.000874
0 0.427285 flypb
3 0.227029 47
0 0.069057 jmzgn
0 0.916624 ztlln
1 0.048649
1 0.14692
3 0.866941 7
2 0.008178 0.000511
1 0.353866
0 0.230925 ewpib
3 0.555929 45
4 0.990774 0.990815
0 0.947946 fqwox
0 0.650714 ihlik
4 0.960305 0.960378
1 0.480822
0 0.373177 toclh
2 0.77827 0.000344
4 0.683336 0.683414
0 0.124525 hfyay
0 0.228754 wzxlr
0 0.312212 bigsg
2 0.767409 0.000855
0 0.851106 kltcj
3 0.326635 40
4 0.019522 0.019544
0 0.178103 wpnot
0 0.878591 nsfto
4 0.171117 0.171142
4 0.310179 0.310211
1 0.616226
4 0.591413 0.591463
4 0.514236 0.514258
4 0.84456 0.844585
4 0.009772 0.009792
0 0.486834 xjlrq
3 0.29275 36
2 0.525128 0.000713
2 0.608612 0.000889
3 0.681933 2
0 0.160617 weboa
0 0.929001 etwkz
2 0.928533 0.000899
2 0.30164 0.000788
0 0.34312 vqcxt
0 0.008396 vzmuj
1 0.588509
2 0.593779 0.000158
4 0.939753 0.93983
3 0.283507 11
3 0.292397 13
2 0.594037 0.000753
2 0.785095 0.000241
0 0.793428 cuxoy
0 0.917094 vdzvs
2 0.378561 0.000548
2 0.662068 0.000262
2 0.954465 0.000875
0 0.064854 iqpoc
4 0.947286 0.947334
2 0.759734 0.000126
2 0.423632 0.000978
3 0.171809 13
4 0.665332 0.665356
3 0.279299 45
0 0.626294 jfcfw
2 0.769428 0.000463
0 0.693033 tfrxv
1 0.404467
0 0.876611 tkffz
3 0.917567 13
3 0.149312 33
4 0.901713 0.901752
2 0.939277 0.000368
0 0.07768 mulhb
3 0.868411 23
0 0.745022 sskzi
2 0.375109 0.000981
2 0.040773 0.000866
1 0.892648
1 0.558328
4 0.650955 0.651013
4 0.171893 0.171941
4 0.785117 0.785171
4 0.653528 0.653555
4 0.39855 0.398577
0 0.417216 clcnh
3 0.434904 20
2 0.843904 0.000568
0 0.355844 cmjqj
3 0.3519 49
0 0.883554 bvbfa
0 0.353502 ukjmg
2 0.537935 0.00046
2 0.741855 0.000993
1 0.596731
3 0.717521 33
4 0.989141 0.989225
0 0.529526 hozkk
1 0.916732
2 0.940047 0.000262
0 0.840937 nvtqn
0 0.302754 vwsfp
2 0.644048 0.000373
3 0.689926 13
1 0.44607
0 0.186691 smiqb
1 0.641069
3 0.497398 16
3 0.259565 26
3 0.279939 31
3 0.413397 18
4 0.764802 0.764813
0 0.688184 jwkak
2 0.376034 0.0005
4 0.180468 0.180534
3 0.094826 14
1 0.413081
1 0.938535
4 0.684272 0.684338
4 0.097669 0.097705
4 0.577207 0.577216
1 0.33935
4 0.06071 0.060773
3 0.891909 2
2 0.233409 0.000721
0 0.364427 xodgx
4 0.581303 0.58138
4 0.295569 0.2956
0 0.575458 edlod
3 0.808278 49
0 0.406542 dveei
3 0.754384 25
4 0.335247 0.335299
4 0.432902 0.432983
0 0.244824 yemib
1 0.385333
3 0.648369 12
4 0.605752 0.605758
1 0.455044
0 0.029934 kefup
0 0.457551 iakzp
4 0.401304 0.401364
1 0.844929
1 0.891441
2 0.525782 5.3e-05
3 0.131534 11
4 0.586578 0.586592
4 0.640676 0.64071
4 0.658254 0.658288
2 0.632157 0.000134
2 0.959561 0.000688
0 0.447569 llzcs
3 0.969555 19
4 0.581243 0.581247
0 0.506705 msfnw
2 0.905965 0.00017
4 0.054474 0.05453
3 0.014036 44
1 0.735951
0 0.631362 fmvub
4 0.812519 0.812612
0 0.910026 mbarw
2 0.825235 0.000363
3 0.579252 37
1 0.615167
3 0.389938 8
0 0.9277 tjpgo
2 0.643575 6e-06
2 0.042812 0.000121
1 0.930985
0 0.165242 yqcgc
1 0.445499
3 0.707277 14
1 0.181738
1 0.570591
0 0.133061 btuuw
0 0.37485 aptun
3 0.160063 44
1 0.850189
0 0.490994 awuan
3 0.237745 28
4 0.615574 0.615643
1 0.244401
4 0.490667 0.490723
1 0.029033
2 0.783377 0.000384
1 0.65108
4 0.429307 0.42933
3 0.82011 17
1 0.303022
2 0.478095 0.000212
0 0.514583 zchbp
1 0.625768
1 0.728803
4 0.137556 0.137648
4 0.63594 0.635943
4 0.327091 0.327153
3 0.868431 22
2 0.751673 0.000295
4 0.229768 0.229775
2 0.461961 0.000352
1 0.76748
3 0.24354 27
1 0.352063
2 0.820052 0.000619
4 0.826466 0.826477
4 0.000313 0.000367
2 0.492583 0.000786
4 0.79427 0.794329
1 0.33121
4 0.589419 0.589473
2 0.615511 0.000512
1 0.852686
4 0.83485 0.834904
3 0.949685 9
4 0.638011 0.638088
3 0.934841 40
2 0.302185 0.000173
3 0.043801 44
4 0.462713 0.462719
1 0.568484
2 0.928698 0.000917
1 0.859225
0 0.683875 lehql
0 0.798124 htlge
2 0.231862 0.000443
0 0.680658 ojuob
3 0.569514 15
2 0.734783 0.000338
2 0.752738 0.000566
3 0.736748 11
0 0.041851 gnswu
2 0.829571 0.000981
3 0.026582 30
0 0.003598 ooxxi
1 0.815115
0 0.304369 sewfb
1 0.360523
3 0.450923 43
3 0.001211 0
1 0.619354
2 0.281489 0.000505
1 0.322004
3 0.747505 33
2 0.727152 0.000397
4 0.749137 0.749155
4 0.53004 0.530062
3 0.698204 25
4 0.381469 0.381517
2 0.783673 1.2e-05
0 0.735414 pcbxo
4 0.511674 0.511728
3 0.148028 8
2 0.575502 9.5e-05
0 0.087181 jtnij
1 0.114513
0 0.73608 okpau
4 0.165089 0.165183
4 0.201435 0.201529
4 0.253456 0.253456
4 0.401484 0.401542
1 0.615714
3 0.956592 42
2 0.689636 0.000931
0 0.804149 hfxpd
2 0.504247 0.000399
4 0.503193 0.503242
4 0.234088 0.234126
1 0.960788
2 0.390105 0.000447
0 0.883444 iloys
1 0.12438
2 0.443015 0.000513
4 0.994242 0.994288
1 0.49849
1 0.419985
3 0.698247 2
3 0.981285 25
2 0.702139 0.000932
1 0.459729
1 0.004615
2 0.23081 0.000343
0 0.6391 urfvv
0 0.003973 fkxef
3 0.713296 9
0 0.406123 joquv
4 0.751301 0.751325
2 0.593766 0.000683
2 0.447363 0.000136
4 0.116243 0.116246
4 0.335443 0.335456
2 0.253762 0.000343
3 0.646924 41
4 0.97758 0.977595
2 0.526726 0.000523
3 0.051954 7
1 0.70933
1 0.722892
4 0.376309 0.376365
2 0.341543 0.000851
2 0.016704 0.000294
1 0.824418
2 0.06189 0.000441
2 0.257881 0.000605
2 0.376348 0.000744
0 0.983871 qehbz
2 0.333588 0.000626
1 0.020196
3 0.327871 47
0 0.344575 pjges
3 0.118779 40
0 0.041956 ggqep
1 0.332763
3 0.637241 31
1 0.368219
4 0.683595 0.683694
1 0.506642
0 0.601558 uzifq
1 0.160004
2 0.898958 1.7e-05
2 0.740035 0.000378
4 0.230494 0.230562
1 0.284801
2 0.367509 0.0002
1 0.780268
0 0.592581 syebv
0 0.797134 hutir
3 0.893373 38
3 0.732103 17
0 0.340417 qarct
4 0.078214 0.078232
0 0.338921 kdqzl
0 0.167924 wbssu
0 0.675689 ytrgr
0 0.351258 pcomr
2 0.915707 1e-05
3 0.931287 11
4 0.585678 0.585712
3 0.037203 11
3 0.510697 43
0 0.90512 llpud
3 0.169911 19
4 0.173997 0.174048
0 0.54381 hvvxg
0 0.754875 aiizv
3 0.081854 35
3 0.406855 2
0 0.43102 pjqgl
3 0.716309 1
1 0.303546
3 0.857946 43
0 0.281535 gpzyh
1 0.942281
4 0.094681 0.094762
1 0.368035
2 0.234342 0.000363
2 0.696406 0.00014
3 0.510591 1
4 0.130627 0.130726
4 0.988573 0.988617
4 0.532068 0.532167
2 0.338782 0.000593
3 0.044887 24
3 0.655921 8
4 0.023956 0.024051
3 0.713671 34
4 0.668163 0.66819
2 0.338964 0.000673
4 0.829663 0.829695
4 0.540508 0.540542
0 0.082259 rhsau
0 0.821768 rulkq
0 0.598966 alvql
1 0.893168
1 0.952109
1 0.903312
4 0.594687 0.594764
0 0.046775 wrmiy
4 0.515263 0.515338
2 0.627847 0.000782
2 0.75223 0.000585
3 0.767448 41
3 0.147895 9
4 0.616357 0.616419
2 0.141678 0.000901
1 0.749259
1 0.789877
1 0.297981
3 0.186421 2
1 0.339297
0 0.930776 ooyap
4 0.532006 0.532045
1 0.697559
3 0.20849 23
2 0.350168 0.000675
1 0.099427
3 0.436323 31
1 0.707636
4 0.322739 0.322804
1 0.307501
1 0.004533
0 0.910709 zuxix
4 0.119886 0.119891
3 0.836289 24
3 0.999087 3
3 0.43541 36
0 0.143047 rkwyx
2 0.457979 0.000262
1 0.255881
1 0.517212
3 0.576845 18
4 0.947577 0.947643
0 0.188661 yyqxc
1 0.570682
1 0.282558
3 0.980307 24
0 0.051304 kfifb
4 0.898452 0.898522
4 0.895322 0.895378
0 0.553056 eixan
4 0.530443 0.530535
0 0.468429 mwouw
1 0.534269
2 0.629564 0.000508
4 0.531093 0.531153
0 0.52582 shxfe
1 0.79712
3 0.921708 36
1 0.4239
4 0.5249 0.524927
2 0.993764 0.000382
0 0.281566 bnouj
1 0.227944
3 0.856961 30
1 0.279369
1 0.627452
0 0.062093 bxesv
4 0.364505 0.364575
1 0.874621
2 0.136766 0.000475
2 0.30725 0.000598
0 0.18862 gtivd
0 0.091122 bzyez
3 0.101203 34
4 0.045342 0.045431
4 0.099975 0.099985
4 0.753094 0.753179
1 0.060344
0 0.639803 kvwms
2 0.417834 0.00025
4 0.508956 0.508987
3 0.281914 4
4 0.783263 0.783301
3 0.837904 44
4 0.250814 0.250817
3 0.502551 21
4 0.058886 0.058961
1 0.333803
1 0.494644
2 0.615055 0.000479
4 0.99178 0.991867
0 0.041369 ghyqi
0 0.01408 oashn
3 0.000116 25
4 0.447691 0.447777
4 0.440794 0.440824
3 0.055849 11
2 0.047629 0.000449
0 0.31471 lqknx
0 0.696744 oyltr
1 0.283942
0 0.547883 onebx
4 0.12948 0.129579
4 0.693462 0.693462
4 0.524524 0.524574
3 0.232146 2
3 0.115943 46
4 0.013821 0.013851
2 0.176593 0.000108
0 0.139515 wfbug
4 0.36637 0.36638
1 0.891889
4 0.931162 0.931238
3 0.974012 31
1 0.123364
4 0.09463 0.094642
0 0.108451 baiys
1 0.491956
1 0.902384
2 0.424743 0.000656
2 0.481153 0.000514
2 0.745467 0.000729
4 0.648177 0.648218
0 0.626863 kddyh
1 0.512864
4 0.147692 0.14771
1 0.088603
2 0.656494 0.00034
4 0.081238 0.081286
4 0.078743 0.078805
1 0.23631
3 0.511687 31
0 0.277039 vahrv
4 0.827539 0.827614
3 0.975231 45
1 0.580187
2 0.498421 0.000879
4 0.579659 0.579686
0 0.174754 dfxtx
4 0.979283 0.979284
2 0.256322 0.000898
1 0.514028
4 0.251031 0.251043
2 0.226263 0.00081
1 0.322802
2 0.533052 0.000681
3 0.629063 8
3 0.803817 49
1 0.214882
0 0.591459 daehd
2 0.354402 0.000912
4 0.891543 0.891547
1 0.649701
4 0.289197 0.2892
2 0.338601 0.000536
2 0.967664 0.000444
1 0.287833
0 0.334754 kxzbs
2 0.077631 0.000235
4 0.432033 0.432132
4 0.344473 0.344486
2 0.188585 9.2e-05
0 0.183488 nscfv
0 0.790539 ggpdo
4 0.353753 0.353845
1 0.431384
4 0.266176 0.266246
3 0.88767 43
3 0.932602 23
4 0.143587 0.143605
4 0.327075 0.327086
2 0.767983 0.000919
1 0.626615
1 0.45942
3 0.38 29
2 0.673444 0.000367
1 0.269475
3 0.175221 3
0 0.415817 kperf
0 0.236178 twxed
0 0.282903 ukjdu
3 0.169295 10
1 0.381762
4 0.204074 0.204142
1 0.136243
2 0.232041 0.000386
0 0.339147 yabau
0 0.569686 yvqps
0 0.398037 lvlrm
0 0.99001 otuex
4 0.252662 0.25271
4 0.041894 0.041988
3 0.032698 10
1 0.767788
3 0.861239 45
0 0.449629 jtgli
4 0.502611 0.502674
1 0.366978
3 0.640632 40
2 0.409646 0.000288
3 0.034159 38
0 0.891552 pttau
0 0.792596 mkgte
3 0.63697 2
3 0.256981 32
3 0.413965 22
2 0.823611 0.000912
0 0.85777 zeuyy
2 0.348188 7.1e-05
3 0.314202 3
0 0.246196 zlnkw
2 0.547835 0.000945
0 0.839523 zrobv
3 0.110383 19
0 0.353797 vuejz
0 0.433281 pjwaz
0 0.379758 jctii
2 0.293057 0.000944
1 0.472543
2 0.475427 0.000504
0 0.546949 qccmt
4 0.547941 0.547969
1 0.283775
4 0.277038 0.277123
1 0.900116
2 0.170131 0.000843
1 0.463188
4 0.780169 0.780201
1 0.255597
3 0.103429 48
4 0.435739 0.435743
1 0.17248
1 0.050305
3 0.513259 27
4 0.234583 0.234648
4 0.467532 0.467566
4 0.154015 0.154044
0 0.617203 vxxiz
0 0.338714 alpyp
1 0.283971
2 0.928527 0.000276
0 0.616099 bmmzy
2 0.330621 0.000688
4 0.947825 0.947834
1 0.533464
2 0.511202 0.00034
3 0.907031 46
4 0.528064 0.528118
2 0.812035 0.000211
2 0.662664 0.000932
1 0.292171
0 0.296328 oiupj
0 0.929017 qoorp
4 0.288666 0.288673
0 0.307937 mhwpe
3 0.789075 20
4 0.081247 0.081263
0 0.058843 zqdrv
0 0.463614 xpxiz
0 0.184035 xirtb
2 0.854464 0.000958
1 0.353315
4 0.226633 0.226644
4 0.285476 0.285539
3 0.479727 27
0 0.271722 sypdz
0 0.247196 zghpn
3 0.672505 25
3 0.163576 45
4 0.944271 0.944276
2 0.864683 0.000516
1 0.169511
3 0.021487 26
1 0.161004
1 0.770046
4 0.377781 0.377875
4 0.691184 0.691249
1 0.705595
3 0.376426 22
2 0.056354 0.00037
1 0.000626
2 0.8919 0.000602
4 0.143792 0.143797
4 0.165279 0.165362
0 0.842635 fdtuy
0 0.477153 wasiy
3 0.614608 23
0 0.379486 vaomz
1 0.681721
0 0.317724 jhpph
1 0.085307
1 0.908496
1 0.633811
1 0.122523
2 0.850431 0.000798
0 0.159706 itxrh
1 0.135383
4 0.875594 0.875637
0 0.978651 atwkk
1 0.225558
3 0.768168 27
1 0.902056
1 0.378678
0 0.586928 lnnbu
4 0.545872 0.545885
3 0.470767 24
0 0.834102 jyfhw
1 0.072995
2 0.1997 0.000352
0 0.292842 jciyq
4 0.633384 0.633426
1 0.311319
3 0.876737 44
1 0.725363
1 0.410968
4 0.686116 0.686147
1 0.2517
0 0.678818 ihkpq
1 0.967565
4 0.723721 0.72377
0 0.873457 cdpbf
2 0.902166 0.000915
1 0.043968
4 0.139247 0.139346
2 0.907299 0.000756
0 0.009103 acfyu
2 0.50683 0.000667
1 0.71809
0 0.411253 kpsan
0 0.671897 hukxo
3 0.86271 8
4 0.069087 0.069119
0 0.12543 tiwmm
1 0.83177
3 0.747561 4
2 0.426629 0.000473
4 0.766601 0.766672
2 0.976488 0.000751
2 0.993051 0.000731
2 0.389409 0.000363
1 0.393436
3 0.08388 22
1 0.026274
2 0.636599 0.000582
3 0.611558 43
4 0.782677 0.782701
4 0.689738 0.689763
2 0.44939 0.000565
1 0.138305
1 0.558712
4 0.211377 0.211404
0 0.069048 ceatk
2 0.733483 0.000966
2 0.345041 0.00011
3 0.64407 36
3 0.333809 12
0 0.299551 iqmdh
1 0.843223
0 0.857158 svkxj
1 0.734039
4 0.365801 0.365876
3 0.874268 29
4 0.841921 0.841935
0 0.855585 msrzm
1 0.588228
1 0.656884
3 0.578204 24
1 0.175763
4 0.985347 0.985386
1 0.527253
2 0.009048 0.000478
3 0.829827 7
2 0.832338 0.000507
2 0.009766 0.000559
2 0.096886 0.000819
0 0.685114 nderp
1 0.423184
2 0.596105 0.000376
0 0.639711 krfpa
3 0.209187 39
0 0.041525 eeaiz
0 0.282432 orbbm
0 0.182806 qykdx
2 0.823678 0.000343
1 0.27136
3 0.593305 1
0 0.151183 vavpw
4 0.340393 0.340456
3 0.819889 5
2 0.579511 0.000409
0 0.762317 utleu
0 0.5475 cirun
2 0.712867 0.000713
4 0.726629 0.726651
3 0.067023 36
2 0.403264 0.000441
1 0.982775
0 0.942271 mfztu
3 0.789401 29
3 0.266976 40
1 0.821505
4 0.547998 0.548021
3 0.718351 47
2 0.301726 0.000583
1 0.221342
1 0.201312
3 0.355579 36
2 0.558538 0.000625
0 0.615918 zgrnr
2 0.214727 0.000445
1 0.169736
4 0.928119 0.928185
2 0.408832 4.4e-05
2 0.323848 0.000386
4 0.041512 0.041568
0 0.701448 qhwwz
4 0.493944 0.493949
0 0.260883 wnyqm
0 0.9841 srimk
4 0.375021 0.375071
1 0.721142
2 0.295508 0.000828
4 0.686941 0.68695
2 0.30631 0.000753
4 0.629207 0.629296
3 0.650479 19
1 0.357839
4 0.842783 0.842842
2 0.917554 0.00064
4 0.868368 0.868382
4 0.916569 0.916625
4 0.230958 0.231045
0 0.140969 qrstk
3 0.985175 5
3 0.327506 44
4 0.686641 0.686697
4 0.604195 0.604291
3 0.988916 10
0 0.905485 yysov
4 0.679109 0.679182
3 0.597889 42
2 0.080181 0.000746
3 0.934816 4
2 0.300617 0.000597
0 0.058601 wnqub
2 0.964898 0.000605
1 0.685715
4 0.741901 0.741992
4 0.125674 0.125758
0 0.324666 nucnv
2 0.215554 0.000555
1 0.898018
3 0.24065 28
2 0.783711 0.000964
4 0.748609 0.748631
2 0.434324 0.000501
3 0.322015 40
4 0.552651 0.552724
2 0.937307 0.000326
3 0.701693 28
2 0.917248 0.000185
1 0.902063
0 0.47256 fhgpp
3 0.308679 37
0 0.440189 pqmax
0 0.945015 gmrpu
4 0.399457 0.399501
1 0.2925
1 0.070978
0 0.020438 xzlqp
3 0.695224 42
0 0.910461 bknwx
4 0.621043 0.621127
3 0.353711 45
3 0.338308 28
3 0.369834 7
3 0.390273 30
2 0.55794 0.000177
2 0.505053 0.000401
2 0.337171 0.000519
1 0.148779
0 0.784718 fsviy
1 0.165004
1 0.484549
2 0.864531 0.000735
4 0.148927 0.148935
2 0.260566 0.000948
4 0.832759 0.832813
3 0.514898 25
2 0.729336 0.000656
4 0.483783 0.483797
4 0.514439 0.51445
1 0.926689
2 0.365044 0.00059
0 0.745928 lmxpe
1 0.894635
3 0.504532 41
3 0.01943 16
0 0.748767 nowck
2 0.398731 0.000396
0 0.273799 eclkn
3 0.18893 40
0 0.467752 ukoox
2 0.793586 0.00032
1 0.08146
1 0.522088
1 0.371944
2 0.477184 0.000692
2 0.750983 0.000129
2 0.906178 0.000157
2 0.323654 0.000511
4 0.281811 0.281847
1 0.282686
3 0.2843 16
2 0.077886 0.000138
0 0.675699 jwicy
4 0.045474 0.04556
4 0.259604 0.259698
4 0.802113 0.802154
3 0.454977 22
3 0.793881 48
4 0.76837 0.768382
4 0.710093 0.710144
4 0.616423 0.616473
3 0.561193 0
0 0.049262 mvnic
0 0.156706 zmkgd
3 0.516571 11
4 0.262736 0.262786
1 0.776848
1 0.037669
1 0.401131
1 0.731638
3 0.479401 1
1 0.169045
2 0.245198 0.000645
2 0.401905 0.000359
0 0.803467 ehriv
1 0.920709
2 0.647719 0.000909
3 0.685389 11
4 0.448205 0.448277
0 0.099459 ipyjx
2 0.478176 0.000367
3 0.899214 34
2 0.259862 0.000351
0 0.183324 gqgws
0 0.756955 ilxkx
3 0.295355 45
4 0.862619 0.862622
3 0.191433 5
2 0.873994 0.000986
3 0.682275 39
0 0.381952 trolb
0 0.296056 udhks
1 0.819839
0 0.259502 ubyyk
4 0.312395 0.312481
2 0.768733 0.000519
3 0.328774 40
0 0.796309 uwjub
2 0.764858 0.000565
2 0.198476 0.000404
4 0.457978 0.458044
2 0.24615 0.000161
0 0.04117 hjgic
2 0.528415 0.000313
2 0.324725 7.4e-05
0 0.660136 dmxzw
3 0.91981 29
1 0.416566
3 0.47525 25
1 0.366133
0 0.661555 uqiph
1 0.780274
1 0.747041
3 0.442461 29
1 0.706134
4 0.420107 0.420188
0 0.339917 ceotq
1 0.716998
3 0.532157 24
3 0.371949 25
3 0.146313 41
2 0.877 0.000132
3 0.319461 13
1 0.541948
2 0.788323 0.000281
4 0.128241 0.128333
1 0.401077
4 0.012784 0.012834
2 0.378391 0.000237
1 0.115675
1 0.497071
4 0.7835 0.783562
3 0.176852 46
1 0.012665
4 0.266627 0.26664
3 0.054951 45
0 0.699544 vjzlt
3 0.466838 44
4 0.532349 0.53242
1 0.209511
2 0.100371 2.5e-05
0 0.793575 eqdbv
1 0.606543
4 0.948453 0.948511
3 0.285092 31
3 0.086508 38
1 0.553346
4 0.033018 0.033111
2 0.447588 0.000322
1 0.458812
2 0.159329 0.000387
4 0.150328 0.150408
3 0.924306 37
1 0.753236
0 0.174954 zsvrh
0 0.073733 ootrj
0 0.390353 rpyyn
0 0.70322 mqpbi
2 0.041964 0.000559
1 0.882169
1 0.251271
4 0.440674 0.440679
4 0.032685 0.032693
1 0.666266
0 0.660899 conkx
3 0.81234 40
1 0.606893
3 0.80669 35
3 0.199104 0
1 0.958162
3 0.652058 36
0 0.730167 fajrq
4 0.756075 0.756141
2 0.865195 0.000904
0 0.677535 clhxg
1 0.386098
4 0.737188 0.73725
1 0.18578
4 0.172194 0.172244
0 0.438587 jrfhl
4 0.171921 0.17197
4 0.626825 0.626861
4 0.289821 0.289821
0 0.921566 wycci
3 0.144747 2
0 0.880717 tebmg
3 0.802371 34
3 0.09811 40
4 0.511321 0.511369
0 0.573489 xuivm
2 0.608207 0.000499
3 0.269306 2
3 0.666375 44
1 0.999846
4 0.812933 0.812942
0 0.360919 suxsb
0 0.294638 uncza
1 0.088947
2 0.169419 0.000812
4 0.285469 0.285556
0 0.635847 fpamw
1 0.954127
3 0.076462 47
3 0.890362 36
2 0.184692 0.000216
3 0.595412 2
0 0.99466 rmlxu
3 0.515945 9
3 0.400873 25
0 0.334601 jlqvt
0 0.442506 rdogr
2 0.671675 0.000279
2 0.910387 0.000288
4 0.624511 0.624569
2 0.140457 0.000767
3 0.808602 12
3 0.441879 4
4 0.91756 0.917634
1 0.401068
0 0.0787 uxdwg
3 0.378224 47
0 0.058513 igrhe
0 0.069661 iflgi
4 0.290752 0.290838
2 0.760456 0.000531
2 0.189018 0.000231
1 0.76113
1 0.435764
4 0.172382 0.172476
3 0.88698 43
1 0.698846
3 0.754866 7
0 0.330122 enpee
1 0.095366
0 0.194653 igewf
3 0.22936 25
4 0.559701 0.559779
3 0.948554 8
3 0.785077 49
0 0.571958 ffxso
1 0.17378
3 0.237352 33
1 0.112642
0 0.673808 umkvv
1 0.83227
0 0.927776 qxzwh
3 0.750453 4
2 0.852379 0.000773
1 0.458923
0 0.460261 cxjyb
0 0.882492 xspqo
4 0.078882 0.0789
4 0.509393 0.509448
3 0.681153 10
3 0.924286 39
3 0.294429 42
0 0.838353 bcfre
3 0.644302 39
1 0.401371
4 0.562527 0.562586
3 0.07192 16
4 0.753073 0.753152
2 0.193711 0.000218
2 0.488141 0.000312
3 0.842846 47
1 0.593557
2 0.27124 0.000296
2 0.542982 0.000879
4 0.311151 0.311178
0 0.385351 oijmy
1 0.089083
0 0.920408 aclme
2 0.160365 0.000309
2 0.039055 0.000902
3 0.562047 34
4 0.901226 0.901248
2 0.72405 1e-06
4 0.109401 0.10944
4 0.401086 0.401158
4 0.095726 0.095758
3 0.512456 33
1 0.488244
3 0.084569 4
0 0.123624 dalns
1 0.014714
3 0.343651 15
2 0.969404 0.000406
3 0.56878 49
1 0.858044
0 0.744613 vytud
1 0.67462
2 0.393362 0.000428
4 0.595385 0.595457
0 0.214986 exzpy
0 0.116011 hxkzv
1 0.046322
1 0.810906
4 0.092889 0.092912
0 0.928178 gwipq
4 0.863214 0.86326
4 0.632131 0.632218
4 0.820424 0.820456
0 0.316447 rfuyx
1 0.555709
2 0.516927 0.00095
2 0.755137 0.000147
2 0.700671 0.000141
0 0.805633 bhdfz
3 0.459023 3
4 0.873612 0.873664
3 0.612116 10
4 0.900562 0.900605
0 0.516266 rfxea
2 0.34133 0.000444
0 0.146963 nfekv
0 0.59165 novro
2 0.259987 0.00023
4 0.795483 0.795575
3 0.445144 46
3 0.758145 1
3 0.099475 47
3 0.762791 23
1 0.674173
1 0.726936
1 0.635398
1 0.8878
0 0.463465 vmymc
4 0.281288 0.281334
4 0.947433 0.947486
2 0.686079 0.000191
2 0.937727 0.000876
0 0.397602 qmkxf
0 0.043097 vgyhe
3 0.044882 2
2 0.32617 0.000499
3 0.736868 31
1 0.921374
3 0.101696 15
2 0.514299 0.000729
4 0.951681 0.951712
0 0.452353 gqfgj
3 0.682257 16
0 0.760509 vaqlp
1 0.800432
2 0.312051 0.00048
0 0.840216 kkibl
2 0.387767 0.000836
2 0.92465 0.00057
4 0.377545 0.37764
2 0.32421 0.000705
0 0.978235 lvgth
1 0.801412
1 0.813581
3 0.146405 10
4 0.106742 0.106752
1 0.010861
1 0.468323
2 0.966517 0.000115
0 0.302697 puleb
0 0.493923 kmbry
2 0.991781 0.000522
2 0.330693 0.000379
1 0.940803
2 0.651048 0.00075
1 0.102912
2 0.275583 0.000362
0 0.068109 fhuiu
4 0.108536 0.108582
1 0.475754
3 0.085974 4
1 0.103067
2 0.969165 0.000253
3 0.012957 3
3 0.041425 15
2 0.83336 0.00028
4 0.90147 0.901562
1 0.602668
3 0.494734 39
1 0.830168
0 0.679336 mnhdj
2 0.930584 6.7e-05
0 0.943541 qinmj
4 0.34327 0.343323
4 0.236263 0.236328
4 0.865023 0.865074
1 0.118671
1 0.994874
3 0.799357 10
4 0.8977 0.897766
3 0.19162 35
3 0.651514 8
4 0.152833 0.15293
3 0.487512 17
2 0.240014 0.000582
4 0.111535 0.111592
2 0.898246 0.000628
4 0.409472 0.409541
3 0.600035 38
2 0.467854 8.8e-05
4 0.713445 0.713527
3 0.986504 26
3 0.859201 46
1 0.59152
0 0.226577 kmgrh
1 0.411393
0 0.162183 nucvy
4 0.935431 0.935506
2 0.597431 0.00062
1 0.821722
0 0.615677 xecsy
0 0.938938 qsixd
1 0.425198
3 0.657204 18
1 0.687271
2 0.359412 0.000798
2 0.473195 0.00077
0 0.900492 eeler
0 0.642178 hgtck
0 0.74565 ohagn
1 0.2222
2 0.146845 0.000998
1 0.620041
1 0.299931
3 0.266368 1
0 0.184996 tkvpz
0 0.243834 rejhc
3 0.82457 39
1 0.057035
2 0.468663 0.000327
3 0.80931 48
1 0.846195
1 0.510533
0 0.978812 vefau
0 0.095539 uegdy
4 0.010811 0.01091
0 0.584198 mprlr
0 0.298951 vanac
4 0.123126 0.123184
4 0.230783 0.230851
1 0.593294
4 0.026117 0.026204
0 0.893032 vmubu
3 0.196173 14
4 0.280348 0.280365
0 0.959704 inaxo
4 0.248882 0.248926
3 0.984514 14
0 0.094161 ltqdf
3 0.745177 28
4 0.332871 0.332915
1 0.613219
1 0.114118
0 0.446078 fkhna
3 0.23124 48
4 0.033304 0.033372
0 0.565709 cpbqb
0 0.748127 wzisy
4 0.154456 0.154461
0 0.475471 zncaf
1 0.054035
1 0.006182
0 0.719823 tuiet
2 0.589778 2.2e-05
4 0.906578 0.906669
1 0.716722
2 0.554123 0.00018
2 0.314207 0.000715
2 0.345864 0.000864
1 0.458865
1 0.80716
1 0.066041
4 0.74294 0.742946
3 0.178948 1
2 0.768727 2.4e-05
1 0.675305
0 0.529888 ecxxq
0 0.716979 ojpge
3 0.065577 22
0 0.079649 fmdom
2 0.443593 0.000449
3 0.635251 16
3 0.059983 26
1 0.166895
3 0.838116 24
4 0.098551 0.098621
2 0.210537 0.000125
2 0.744461 0.00034
3 0.344427 42
1 0.311156
2 0.199895 0.000423
1 0.993191
1 0.885443
4 0.945009 0.94508
1 0.111904
1 0.078037
0 0.278145 lvrii
2 0.647939 1.8e-05
2 0.508718 0.00091
0 0.169987 oyety
1 0.531997
1 0.314817
3 0.851862 7
4 0.64636 0.646407
1 0.224995
2 0.905966 4.9e-05
3 0.239984 48
1 0.752246
3 0.097908 31
2 0.445371 0.000681
2 0.202348 0.000401
4 0.250698 0.250743
3 0.410951 7
2 0.599687 0.000119
0 0.063976 qdcky
3 0.438663 40
1 0.383521
4 0.312557 0.312628
1 0.39557
1 0.083331
3 0.637183 29
3 0.868432 33
2 0.525239 2e-05
2 0.300546 0.000348
3 0.09783 42
4 0.597734 0.597806
2 0.792625 0.0005
1 0.085424
0 0.933907 soscu
1 0.079701
1 0.7127
1 0.70755
1 0.707308
2 0.054838 0.000657
1 0.66902
1 0.22235
0 0.471276 yqyku
1 0.046711
3 0.277518 1
3 0.068775 21
3 0.768976 21
4 0.476527 0.476589
2 0.823546 5.2e-05
1 0.263797
0 0.831683 owhez
2 0.074768 0.000772
1 0.12148
0 0.621144 oyvtn
0 0.956738 eakpv
0 0.784982 yzrpv
3 0.503733 42
2 0.108857 0.000918
4 0.601468 0.601482
4 0.515891 0.515905
0 0.869737 ziuoq
1 0.712134
0 0.080215 ukhcm
2 0.749701 0.000534
1 0.253435
1 0.514087
1 0.480112
3 0.967527 5
2 0.024439 0.000445
3 0.03809 7
1 0.199545
1 0.485077
2 0.661243 0.000372
2 0.460856 0.000956
4 0.01507 0.015127
4 0.295707 0.295767
4 0.742811 0.742847
3 0.229674 16
4 0.664051 0.664106
4 0.029616 0.029713
3 0.286208 44
4 0.771285 0.771306
2 0.673009 0.000289
0 0.248317 fgrpe
1 0.432189
2 0.908687 0.000414
4 0.655276 0.655351
2 0.453784 0.000381
3 0.290381 44
3 0.842876 36
1 0.802549
0 0.894252 qlybe
2 0.529955 0.000137
3 0.478496 11
1 0.653496
2 0.765243 0.000322
4 0.581834 0.581889
0 0.872216 lvaav
3 0.49961 46
4 0.620023 0.620091
0 0.763049 dnywf
0 0.607818 wgvgn
4 0.643439 0.643498
4 0.450436 0.450463
1 0.674687
1 0.901934
0 0.976278 zlwwi
3 0.653942 8
4 0.909763 0.909773
4 0.81908 0.819164
0 0.30292 dtiuo
3 0.369194 19
2 0.461617 0.000306
0 0.588034 vuqww
3 0.211292 10
2 0.891822 0.000112
1 0.058445
1 0.788018
1 0.613256
4 0.34043 0.340454
4 0.253578 0.253648
0 0.874118 deqfw
1 0.855712
3 0.540133 22
0 0.470646 rlznk
0 0.754815 evzyz
1 0.663215
2 0.056517 0.000333
0 0.660414 hipmv
0 0.056845 vsbih
3 0.713197 9
3 0.904686 38
4 0.973893 0.973919
1 0.38353
3 0.267037 48
1 0.199147
3 0.884037 19
2 0.742178 0.000216
3 0.802386 10
1 0.950663
3 0.499286 24
3 0.403972 15
4 0.894218 0.894259
2 0.7941 0.000782
0 0.87355 kkabh
3 0.447635 11
0 0.449014 zpawx
1 0.588039
1 0.138361
4 0.201282 0.201313
3 0.69991 33
0 0.981927 bmurk
4 0.547965 0.547987
3 0.158329 7
1 0.660261
1 0.302057
1 0.001362
0 0.694579 eoomp
2 0.580742 0.00093
4 0.830028 0.830043
4 0.086 0.086
1 0.150317
2 0.189076 0.000646
0 0.735319 rdylz
0 0.286327 ytykc
0 0.199084 vonqe
0 0.7313 rkrdb
0 0.277524 ozfia
2 0.072523 6.7e-05
1 0.386391
0 0.47782 gtcop
0 0.339385 ibeyu
4 0.574376 0.574467
3 0.000997 8
2 0.162937 0.000385
1 0.068732
1 0.585544
1 0.665257
1 0.972554
1 0.128019
2 0.123704 6.2e-05
0 0.46309 mbwba
0 0.617311 icgwp
2 0.866759 0.000956
2 0.391236 0.000336
3 0.8747 3
2 0.32664 0.000373
1 0.450345
0 0.461703 mphjt
0 0.013756 ozqkt
1 0.66469
2 0.156537 0.000334
3 0.769873 42
0 0.877943 oubja
1 0.790949
1 0.171779
2 0.245224 0.00042
2 0.25898 0.000853
3 0.540728 46
4 0.581309 0.581345
4 0.737846 0.737869
2 0.024072 0.000815
0 0.902015 icdsf
1 0.843685
0 0.28683 rgjtu
0 0.172211 eglei
1 0.493918
0 0.63976 cufvs
0 0.829645 oiefe
3 0.037642 1
1 0.379992
3 0.059554 24
1 0.996636
4 0.257612 0.257667
4 0.726437 0.726473
0 0.91027 imjij
2 0.349472 2.5e-05
0 0.289988 qngje
4 0.894754 0.894812
3 0.679882 47
0 0.937495 cxofq
1 0.71494
1 0.749064
3 0.562213 8
4 0.801338 0.801368
0 0.311253 ucdbj
0 0.430712 nbzug
2 0.196507 0.000209
0 0.908823 btdpf
0 0.897551 xgqxw
0 0.639044 ilboj
1 0.181023
1 0.170111
0 0.634136 shbde
4 0.218322 0.218373
0 0.82197 oxagf
0 0.248458 sqzhm
3 0.980673 23
1 0.150784
0 0.412723 npyvi
1 0.553091
1 0.398322
2 0.103495 0.000581
2 0.587783 6e-06
0 0.694894 gnufg
2 0.468163 0.00085
4 0.355201 0.355262
4 0.585725 0.585797
1 0.920494
0 0.557953 vzdmi
3 0.819824 37
1 0.791957
3 0.320004 0
1 0.606679
4 0.838576 0.838582
3 0.45906 47
0 0.08435 axamu
0 0.894353 qkggn
0 0.947137 ejwcl
4 0.371805 0.371805
0 0.892411 khabn
2 0.742655 0.000845
2 0.336717 0.000612
1 0.488732
2 0.204916 0.000726
2 0.754499 0.000654
3 0.53163 27
1 0.740214
3 0.746628 14
3 0.155392 10
3 0.290612 13
1 0.889755
3 0.912506 44
3 0.398118 17
2 0.810787 0.000334
4 0.897992 0.897993
4 0.956026 0.956057
1 0.330849
3 0.719519 28
2 0.868934 0.00087
2 0.668375 0.000834
2 0.516036 0.000589
3 0.944894 33
3 0.343012 1
0 0.670151 hctfb
3 0.068694 38
0 0.129492 tawzj
4 0.677771 0.67778
3 0.193807 1
3 0.138701 36
1 0.998065
4 0.463797 0.463813
3 0.550268 23
0 0.983068 kqjya
2 0.54567 0.000473
2 0.37799 0.000957
0 0.603066 cstbk
2 0.415983 0.000917
2 0.396132 0.000485
2 0.462752 0.000211
0 0.44582 crysz
0 0.836895 grpqx
1 0.992675
0 0.894709 rbprz
3 0.450949 16
2 0.824265 0.000997
0 0.505007 xfxvo
1 0.203516
3 0.742584 40
3 0.171908 21
0 0.720651 oxiki
2 0.190496 0.000393
0 0.270578 qprnb
3 0.986221 10
3 0.352843 19
4 0.295595 0.295644
2 0.467511 0.000322
0 0.188162 iqisq
2 0.549998 0.000341
4 0.336928 0.337001
0 0.666694 httvo
0 0.279466 gzcqs
2 0.396209 0.000445
2 0.913949 0.000607
4 0.637454 0.637534
1 0.353326
1 0.480733
3 0.392969 26
4 0.333371 0.333376
1 0.776346
1 0.581813
0 0.558256 wmhxd
3 0.341877 24
4 0.021485 0.021516
0 0.310217 vslrx
1 0.083962
3 0.221875 19
1 0.998221
0 0.800771 jfdcg
1 0.525408
2 0.33593 0.000632
2 0.357415 0.000415
2 0.183984 0.000555
2 0.354637 0.000401
0 0.522376 qqotg
3 0.768196 19
1 0.444149
3 0.89746 37
1 0.422868
4 0.088322 0.088374
3 0.962089 20
3 0.662426 25
2 0.017063 0.000928
3 0.539439 10
2 0.35213 0.00015
2 0.253725 0.000716
2 0.391208 0.000528
4 0.659951 0.660047
0 0.264625 qrhux
3 0.295748 16
3 0.540676 16
0 0.084486 mmeik
1 0.773848
2 0.874305 0.000916
4 0.781865 0.78191
0 0.874375 uljcs
2 0.391115 0.000588
1 0.931791
0 0.788611 fvptr
0 0.546405 xxpgv
3 0.340484 23
0 0.427678 dnquj
2 0.728829 5.2e-05
2 0.138418 0.000963
1 0.220723
1 0.76814
0 0.772707 qeuby
0 0.223953 qafuh
0 0.697788 niyeg
0 0.095004 depvf
2 0.351588 0.000554
4 0.124295 0.124335
2 0.696773 0.000982
4 0.035939 0.035975
2 0.715589 0.000915
1 0.475792
3 0.005065 47
0 0.218025 fwgoz
0 0.259979 fozhg
0 0.995259 ojcew
3 0.614744 11
1 0.470365
1 0.112035
4 0.528812 0.528897
1 0.263189
1 0.124887
3 0.006798 4
3 0.016242 40
0 0.666333 irbdl
0 0.413571 rxkbx
1 0.591312
3 0.501645 47
1 0.281186
4 0.610758 0.610835
4 0.786826 0.786902
3 0.199133 19
0 0.124361 bkooa
0 0.799975 buegd
3 0.542792 24
2 0.819763 0.00071
1 0.946873
0 0.378087 sbpih
1 0.134686
3 0.776649 19
4 0.632686 0.632781
1 0.311305
4 0.371723 0.371783
4 0.242288 0.242292
0 0.603251 bopbl
2 0.850943 0.000471
0 0.21176 akzyd
3 0.792103 44
0 0.247466 kyiic
4 0.768364 0.768366
0 0.888517 pvszf
0 0.080356 mcllc
3 0.430908 48
3 0.199954 13
0 0.903998 awvrm
0 0.23892 cqyko
4 0.332511 0.332602
1 0.137178
2 0.086333 0.000957
1 0.897233
2 0.004041 0.000494
0 0.547724 asoyw
0 0.045893 whjur
0 0.160664 cfiby
3 0.256636 1
0 0.260677 aknpj
1 0.762345
0 0.022225 ccvrt
2 0.247802 2.1e-05
0 0.102681 sotkn
0 0.098562 qsvyk
3 0.511814 4
1 0.820154
1 0.793981
4 0.525091 0.525153
1 0.064241
0 0.031276 obrcm
2 0.349369 7.1e-05
4 0.964283 0.964364
0 0.987801 ixodl
2 0.871515 0.00078
1 0.891629
0 0.751024 hpfvt
0 0.014582 hauyj
1 0.652184
4 0.405378 0.405463
2 0.570663 0.000753
4 0.032687 0.032717
1 0.266468
3 0.48127 31
2 0.458768 0.000957
2 0.785092 0.000476
0 0.382687 kdwdu
0 0.256605 ejuxi
1 0.73695
2 0.13961 0.000418
0 0.62088 gxcwu
0 0.822848 npesg
4 0.802316 0.802407
0 0.530538 csmgt
1 0.012034
3 0.821521 20
3 0.02969 22
2 0.109339 7.9e-05
4 0.205846 0.205925
3 0.379214 7
0 0.418918 tqtnn
0 0.45408 cabff
0 0.020162 vmyho
1 0.346671
4 0.931837 0.931862
3 0.079789 26
3 0.466257 40
2 0.028171 0.000608
3 0.906796 39
3 0.013945 26
3 0.616777 11
2 0.307188 0.000856
1 0.078782
1 0.088662
3 0.177018 0
1 0.378333
2 0.326745 0.000432
2 0.266035 0.000399
3 0.937996 38
4 0.064037 0.064075
4 0.318965 0.319061
4 0.939276 0.939345
4 0.366484 0.366561
1 0.113927
0 0.801261 xgmqr
3 0.550395 15
1 0.965675
3 0.673642 15
4 0.737679 0.737682
0 0.056644 tfwho
3 0.01485 11
0 0.965542 hrcbf
0 0.624763 qdrik
3 0.289693 44
1 0.939382
0 0.311522 zhyln
1 0.77353
0 0.820113 tzejf
3 0.265544 45
4 0.513935 0.513946
4 0.244353 0.244357
0 0.192789 dxpor
1 0.100382
1 0.496797
1 0.388839
3 0.188243 5
4 0.89572 0.895724
0 0.677616 erdwi
2 0.918967 0.000271
3 0.147906 42
1 0.822625
0 0.35406 vtdgy
0 0.269745 yftwv
1 0.226953
0 0.647078 hgvdp
3 0.125003 44
0 0.66562 maygc
2 0.122495 0.000756
4 0.392241 0.39234
3 0.465982 48
3 0.435443 2
0 0.598873 rqphh
0 0.630416 tnkmw
2 0.733687 0.000439
1 0.789832
2 0.615675 0.000616
4 0.615088 0.615169
4 0.33469 0.334753
3 0.459849 35
0 0.136329 zcxme
3 0.260029 6
2 0.510068 0.000395
4 0.816252 0.816276
3 0.52784 18
3 0.65028 36
2 0.874036 0.00041
3 0.694861 11
3 0.364178 41
3 0.810941 38
0 0.03649 izqxa
3 0.18645 14
3 0.316473 5
1 0.112603
2 0.307574 0.000822
2 0.999592 0.000925
2 0.511535 0.000296
2 0.053823 0.000197
3 0.565862 7
0 0.12596 odfit
1 0.666075
0 0.959176 sftga
3 0.201826 17
4 0.417745 0.41779
3 0.242628 43
2 0.296451 0.00079
3 0.821712 47
4 0.58576 0.585849
1 0.251835
1 0.562759
3 0.197199 39
4 0.381573 0.381665
3 0.56554 23
0 0.669485 jzlpz
1 0.061079
0 0.903471 usukz
0 0.874551 zvbqm
1 0.853046
2 0.224283 0.000769
3 0.410121 13
1 0.317552
4 0.379353 0.379426
3 0.669816 47
2 0.981256 0.000717
4 0.253576 0.253626
1 0.613127
0 0.353315 tdpdj
4 0.018252 0.018334
4 0.00216 0.002246
3 0.381514 11
3 0.567682 8
0 0.548938 jmnik
4 0.69185 0.691938
1 0.72306
2 0.14148 0.000551
0 0.635869 tgihe
4 0.302922 0.302966
2 0.512553 0.000353
0 0.577843 sbijp
0 0.113213 nzzzo
4 0.253729 0.253824
0 0.926242 oilnz
4 0.002506 0.002591
3 0.028076 40
3 0.633291 34
1 0.134182
4 0.910154 0.910236
3 0.421143 7
2 0.924168 0.000532
3 0.063063 49
2 0.163339 0.00021
3 0.305721 27
2 0.824579 0.000262
3 0.852655 5
3 0.002298 41
0 0.652833 brusl
2 0.764945 0.00037
0 0.572464 dwrrp
3 0.032359 18
2 0.200973 0.000563
0 0.15863 gmrpt
2 0.244055 0.00078
1 0.427186
0 0.271578 ttmcu
4 0.251418 0.251444
4 0.391652 0.391674
2 0.898168 0.000967
1 0.665617
4 0.368545 0.368613
3 0.6126 48
4 0.556138 0.556156
4 0.571162 0.571224
4 0.791909 0.792003
4 0.55968 0.5597
0 0.951332 lygas
0 0.557689 byckj
3 0.068461 39
3 0.164979 13
0 0.527442 pvsra
3 0.867269 49
3 0.164899 47
2 0.073866 0.000732
4 0.894689 0.894726
0 0.38113 rwsky
4 0.178569 0.178637
1 0.920583
0 0.897896 jnhit
1 0.824476
3 0.79655 16
1 0.011283
0 0.571551 ksvas
0 0.569936 yzcbb
1 0.31415
3 0.441394 35
1 0.495868
1 0.161469
1 0.745437
0 0.914712 fhdli
1 0.770756
0 0.810693 uwoqt
2 0.205416 0.000393
4 0.867699 0.867738
4 0.020595 0.020654
3 0.182065 22
0 0.684363 drhsh
1 0.61712
1 0.821287
2 0.149207 0.000318
2 0.333766 0.000622
1 0.539182
0 0.002352 tfnsm
0 0.642246 dapir
1 0.494217
4 0.095624 0.095713
3 0.320621 15
2 0.389015 0.000125
2 0.511355 0.000777
1 0.073703
1 0.527912
2 0.453841 0.000777
4 0.612439 0.612455
3 0.939049 35
0 0.897437 joasw
0 0.819609 ojaxi
1 0.86164
3 0.651459 48
1 0.253647
1 0.260455
0 0.409524 htukc
4 0.122707 0.122798
1 0.952743
2 0.665165 0.000146
1 0.882766
3 0.241372 8
1 0.409183
1 0.503329
1 0.891478
2 0.478317 0.000828
4 0.404194 0.404278
2 0.522176 0.000978
1 0.082072
0 0.054499 kuvqn
2 0.347688 0.000567
2 0.608446 0.000348
0 0.023954 azucg
4 0.888461 0.888471
0 0.823784 mtwpf
1 0.213012
0 0.956813 iqppc
4 0.15042 0.150461
0 0.174374 fiwdj
2 0.764627 0.000826
2 0.057282 0.000421
2 0.388465 0.000698
4 0.318072 0.318132
1 0.531084
0 0.874062 mkhmv
4 0.130627 0.130713
2 0.312812 0.000284
4 0.874728 0.874791
1 0.844554
1 0.623866
2 0.198415 0.000331
0 0.731956 lsbba
0 0.103211 ntfdk
1 0.904462
2 0.295384 0.000207
2 0.234202 0.000791
3 0.61999 7
0 0.334757 ggoeg
0 0.575937 adsxt
3 0.360782 11
1 0.265244
3 0.669426 48
4 0.389465 0.38952
4 0.140019 0.140117
2 0.615886 0.000119
1 0.869928
0 0.331292 ydhzk
3 0.313792 24
2 0.190927 0.000337
0 0.456171 pnjsg
4 0.051485 0.051508
2 0.523178 0.000785
0 0.669828 zcers
0 0.670957 dkzuj
1 0.35321
2 0.258357 0.00062
3 0.842729 43
2 0.187508 0.000881
2 0.007837 0.000411
2 0.610022 0.000239
0 0.861755 ryzoh
0 0.896815 grwss
1 0.351571
3 0.052265 43
1 0.199694
3 0.080227 44
4 0.540171 0.540237
0 0.142372 qnkrm
2 0.523695 3.7e-05
2 0.666179 0.000759
1 0.168545
2 0.218359 0.000305
2 0.745903 0.000342
4 0.22149 0.221552
0 0.754446 cftqh
0 0.075604 nmwcp
0 0.725303 klbkw
1 0.993502
1 0.0282
1 0.734973
0 0.353618 qsahh
3 0.370539 4
3 0.537719 8
0 0.423122 egrzm
0 0.468723 quxsf
2 0.377567 1e-06
1 0.358202
3 0.748731 28
4 0.073179 0.073248
3 0.860749 38
3 0.667396 10
4 0.016815 0.016887
0 0.124241 ffpae
2 0.553241 0.000841
0 0.550866 shloe
1 0.090346
1 0.788471
0 0.500302 uzyta
1 0.287693
2 0.831868 0.000125
3 0.33663 23
0 0.889871 ivifq
1 0.535937
4 0.151328 0.15141
2 0.295819 0.000597
2 0.360318 0.000362
3 0.028328 48
1 0.336932
4 0.719578 0.719583
1 0.579951
2 0.891872 0.000518
0 0.273948 bczdr
2 0.754764 0.000798
4 0.644708 0.644802
0 0.785249 pgiib
1 0.436189
3 0.137684 40
1 0.064621
4 0.782571 0.782607
4 0.023064 0.023092
1 0.315847
3 0.66967 11
3 0.536191 21
2 0.628186 0.000329
1 0.079592
1 0.476355
2 0.09816 0.000897
0 0.162782 zkozb
3 0.991554 30
2 0.661224 0.000744
2 0.197415 0.000767
2 0.341953 9.6e-05
3 0.455157 45
2 0.565355 0.000963
4 0.378059 0.378151
3 0.101871 26
0 0.777388 wzrat
4 0.968399 0.968487
3 0.423959 5
0 0.660516 davcs
1 0.883973
2 0.370898 0.000157
3 0.579823 0
2 0.681694 0.000628
4 0.068904 0.06896
3 0.488716 10
4 0.296456 0.296516
0 0.817963 sjrxh
1 0.579702
4 0.400367 0.400392
4 0.326524 0.326594
2 0.393026 0.000784
4 0.279007 0.279085
3 0.510084 32
4 0.311013 0.311019
3 0.441969 19
1 0.696121
0 0.028654 dojsf
4 0.960753 0.960835
4 0.982928 0.982988
1 0.686797
2 0.193819 0.0001
2 0.205154 0.000512
1 0.705204
3 0.892324 19
2 0.17203 0.000842
2 0.200684 0.000847
3 0.809041 2
0 0.159627 mpibn
0 0.694784 mvnof
2 0.149657 0.000207
2 0.496056 0.000918
4 0.284425 0.284427
4 0.801619 0.801651
1 0.908336
4 0.496825 0.496862
3 0.120185 21
4 0.741157 0.741255
3 0.638748 46
0 0.323044 jejaz
4 0.665074 0.66514
2 0.375876 0.000298
1 0.047808
1 0.885973
3 0.296031 14
3 0.659223 37
4 0.40038 0.400415
4 0.55548 0.555562
0 0.878524 kbdbv
4 0.273213 0.273308
1 0.649089
0 0.242432 aacli
2 0.278148 0.000803
2 0.937371 0.00044
1 0.858589
2 0.962562 0.000883
3 0.951193 44
3 0.559332 21
2 0.832545 0.000518
3 0.997986 13
2 0.727588 0.000874
0 0.983051 pthgi
1 0.156408
3 0.536322 38
1 0.908368
2 0.603395 0.000335
0 0.162727 pwasc
2 0.925539 0.000976
1 0.446765
4 0.736602 0.736632
1 0.997801
2 0.262705 0.000372
2 0.217505 4.7e-05
0 0.112511 esgln
0 0.377984 kyjvj
1 0.235781
4 0.747084 0.747139
3 0.133366 31
1 0.433263
3 0.851591 23
4 0.61699 0.61706
2 0.844647 0.000718
0 0.822672 qohcs
4 0.457127 0.457202
3 0.295999 46
0 0.975661 bamsz
0 0.611321 mjrbi
3 0.846773 48
2 0.147385 0.0005
1 0.012267
1 0.803857
0 0.901728 dpiky
2 0.49775 0.000744
0 0.277047 epkwe
1 0.898263
2 0.090928 0.00055
4 0.238314 0.238364
0 0.766933 zycyv
3 0.370906 14
1 0.274011
4 0.03274 0.032751
1 0.437863
3 0.165993 8
2 0.385456 0.000117
0 0.353428 vcwbi
0 0.679016 fuwov
4 0.589156 0.589203
2 0.388123 0.000587
4 0.947784 0.947786
4 0.63013 0.630143
1 0.531938
0 0.812904 zgyyy
4 0.291073 0.291095
1 0.970089
3 0.858474 37
0 0.598113 xgcvq
1 0.049578
0 0.669875 sjvuj
1 0.32928
3 0.366677 3
0 0.442918 ztqkm
1 0.513726
0 0.120104 cplul
1 0.010832
4 0.458821 0.458848
3 0.579389 6
1 0.908669
1 0.026358
2 0.865586 0.000628
1 0.616979
1 0.733747
0 0.165953 sbfyq
3 0.468999 4
4 0.479831 0.479886
1 0.892185
0 0.114719 lnbix
3 0.061099 27
2 0.007976 0.000627
2 0.690281 0.000453
4 0.49269 0.492708
0 0.99217 ugont
3 0.692542 8
4 0.565622 0.565645
3 0.098383 11
3 0.745433 0
1 0.24293
2 0.055493 0.000211
0 0.89743 kriod
4 0.781209 0.781283
2 0.096627 0.000869
0 0.151556 ytift
1 0.611729
4 0.34851 0.348541
1 0.172381
3 0.821239 40
3 0.481429 42
1 0.932204
4 0.91914 0.919154
4 0.891152 0.891193
3 0.618224 0
1 0.622319
3 0.448226 26
0 0.059956 nqlqh
3 0.151698 41
4 0.908338 0.90842
1 0.465415
2 0.892653 0.000829
3 0.300158 21
3 0.918382 23
4 0.540702 0.540733
3 0.94018 3
4 0.882239 0.882324
3 0.760477 0
3 0.428527 42
0 0.514512 omwnz
3 0.406738 18
1 0.977488
3 0.742514 38
2 0.557545 0.000566
2 0.679701 0.000202
3 0.424786 27
0 0.997887 tsjuw
3 0.868189 2
0 0.427125 flfkh
4 0.44795 0.44802
1 0.773348
3 0.78301 49
0 0.171838 buddb
4 0.051655 0.051748
0 0.10318 tmkms
3 0.850103 29
4 0.80704 0.807099
3 0.50649 31
1 0.79619
4 0.511164 0.511213
2 0.020678 9.6e-05
3 0.119556 25
4 0.476749 0.476806
4 0.702132 0.702223
2 0.35464 0.000479
0 0.721095 hllbc
3 0.83295 2
3 0.790419 13
0 0.44293 qasvc
1 0.079494
1 0.278398
0 0.877795 itmei
1 0.914973
3 0.59092 3
3 0.511672 23
4 0.663187 0.66327
4 0.217303 0.217325
0 0.495163 bqelx
1 0.134359
4 0.1882 0.188204
4 0.349924 0.349949
4 0.624218 0.624315
2 0.731461 0.000921
2 0.661828 0.00046
1 0.518772
3 0.841878 29
3 0.897393 5
0 0.897162 quhqw
1 0.699867
2 0.768131 0.000282
4 0.322959 0.32299
3 0.371881 4
1 0.116693
2 0.20302 0.000457
0 0.07505 gofyn
1 0.412546
1 0.029439
3 0.246599 9
2 0.118684 0.000247
4 0.948018 0.948071
3 0.959233 36
2 0.127129 0.00028
4 0.846502 0.846539
2 0.921552 0.000176
0 0.354109 lvcyo
4 0.507353 0.507438
3 0.551876 19
2 0.230435 0.000263
4 0.6836 0.683668
3 0.615915 15
2 0.194909 0.000169
4 0.361633 0.361706
0 0.769893 otfto
0 0.366103 ereth
3 0.705808 11
0 0.389409 cljjs
2 0.278224 0.000771
4 0.2495 0.249504
2 0.067952 0.000649
0 0.16925 dwiwd
0 0.708921 oowdw
4 0.776657 0.77672
3 0.571233 34
2 0.337085 0.000839
0 0.92139 sxfnm
0 0.270446 cewgu
2 0.489462 0.000909
1 0.31808
3 0.622556 30
2 0.874732 0.000978
0 0.823885 tflgr
3 0.812406 27
3 0.082852 39
1 0.069377
1 0.79982
4 0.744376 0.744457
0 0.062456 fzonp
2 0.724117 0.000384
2 0.681313 0.000269
3 0.744923 7
0 0.630851 sopqg
2 0.594037 0.000322
4 0.338413 0.338416
1 0.917221
0 0.64244 pepyc
0 0.145704 oknli
1 0.670065
0 0.349434 tdabn
1 0.154215
1 0.823789
4 0.359025 0.359124
4 0.091107 0.091132
1 0.030955
0 0.636662 ahtmx
4 0.315142 0.315183
4 0.019844 0.019903
1 0.096373
1 0.612287
3 0.624568 25
1 0.353447
2 0.662735 0.000291
0 0.83056 kfjlz
1 0.760712
2 0.821664 9.6e-05
4 0.051558 0.051625
0 0.059117 iijuo
3 0.420145 25
0 0.640729 pzgpq
2 0.351442 0.000782
1 0.295762
3 0.958659 16
0 0.526569 zcmdl
1 0.359334
1 0.428645
4 0.403693 0.40377
0 0.071596 bfvko
4 0.719059 0.719141
4 0.115618 0.115646
2 0.438326 0.000339
3 0.550177 29
4 0.947472 0.947564
3 0.823158 8
0 0.602637 xipim
3 0.053441 32
3 0.273377 42
2 0.068667 0.00051
1 0.232726
3 0.864737 49
2 0.452646 0.000709
3 0.82385 42
1 0.857245
2 0.36896 0.000348
3 0.586612 3
1 0.640053
0 0.926597 remhz
2 0.731176 0.000382
0 0.512827 ozimq
2 0.150756 0.000461
2 0.406364 0.000706
4 0.947493 0.947554
1 0.034694
4 0.545543 0.54562
3 0.172857 29
2 0.119922 0.000455
4 0.415372 0.415406
0 0.67982 jdcxg
3 0.690764 44
2 0.320265 0.00027
3 0.263997 11
2 0.616489 0.000838
2 0.155629 4.8e-05
1 0.864551
0 0.222168 ipsst
1 0.013938
1 0.935973
0 0.522752 wqsox
4 0.727352 0.727399
1 0.642999
4 0.607379 0.607417
1 0.76782
2 0.492208 0.000567
2 0.177902 0.000721
4 0.059768 0.059818
0 0.544846 uxsgx
4 0.395167 0.395221
1 0.638871
4 0.866239 0.86631
3 0.473619 11
2 0.75298 0.000947
1 0.458967
1 0.794409
2 0.781358 0.000529
2 0.365938 0.000727
3 0.937742 28
3 0.29466 14
0 0.075314 encnd
4 0.329084 0.329135
1 0.082064
0 0.202924 yhmvk
0 0.91017 gzuuv
0 0.602075 vitid
2 0.407363 0.000317
3 0.736447 20
1 0.334863
2 0.197145 0.000172
1 0.515038
4 0.514649 0.514717
2 0.6291 0.000937
2 0.175278 0.00077
2 0.550409 0.00054
1 0.967017
4 0.25907 0.259156
2 0.511869 6e-06
0 0.846733 unbcy
1 0.717412
4 0.30209 0.302102
1 0.728047
1 0.010031
1 0.775278
4 0.768025 0.768087
4 0.008974 0.009043
4 0.90266 0.902676
1 0.899019
2 0.093521 0.000999
0 0.286778 jrqbp
1 0.048688
3 0.595425 31
2 0.089548 0.000109
3 0.43547 47
4 0.124242 0.124295
3 0.214889 22
1 0.63026
1 0.455567
1 0.791966
2 0.913374 0.000629
3 0.61555 16
1 0.18059
4 0.286788 0.286861
1 0.376336
2 0.188001 9e-05
4 0.414277 0.414321
4 0.145518 0.145536
0 0.29213 yhkrj
3 0.900276 31
3 0.864892 42
0 0.869108 jmrnm
1 0.759726
0 0.8238 nnadn
0 0.974931 prmfa
2 0.475702 0.000364
2 0.362214 0.000676
0 0.417446 qpbge
3 0.57083 46
2 0.640755 0.000178
0 0.887466 wwcir
0 0.843491 fyaor
0 0.646691 rwtlh
1 0.224791
3 0.652667 34
0 0.458945 gfheu
1 0.865755
4 0.244882 0.244967
2 0.700719 0.000397
4 0.551271 0.551312
4 0.243148 0.243168
3 0.072139 43
1 0.43086
1 0.960163
0 0.318527 aqpwu
1 0.51412
1 0.863877
4 0.656385 0.656433
3 0.740471 19
1 0.233831
0 0.850176 dzabw
3 0.157056 30
0 0.539718 euofs
2 0.22442 0.000329
3 0.876483 6
2 0.514683 0.000725
4 0.023523 0.023568
2 0.642842 0.000305
4 0.839735 0.839759
2 0.513143 0.000506
4 0.569213 0.569269
0 0.925371 phbea
3 0.017054 3
0 0.066275 ntqgr
3 0.002082 18
0 0.874705 nsfug
0 0.465327 ftbcn
3 0.403441 26
3 0.070494 23
3 0.125054 15
1 0.715691
1 0.85719
3 0.703475 27
3 0.150295 0
2 0.144197 0.000915
4 0.908183 0.908204
4 0.382104 0.382166
0 0.437559 qgybg
1 0.141605
3 0.394178 31
0 0.806406 klytq
3 0.25942 3
1 0.737999
3 0.729373 7
1 0.793433
1 0.199263
2 0.920631 0.000361
1 0.220608
4 0.815042 0.815085
3 0.190773 3
1 0.194369
0 0.877044 palwy
3 0.987013 0
1 0.10142
1 0.863001
4 0.616008 0.616085
0 0.604769 jexsh
2 0.035765 7.1e-05
1 0.509007
3 0.440753 22
2 0.264596 0.000387
4 0.817812 0.81782
1 0.197166
4 0.03533 0.03537
3 0.164771 45
3 0.296265 19
1 0.459668
3 0.641333 34
4 0.844017 0.84411
4 0.28477 0.284785
4 0.549366 0.549421
3 0.88353 13
1 0.080696
4 0.020806 0.020842
2 0.185577 0.000734
0 0.824411 twlme
3 0.759304 6
2 0.280098 0.000202
4 0.075265 0.075271
0 0.13182 palki
1 0.574759
4 0.516708 0.516796
3 0.685645 16
0 0.624627 ixgna
1 0.773643
1 0.928275
1 0.057281
2 0.877419 0.000234
3 0.390465 43
2 0.423526 3.3e-05
3 0.109171 2
3 0.25015 20
2 0.678509 0.000459
3 0.03558 3
1 0.681734
1 0.124921
2 0.310371 0.000791
0 0.758455 lfomw
4 0.245905 0.24591
2 0.871429 0.000757
3 0.121579 27
0 0.800088 lapir
0 0.44834 fdqwy
1 0.893232
1 0.113953
3 0.475428 17
2 0.780778 0.000598
1 0.101521
4 0.45181 0.451871
0 0.833602 jhnli
3 0.620824 37
4 0.030408 0.030423
2 0.803719 0.000784
1 0.126749
2 0.905809 0.000884
4 0.858124 0.858151
4 0.373966 0.374032
0 0.489527 nhqyu
1 0.84041
0 0.075937 vfiof
0 0.912497 uawav
3 0.040587 28
3 0.724366 29
1 0.416184
4 0.222569 0.222631
4 0.547941 0.54804
2 0.53945 0.000345
0 0.958476 tmzvk
1 0.89533
0 0.22277 iqgxu
0 0.903831 nkpab
2 0.898124 0.000711
1 0.143124
3 0.732963 21
0 0.691439 mkyty
3 0.830321 9
4 0.177307 0.177358
4 0.540627 0.54071
2 0.888362 0.000268
2 0.182555 0.000117
1 0.747266
0 0.393087 rmvuq
0 0.509197 wstds
4 0.253116 0.253188
0 0.430423 xafcr
2 0.767445 0.000144
4 0.854643 0.854718
2 0.983539 0.000721
1 0.567698
4 0.891443 0.89149
4 0.752504 0.752537
4 0.693817 0.693851
1 0.041241
4 0.706546 0.70661
4 0.710301 0.710324
3 0.083861 45
3 0.04611 40
3 0.308447 29
1 0.491045
4 0.200653 0.200741
2 0.168009 0.000345
2 0.674664 0.000514
1 0.950787
0 0.989647 kbbxf
1 0.519109
3 0.169978 46
2 0.368769 0.000376
4 0.376167 0.376222
2 0.758655 0.000734
1 0.926352
1 0.247297
1 0.121944
4 0.206973 0.207017
0 0.577145 uuhnh
2 0.693873 0.000123
1 0.254105
4 0.499132 0.499137
3 0.774139 41
2 0.216844 0.00079
4 0.521062 0.521148
4 0.728036 0.728066
4 0.821533 0.821631
3 0.161376 14
1 0.351768
4 0.515246 0.515257
0 0.083017 rsmwv
1 0.573864
1 0.942256
3 0.367384 42
4 0.09542 0.095493
0 0.916953 izdsr
2 0.719876 0.00055
3 0.404061 18
0 0.243915 ayzgm
4 0.730528 0.730618
0 0.75398 rtcam
1 0.065843
4 0.705835 0.70588
2 0.831385 0.000558
4 0.851056 0.851155
4 0.517744 0.517797
3 0.655806 29
2 0.902687 6.9e-05
4 0.091823 0.091887
4 0.727654 0.727693
2 0.928533 0.000973
2 0.237103 0.000808
4 0.515546 0.515591
4 0.714402 0.714403
0 0.157173 esudb
0 0.127543 ayqdz
1 0.012469
1 0.373231
1 0.563852
4 0.144884 0.14489
2 0.616358 0.00059
2 0.035172 0.000543
2 0.192346 0.000241
3 0.891544 47
2 0.828795 0.00064
3 0.57915 6
3 0.568694 29
2 0.867987 0.000611
4 0.948192 0.948224
0 0.358798 hripc
3 0.801056 42
2 0.920885 0.000937
2 0.935288 8.7e-05
1 0.456773
3 0.4537 25
2 0.614663 0.000241
4 0.827395 0.827487
0 0.361704 osrhl
2 0.900212 0.000648
0 0.708438 hdosu
3 0.908171 44
3 0.988096 21
2 0.60276 0.000463
4 0.946507 0.946562
4 0.308211 0.308257
2 0.008642 0.000526
3 0.115677 38
3 0.788957 26
4 0.952731 0.952768
2 0.919442 0.00066
0 0.467898 ydogi
2 0.218096 0.000749
3 0.432042 11
3 0.490568 21
0 0.965658 fihqy
4 0.586526 0.586567
4 0.638636 0.638721
2 0.669593 1.2e-05
4 0.637419 0.637517
4 0.61406 0.614069
3 0.550835 0
2 0.312046 0.00047
0 0.846053 mtddk
1 0.696439
4 0.705257 0.705332
2 0.234042 0.000767
0 0.912406 cdpmo
1 0.584158
1 0.268576
1 0.782466
