4 0.804548 0.804595
4 0.880628 0.88069
4 0.781922 0.781928
4 0.371328 0.37139
0 0.362967 xaxqa
4 0.690948 0.691027
0 0.308897 ckpjy
4 0.424528 0.42458
0 0.800375 psbjc
1 0.594782
2 0.19081 0.00057
2 0.661186 0.00047
3 0.344652 45
4 0.035601 0.035626
4 0.344498 0.344551
1 0.496997
4 0.246525 0.246576
2 0.123629 6e-06
2 0.565658 0.000442
1 0.490666
1 0.588204
0 0.423541 mcwis
3 0.301205 40
3 0.853158 15
2 0.714008 0.00032
3 0.211005 34
4 0.417908 0.417984
3 0.139267 45
3 0.772061 2
4 0.098212 0.09822
2 0.521753 0.000223
2 0.922003 0.000775
2 0.171482 0.00098
2 0.02232 0.000138
4 0.384577 0.384623
4 0.085508 0.085511
4 0.032964 0.032976
2 0.587697 0.000679
3 0.740793 42
2 0.868202 0.000304
0 0.113764 kthkk
3 0.058895 6
2 0.081215 0.000197
1 0.982145
3 0.787037 5
2 0.147928 0.000969
1 0.079196
3 0.011642 11
1 0.840734
3 0.846366 38
0 0.804752 pduan
3 0.020858 29
0 0.353941 ednfe
2 0.0095 0.000691
0 0.24687 aneup
3 0.363497 8
0 0.785414 ujvcs
1 0.790666
3 0.699327 44
4 0.840306 0.840381
1 0.139989
3 0.280798 7
4 0.505832 0.505906
2 0.06088 0.000283
1 0.608762
3 0.77213 48
1 0.908707
1 0.580442
0 0.820699 puikx
3 0.798346 27
0 0.139429 hqitx
3 0.419654 3
2 0.315263 0.000482
3 0.894711 38
0 0.527692 xzfnc
0 0.787815 ylhzd
4 0.213022 0.213031
4 0.85533 0.85533
3 0.791337 4
2 0.622952 0.000788
0 0.772229 bnrag
3 0.068901 1
4 0.605031 0.605063
3 0.944269 39
3 0.186668 12
3 0.787107 21
1 0.802024
0 0.921385 hedfg
4 0.460852 0.460888
4 0.568668 0.568744
0 0.03615 dvezh
1 0.431855
1 0.859246
4 0.488022 0.488091
3 0.290046 24
0 0.805367 eqafh
0 0.437278 lphiu
2 0.344644 0.000781
2 0.275878 0.00062
4 0.603829 0.603895
1 0.033105
0 0.975312 wjynt
3 0.497363 26
2 0.62126 0.000754
2 0.306675 0.000453
1 0.801297
2 0.541207 0.000152
4 0.958012 0.958094
0 0.313768 jdrgr
2 0.4926 0.000425
0 0.086479 gotzz
3 0.702207 10
4 0.258465 0.258497
3 0.316025 37
2 0.274037 1.9e-05
4 0.309175 0.309245
4 0.154141 0.154183
4 0.227566 0.227616
0 0.097554 nchzj
3 0.039715 24
3 0.081673 39
2 0.821495 0.000806
1 0.499866
2 0.762113 0.000422
0 0.805883 jnzqc
2 0.922603 0.000293
4 0.206057 0.206067
3 0.245772 35
3 0.49244 27
3 0.551129 44
3 0.782798 24
0 0.669299 dwxcg
0 0.714679 kxyzj
0 0.565566 wmgpn
0 0.530783 wspji
1 0.211153
0 0.107167 gdzta
4 0.177538 0.177611
1 0.0534
1 0.685088
1 0.148585
1 0.349956
4 0.663389 0.663419
4 0.77052 0.770534
4 0.079251 0.079326
4 0.086451 0.086502
0 0.146863 irubd
2 0.271823 0.000285
1 0.407142
1 0.739211
1 0.123919
4 0.801749 0.80179
1 0.244264
1 0.37201
4 0.078467 0.078528
2 0.497789 0.000626
3 0.840571 40
3 0.159423 19
2 0.058708 0.000435
1 0.752246
4 0.059413 0.059445
2 0.107268 0.000774
3 0.351532 17
3 0.700823 34
2 0.45425 0.000695
2 0.85318 0.000965
0 0.762995 ebchg
0 0.050399 uoezr
4 0.29446 0.294548
0 0.162344 htbyr
3 0.922167 14
3 0.571482 30
4 0.778222 0.778237
0 0.076375 yjhxr
2 0.879451 0.000976
4 0.246669 0.246676
3 0.495996 26
2 0.389656 0.000896
3 0.118787 11
2 0.037941 0.000543
2 0.123798 8.7e-05
3 0.749107 20
0 0.957718 sfdtn
4 0.324576 0.32465
3 0.349601 23
4 0.09833 0.098358
3 0.817179 3
1 0.495074
2 0.949953 0.000191
2 0.025393 3.6e-05
4 0.800779 0.800827
3 0.082925 10
3 0.643061 38
0 0.572156 dcdcb
0 0.088038 yltqd
4 0.082041 0.082078
0 0.773512 zxqbx
3 0.702563 17
1 0.164451
2 0.833762 0.000293
2 0.371489 0.000635
1 0.103489
1 0.076235
0 0.610762 iaews
4 0.379876 0.379893
0 0.301919 zlukb
1 0.629409
2 0.078261 0.0009
2 0.555422 0.000535
4 0.175263 0.175312
1 0.662088
3 0.056717 14
2 0.180803 0.000142
1 0.769931
3 0.683823 45
2 0.099186 5.1e-05
3 0.001383 35
4 0.714283 0.714306
3 0.471171 4
4 0.566072 0.566144
2 0.71441 0.000804
0 0.924884 gytud
1 0.275536
4 0.711622 0.711637
0 0.265025 xuvsz
3 0.247269 19
0 0.585616 vmwfj
0 0.254692 kbacb
3 0.860715 35
0 0.101083 ywadc
2 0.787964 0.000934
3 0.671346 24
4 0.574399 0.574401
1 0.904207
1 0.280076
0 0.114296 zhtue
0 0.999902 nbhnd
2 0.660562 0.000135
4 0.574848 0.574923
2 0.587573 3.1e-05
3 0.139443 8
0 0.253076 ldkrz
0 0.023602 dptpm
2 0.386862 0.000354
4 0.563777 0.563819
0 0.123911 uzyvc
1 0.944888
1 0.144854
4 0.017633 0.017647
4 0.536659 0.53666
3 0.098429 17
2 0.215819 0.000929
1 0.296365
1 0.743788
0 0.302684 vheum
2 0.148128 0.000925
0 0.316471 wmfod
0 0.266121 qrsdr
0 0.116239 qaeoo
3 0.781839 47
2 0.661872 0.000303
3 0.917612 5
4 0.025523 0.025545
1 0.670093
4 0.773248 0.773262
3 0.691884 28
2 0.895175 0.000322
0 0.271555 bpfes
2 0.867145 0.000228
1 0.444449
1 0.363344
1 0.449178
0 0.829561 ujjic
4 0.845403 0.845425
1 0.256931
4 0.033756 0.033791
4 0.80408 0.804084
1 0.187577
2 0.284159 2.6e-05
0 0.901752 ktmid
3 0.384838 3
1 0.903495
4 0.00205 0.002057
0 0.837394 ebrqw
4 0.296515 0.296556
3 0.805475 26
0 0.35571 lefts
1 0.89821
2 0.960767 0.000239
4 0.950776 0.950865
3 0.033118 46
0 0.340965 wceuf
3 0.533702 21
4 0.339807 0.339838
1 0.723485
2 0.079816 0.000328
0 0.630387 syrvv
1 0.770596
2 0.301078 0.000171
0 0.342939 oelqf
3 0.490817 19
1 0.601988
3 0.31988 36
3 0.431208 6
3 0.331479 47
3 0.123816 36
2 0.189617 0.00016
2 0.532556 0.000229
3 0.021197 43
1 0.559892
4 0.148128 0.148227
3 0.738928 31
4 0.571628 0.571668
2 0.034716 0.000971
0 0.59532 acfqj
1 0.56569
2 0.528877 0.000581
1 0.421645
3 0.267362 33
4 0.875914 0.875998
2 0.247149 0.00047
3 0.304351 39
1 0.223778
4 0.408743 0.408766
3 0.225391 7
4 0.772639 0.772679
2 0.956159 0.000723
2 0.259632 8.5e-05
3 0.001501 49
4 0.300106 0.300199
2 0.247477 0.000433
0 0.401684 ivroi
0 0.678444 tewje
1 0.970471
2 0.261536 0.000103
4 0.425054 0.425054
0 0.210719 mrzbt
2 0.677933 0.000846
3 0.004712 33
1 0.073234
0 0.425082 shszi
2 0.423865 0.000936
3 0.688174 12
3 0.252589 34
3 0.605086 21
3 0.345474 15
4 0.050689 0.050737
1 0.123923
3 0.329599 31
0 0.55289 hwzjc
3 0.982187 17
3 0.627631 1
2 0.749069 0.000572
0 0.83179 jdrca
0 0.010186 rolaj
4 0.78742 0.787496
4 0.875251 0.875281
2 0.766646 4.7e-05
0 0.910629 cdrek
1 0.771815
0 0.522305 cpzon
2 0.686712 0.000787
4 0.257006 0.257028
0 0.580397 nihom
2 0.259401 0.000248
3 0.211875 43
0 0.197175 fjxrt
3 0.884338 47
2 0.087403 0.000537
2 0.860761 5.9e-05
4 0.086345 0.086385
2 0.045735 9.9e-05
4 0.256335 0.256358
3 0.54621 45
2 0.6079 0.000972
0 0.881427 zoakf
3 0.252303 15
4 0.916363 0.916417
0 0.6789 vpwiu
4 0.214318 0.214398
2 0.139808 0.00078
4 0.658194 0.65825
3 0.356993 23
4 0.456483 0.45657
0 0.643376 gwprn
0 0.565864 dvitq
1 0.06767
4 0.833074 0.833137
1 0.377175
2 0.721289 0.000328
3 0.741379 0
0 0.948315 kzecd
0 0.785905 hhmxm
4 0.223272 0.223293
4 0.294973 0.29502
0 0.85336 rqzfk
1 0.312508
4 0.320263 0.320264
2 0.992313 0.0008
1 0.909615
3 0.714988 29
1 0.968839
3 0.014423 21
1 0.063322
1 0.604532
0 0.418357 zksti
1 0.116589
2 0.00282 0.000254
2 0.495846 0.000869
0 0.869524 rjfpa
3 0.805384 45
3 0.687369 42
3 0.780997 41
3 0.124484 36
4 0.264128 0.264142
0 0.085797 konno
4 0.763469 0.763532
1 0.9269
2 0.803631 0.0007
3 0.371376 18
4 0.595759 0.595773
4 0.204461 0.204511
1 0.984941
4 0.229011 0.229029
1 0.844653
0 0.344577 pcipn
1 0.78628
4 0.243501 0.243592
2 0.975872 0.00087
3 0.328633 49
4 0.03658 0.036618
4 0.720095 0.720145
0 0.375147 ndmid
0 0.903396 wehbx
1 0.231556
3 0.772136 5
1 0.178275
4 0.778575 0.778663
3 0.259714 44
1 0.486216
1 0.423834
2 0.140042 0.000646
2 0.55979 0.000548
0 0.599471 luvgy
3 0.478586 45
3 0.301305 25
2 0.462813 0.000289
3 0.119326 7
0 0.150986 cssfm
2 0.861764 0.000572
0 0.714572 vretx
3 0.327278 21
0 0.886378 ljmpw
2 0.298696 0.000359
4 0.944276 0.944313
4 0.661223 0.661237
3 0.587087 49
2 0.924003 0.000554
2 0.760639 0.000819
4 0.498422 0.498472
0 0.522038 ryekk
0 0.388289 kzaik
2 0.502436 0.000712
0 0.605875 uqbiz
3 0.916039 36
3 0.85343 22
3 0.607223 48
2 0.210801 0.000749
4 0.59909 0.599099
2 0.861469 9e-06
0 0.148442 ifyhv
3 0.490233 22
4 0.557222 0.557237
1 0.810945
3 0.136655 6
3 0.741157 5
0 0.971806 kxxrq
4 0.187271 0.187287
0 0.929944 hykgi
0 0.236832 wtjml
0 0.05912 bmqnd
2 0.449874 0.000391
2 0.996876 0.000627
0 0.707392 nqjdi
1 0.363581
2 0.497447 0.00013
3 0.70248 2
0 0.085721 tcggm
3 0.264509 13
4 0.346584 0.346623
1 0.922758
3 0.08682 25
4 0.429302 0.429309
3 0.041319 24
0 0.464802 xhice
4 0.661383 0.661397
0 0.082058 twizh
4 0.379752 0.379762
4 0.982924 0.983012
0 0.928578 mfiyd
0 0.588153 ujrou
0 0.316448 tibij
3 0.296739 19
2 0.56425 0.00047
3 0.744838 35
2 0.098219 0.000758
1 0.872059
3 0.679045 15
4 0.594065 0.594073
0 0.200699 kfkiw
0 0.566122 snyub
1 0.93702
2 0.266341 0.000702
4 0.418099 0.418109
3 0.890854 5
1 0.301604
1 0.788824
0 0.983346 lfylk
4 0.554458 0.554518
1 0.357524
0 0.022935 atxwi
4 0.128156 0.128188
4 0.784647 0.784745
4 0.956399 0.956455
3 0.284001 2
4 0.424382 0.424383
2 0.637651 0.000113
4 0.995175 0.995183
3 0.933308 25
4 0.654135 0.654232
2 0.418087 0.000545
3 0.354178 45
2 0.826929 0.000951
0 0.627282 rzoea
4 0.658484 0.658532
2 0.41857 0.000875
1 0.919338
2 0.376823 0.000387
4 0.202588 0.202651
0 0.574486 ushzo
3 0.497036 14
1 0.470616
1 0.586943
2 0.056712 0.000545
3 0.813388 8
0 0.840781 earxm
4 0.206326 0.206405
2 0.222108 0.000431
3 0.101841 41
0 0.76788 qcylj
0 0.782677 qpksw
0 0.416899 atdup
3 0.76993 46
1 0.172362
1 0.095367
0 0.846476 rzydj
1 0.362777
2 0.662981 0.000289
0 0.16698 hgzmr
3 0.804902 39
1 0.587964
3 0.688331 36
3 0.153582 37
3 0.222649 36
4 0.482475 0.482562
0 0.787925 uhlfq
2 0.1501 0.000277
0 0.471354 fbgwk
4 0.496838 0.496911
2 0.166773 0.00041
3 0.841036 49
1 0.944209
2 0.99308 9.7e-05
3 0.909472 18
0 0.939346 lqztz
3 0.787937 4
3 0.975739 28
2 0.142512 0.00049
0 0.048286 cfovf
0 0.124107 vofqc
2 0.08576 0.000992
0 0.686645 xvcyx
2 0.972445 0.000747
4 0.034288 0.034322
2 0.036277 2.4e-05
3 0.714721 13
2 0.573203 0.000695
3 0.128091 24
4 0.802476 0.802553
3 0.100416 22
1 0.588263
2 0.405757 0.000856
1 0.722258
4 0.584906 0.584952
3 0.031282 19
4 0.085701 0.085732
0 0.465888 pkwru
1 0.078889
1 0.307716
0 0.130129 gyztk
2 0.082198 0.00025
1 0.603617
2 0.393845 0.000773
2 0.01839 0.000104
4 0.484278 0.484358
1 0.059635
1 0.02148
1 0.379052
2 0.281195 0.000889
4 0.590101 0.590136
2 0.869046 0.000513
2 0.744612 0.00013
4 0.65481 0.654865
1 0.6732
2 0.77577 0.000831
2 0.418791 0.000694
2 0.173715 0.00076
0 0.036778 fpwco
1 0.206587
4 0.108232 0.108232
1 0.171972
2 0.879837 0.000863
2 0.493549 0.000634
3 0.186842 39
1 0.339077
3 0.982539 46
3 0.928054 2
2 0.073463 0.000397
0 0.796402 eygzj
1 0.656998
3 0.345145 27
3 0.956883 19
2 0.8643 0.000446
3 0.863079 41
4 0.364977 0.364991
3 0.853194 28
3 0.17279 9
3 0.325644 17
4 0.07208 0.072098
0 0.731057 omula
0 0.740897 ihvhq
2 0.943836 0.000677
0 0.320224 yxwsj
0 0.981936 wucui
3 0.759845 34
0 0.113906 jgmoy
2 0.80269 0.000103
3 0.902368 39
0 0.081325 qnedn
4 0.404331 0.404365
0 0.385401 vzmzb
3 0.735182 7
2 0.726726 0.0008
4 0.045768 0.045824
4 0.464488 0.464533
4 0.081331 0.081339
3 0.688408 39
1 0.135494
0 0.1399 ziolh
4 0.793813 0.793849
3 0.036092 22
2 0.58126 0.000128
3 0.045748 25
3 0.107914 19
1 0.764275
2 0.344537 0.00042
4 0.982291 0.982292
0 0.349715 wkhkf
0 0.064786 elnof
4 0.498146 0.49821
2 0.922389 0.000714
1 0.477851
2 0.26352 0.000242
0 0.66056 elmyt
2 0.075548 0.000234
3 0.853917 12
4 0.940394 0.940422
0 0.954893 dshuv
1 0.07143
1 0.4615
2 0.497211 0.000813
4 0.906967 0.907033
4 0.310411 0.310425
3 0.907832 25
3 0.005591 37
2 0.2475 0.000879
1 0.011719
2 0.940137 0.000202
3 0.011567 38
1 0.862869
3 0.384911 32
3 0.6221 36
1 0.295767
2 0.048998 0.000342
0 0.05459 zfkej
4 0.033795 0.033842
1 0.374012
1 0.746881
0 0.084088 oyoji
2 0.569188 0.000112
3 0.868646 47
2 0.567034 0.000679
2 0.600314 2.8e-05
2 0.050825 0.000839
0 0.068656 ivewu
0 0.804957 gmvqn
4 0.958693 0.958773
1 0.471137
4 0.031423 0.031446
3 0.618445 37
4 0.34548 0.345489
1 0.095318
3 0.749691 25
1 0.933109
0 0.643176 ppqds
0 0.023292 aiwmh
2 0.907865 0.000233
1 0.524051
1 0.181031
1 0.726919
2 0.191187 0.000267
4 0.37585 0.375945
4 0.439291 0.439302
4 0.997981 0.997984
1 0.031716
1 0.741523
4 0.595984 0.596076
1 0.810218
1 0.555638
1 0.733827
1 0.099054
0 0.528259 ekjbl
2 0.492419 0.000755
0 0.085922 qqqto
0 0.883375 fsmhm
0 0.841685 frdyx
1 0.943562
0 0.973862 wvbgy
0 0.129383 afckp
0 0.038462 fompj
4 0.171798 0.171861
2 0.183459 0.000304
0 0.643373 sycps
4 0.5349 0.534936
3 0.543542 42
3 0.772221 39
0 0.66424 vtlcc
1 0.165335
3 0.696085 45
2 0.767171 0.000168
3 0.344637 3
1 0.872039
1 0.312091
3 0.016685 36
3 0.434913 46
4 0.740945 0.740971
0 0.576171 vcpmj
4 0.897524 0.897548
4 0.818955 0.81905
1 0.672446
0 0.588538 gsmru
1 0.342652
0 0.108497 wfltz
1 0.543221
2 0.97911 0.000774
3 0.881388 44
3 0.296103 40
3 0.93118 29
1 0.3947
2 0.342067 0.000706
3 0.800806 7
1 0.648628
2 0.050706 0.000348
1 0.110279
3 0.446251 4
1 0.424801
2 0.382655 0.000376
4 0.120355 0.120363
4 0.651896 0.651904
3 0.510315 14
2 0.211485 0.000585
3 0.14946 17
0 0.508808 gkysg
0 0.844702 qufxf
1 0.555989
0 0.588466 kfrsc
2 0.312957 1.5e-05
1 0.462417
4 0.742828 0.742905
0 0.331144 fmhvq
1 0.805029
0 0.100264 dghke
4 0.466316 0.46638
4 0.864098 0.864175
3 0.637465 20
0 0.805138 fwsyb
4 0.985319 0.985329
0 0.672372 hhovd
4 0.823229 0.823277
4 0.289546 0.289558
0 0.059604 pejpo
3 0.156161 8
4 0.415719 0.41574
0 0.91739 cuwfr
0 0.983092 vxvkl
4 0.246741 0.24684
2 0.10603 0.000512
1 0.400044
1 0.220914
0 0.569484 cpbuc
4 0.099127 0.099197
1 0.296359
0 0.050651 scskr
1 0.546172
4 0.595948 0.59595
1 0.840741
1 0.124803
3 0.106652 29
1 0.078633
1 0.931142
0 0.595182 kusrw
3 0.879716 8
1 0.455839
3 0.658515 40
2 0.212249 0.000691
1 0.424767
2 0.419161 0.000671
3 0.497795 19
0 0.595225 bsxkw
3 0.501472 29
4 0.114736 0.114816
0 0.54184 oadyi
2 0.805721 0.00039
4 0.224883 0.224896
4 0.23903 0.239064
1 0.17224
4 0.568592 0.568675
0 0.586417 sxyyv
0 0.304282 xlavi
0 0.171355 itejg
4 0.033824 0.033892
0 0.087618 zrwgp
4 0.766491 0.76658
3 0.365867 30
0 0.023436 nghuj
3 0.08152 48
4 0.744264 0.744275
0 0.430476 ntfee
1 0.222172
1 0.147022
3 0.782804 16
2 0.894318 0.000211
0 0.845764 ohgor
4 0.993145 0.993208
0 0.471909 ncvgx
3 0.344654 9
1 0.820017
0 0.181288 gycvp
2 0.463686 5.5e-05
3 0.915898 3
2 0.80548 0.000605
4 0.638577 0.638644
0 0.832023 acuam
3 0.48453 49
3 0.18217 1
2 0.853191 0.000247
4 0.526089 0.526136
4 0.259992 0.260056
4 0.019744 0.01984
0 0.735054 xfiia
2 0.098683 0.000986
2 0.845671 0.000681
2 0.884474 0.00094
2 0.541199 0.000974
4 0.145258 0.145273
3 0.59525 49
3 0.639516 36
2 0.072142 4.2e-05
1 0.853144
4 0.039603 0.039685
4 0.588575 0.588672
3 0.063005 23
4 0.854062 0.854084
0 0.068718 iaafu
2 0.307353 0.000397
0 0.424781 qxjpl
1 0.133124
4 0.544603 0.54465
2 0.496056 0.000204
0 0.12945 oleun
2 0.385128 0.000353
4 0.284301 0.284365
0 0.19996 xcfyr
3 0.807649 5
2 0.352252 0.000404
4 0.801122 0.801133
2 0.246949 0.000281
2 0.000531 0.000291
3 0.504118 44
4 0.831409 0.831504
0 0.425147 dtbiw
3 0.480996 23
2 0.685752 0.000244
0 0.83236 jywpd
2 0.614176 0.000738
0 0.172453 hpher
2 0.883907 0.00068
1 0.555346
2 0.952071 0.000694
0 0.433113 itudw
4 0.011718 0.011774
0 0.223166 onxvj
1 0.955038
3 0.714818 33
0 0.88485 ouycm
0 0.139824 xtkgh
4 0.001279 0.001374
4 0.224446 0.224486
2 0.042897 0.000357
2 0.453128 0.000748
0 0.023123 flxjl
2 0.885087 0.000493
1 0.305997
4 0.667234 0.667243
0 0.150221 hsejk
4 0.11383 0.11383
3 0.953814 16
1 0.775797
1 0.843115
4 0.101908 0.10196
3 0.114697 26
2 0.296648 0.00081
1 0.164565
4 0.010266 0.010276
0 0.89582 efttd
3 0.787888 32
4 0.451072 0.451119
0 0.069332 bqcna
3 0.381281 17
3 0.215579 32
2 0.148513 1.7e-05
0 0.575898 ptwii
3 0.002991 47
2 0.454063 4.7e-05
2 0.039748 0.000899
2 0.059561 0.0008
2 0.707385 0.0001
3 0.786318 35
0 0.415365 jgxzo
2 0.940899 0.00021
1 0.881558
1 0.999617
2 0.472055 0.000365
1 0.647354
2 0.953519 0.000373
4 0.801006 0.801052
3 0.732416 46
0 0.62549 cgfvv
2 0.550349 0.000813
1 0.57955
1 0.123702
1 0.134884
2 0.340092 0.000263
1 0.780465
4 0.038265 0.038341
1 0.309091
0 0.793502 ienbx
4 0.723862 0.723927
0 0.0873 ejvhh
4 0.167071 0.167159
1 0.345579
4 0.906127 0.906182
2 0.404042 0.000211
2 0.899252 0.000713
4 0.181882 0.181964
4 0.172335 0.17235
2 0.056505 8.2e-05
0 0.848136 tftel
1 0.210028
4 0.278245 0.278254
1 0.124199
4 0.892519 0.892542
2 0.93301 5.7e-05
0 0.145649 fiyon
2 0.608852 0.000753
0 0.846718 xhmef
1 0.583352
3 0.180368 19
4 0.518032 0.518072
4 0.142762 0.142812
1 0.880801
3 0.148153 45
1 0.319512
4 0.779666 0.779725
1 0.976565
1 0.363349
1 0.018491
0 0.454984 bjfil
3 0.605502 17
0 0.06832 pxbaj
0 0.301844 jhlls
1 0.045663
2 0.385033 0.000155
4 0.356369 0.356431
4 0.389826 0.389881
4 0.425099 0.425128
2 0.454166 0.000481
2 0.368329 9e-05
2 0.202405 0.000564
3 0.299795 48
1 0.983065
3 0.496222 3
0 0.417151 geyle
0 0.734129 vmomf
1 0.388002
4 0.246855 0.246905
0 0.573477 yzqug
0 0.351965 krywl
3 0.048092 14
0 0.298573 xmbaa
1 0.098523
4 0.923461 0.923522
1 0.496939
1 0.049432
0 0.420904 dafem
2 0.086116 0.000589
1 0.639735
2 0.745619 0.000291
2 0.573618 0.000146
0 0.305971 enyno
1 0.344966
1 0.894918
0 0.713288 mnvui
0 0.771789 bihsd
3 0.880965 33
0 0.30949 veqba
1 0.396446
0 0.948617 stdvl
4 0.267038 0.267086
4 0.038828 0.038829
3 0.491473 23
2 0.479792 0.000188
0 0.309749 yqksx
2 0.548125 0.000995
4 0.013094 0.013106
4 0.424434 0.424494
4 0.645441 0.645453
4 0.717495 0.71755
2 0.709864 0.000714
1 0.099551
2 0.922611 4e-05
0 0.917258 hpdwc
4 0.498077 0.49808
0 0.173076 rtbou
1 0.740127
4 0.491515 0.491538
2 0.896752 0.000282
1 0.926136
0 0.304636 lxogz
0 0.936614 sqhwy
0 0.490699 zeqmy
1 0.943763
4 0.771469 0.771485
3 0.994065 2
3 0.815053 35
3 0.661211 22
0 0.280263 gibbq
0 0.563228 mtqid
1 0.788917
2 0.372937 0.000738
0 0.69106 rdtcd
0 0.97876 fbbcj
4 0.654565 0.654592
4 0.734145 0.734198
2 0.185546 0.000338
0 0.424637 wshpf
0 0.216752 rrzha
0 0.60765 yydtt
0 0.308798 smbin
1 0.11058
3 0.059864 46
3 0.394665 49
3 0.127769 11
3 0.815609 33
4 0.482209 0.482242
4 0.98308 0.983175
3 0.458733 22
0 0.787084 lfhrf
1 0.613008
3 0.168473 23
0 0.30127 wykhj
3 0.340956 3
3 0.977449 38
3 0.158219 21
1 0.101059
2 0.588888 0.000697
1 0.559811
2 0.237159 0.000636
1 0.194455
0 0.569405 uaqvq
3 0.772469 2
4 0.777798 0.777821
3 0.222921 16
4 0.455128 0.455224
2 0.305812 0.000693
3 0.805371 11
3 0.13463 23
0 0.930502 efkpj
4 0.801575 0.801643
3 0.481154 16
1 0.587971
3 0.550715 20
0 0.372879 eydnd
0 0.925549 bgosw
2 0.138018 0.000918
2 0.148553 0.000932
4 0.650643 0.650684
3 0.74623 15
3 0.813297 36
1 0.702528
4 0.086375 0.086388
3 0.075417 31
4 0.106559 0.10661
0 0.486208 mmrlp
4 0.142552 0.142643
2 0.079715 6.1e-05
4 0.673816 0.673915
2 0.892696 0.000348
1 0.382784
3 0.365074 42
2 0.84163 0.000558
3 0.125456 31
0 0.294773 tsxgl
4 0.162701 0.1628
0 0.143114 jobbb
4 0.211287 0.211375
4 0.405619 0.405714
2 0.044867 0.000906
2 0.170323 0.000237
2 0.981448 0.000541
4 0.011769 0.01184
0 0.343578 spwpo
1 0.01988
4 0.573209 0.573265
1 0.571697
0 0.148021 ozjjm
0 0.961887 uqusf
0 0.709985 wkufo
0 0.455828 rzwlx
0 0.774526 rpbib
4 0.77262 0.772716
3 0.860985 1
3 0.780539 28
3 0.076376 2
3 0.076056 14
0 0.595626 rmysh
3 0.311143 10
2 0.92593 0.000319
3 0.67361 28
2 0.530724 0.000864
0 0.691011 kivvd
2 0.386907 0.000777
1 0.902752
2 0.350152 0.000704
4 0.170341 0.170398
4 0.922843 0.922916
2 0.539802 5.1e-05
4 0.070526 0.070593
4 0.06125 0.061325
4 0.705607 0.705665
0 0.805497 plwhz
4 0.000567 0.000665
0 0.456876 ujftb
1 0.974602
0 0.931125 snbpe
1 0.302083
4 0.117725 0.117752
3 0.263956 17
3 0.81224 12
0 0.47329 owphb
4 0.011645 0.011717
4 0.045483 0.04554
1 0.700918
1 0.055147
1 0.774243
0 0.589056 lcxlw
3 0.960515 7
0 0.543178 qncxo
2 0.50946 0.000652
4 0.071296 0.071357
0 0.171791 mqkjn
3 0.512242 27
4 0.863322 0.863418
0 0.823837 dxjgj
1 0.982921
2 0.022959 0.000489
1 0.4435
1 0.368596
4 0.12296 0.122983
4 0.014646 0.014704
4 0.805089 0.805137
0 0.086789 qtoel
2 0.314982 0.000748
0 0.21797 fvfqd
4 0.866106 0.866149
3 0.491578 15
2 0.136778 0.000954
4 0.772671 0.772673
4 0.85946 0.859507
4 0.871304 0.871378
1 0.309146
1 0.817378
4 0.335562 0.335602
4 0.441962 0.442016
1 0.916957
4 0.418827 0.418839
0 0.110697 vwpze
1 0.802367
2 0.646838 0.000793
0 0.003802 zqmsw
0 0.805475 xxkok
1 0.858704
3 0.527366 3
1 0.653553
4 0.456577 0.456674
1 0.595276
0 0.594327 msdwe
4 0.404015 0.40406
0 0.559942 pmtpn
0 0.071412 ijmoj
0 0.661834 xfwmh
4 0.290431 0.290526
0 0.342303 deswd
1 0.04305
4 0.381784 0.381863
1 0.84147
0 0.566773 yrqxs
2 0.176888 0.00085
1 0.060189
2 0.616849 0.000184
2 0.309051 0.000305
2 0.462361 0.000381
2 0.537747 0.000517
3 0.946273 14
3 0.764362 31
2 0.869037 0.000128
0 0.535762 uzcvu
4 0.381094 0.381132
0 0.663252 xegyh
2 0.967954 0.000793
2 0.595758 0.000941
1 0.486285
1 0.19113
0 0.857636 wmqup
0 0.331471 lqxvh
4 0.566519 0.566521
0 0.129167 bpyhf
3 0.404848 30
1 0.11233
2 0.452832 9e-06
1 0.08576
3 0.241558 49
0 0.00472 ghmmq
2 0.860561 2.3e-05
4 0.945909 0.945952
3 0.741334 14
4 0.452089 0.452135
1 0.904921
0 0.19891 jascz
4 0.560431 0.5605
3 0.148337 8
0 0.307322 cztpu
2 0.282165 0.000835
3 0.164336 24
4 0.70176 0.701857
4 0.801082 0.801118
0 0.750008 eurok
4 0.311261 0.311342
4 0.618584 0.618601
1 0.871815
4 0.497758 0.497841
3 0.864098 9
3 0.08221 9
4 0.499232 0.499251
1 0.677768
1 0.424046
0 0.941423 mcdjx
1 0.348127
4 0.775788 0.775811
2 0.426303 0.000485
0 0.086339 lqevs
2 0.973342 0.000497
3 0.668213 20
0 0.087114 tfzpa
4 0.312854 0.312939
4 0.191216 0.191314
0 0.407278 dgbio
2 0.226284 0.000554
1 0.715978
4 0.484726 0.48477
4 0.19083 0.190869
3 0.228253 46
2 0.541107 0.000233
1 0.62975
1 0.755707
3 0.588229 24
4 0.192338 0.192339
3 0.934974 6
4 0.167305 0.167365
0 0.067849 exzvu
4 0.098308 0.098326
4 0.93575 0.93577
0 0.207809 yadiy
1 0.92169
4 0.933899 0.933915
0 0.423838 fdwef
1 0.800289
0 0.758401 czdas
1 0.330097
3 0.978311 1
0 0.09841 ionfx
2 0.575395 0.000194
0 0.699918 lbhcg
2 0.507076 0.000904
3 0.193148 41
2 0.741785 0.000303
0 0.661245 uqvns
3 0.368802 27
2 0.944197 0.000823
2 0.160467 0.000603
1 0.417985
3 0.985002 33
1 0.694502
4 0.80505 0.805144
4 0.333042 0.333139
1 0.123655
0 0.584195 obrmw
2 0.255858 0.000788
1 0.017813
1 0.163485
1 0.371774
3 0.933516 48
4 0.254918 0.25496
1 0.104313
1 0.721192
2 0.566045 0.000606
2 0.167715 0.000956
2 0.658308 0.000855
3 0.806096 21
1 0.157079
4 0.114176 0.11425
0 0.331281 ptpvw
2 0.73026 0.000885
0 0.447671 ivqgk
1 0.294149
0 0.301233 lxjva
4 0.397486 0.397501
0 0.245119 twueb
3 0.396619 24
0 0.84429 exsuc
1 0.309196
4 0.116084 0.116098
0 0.829192 ctvxr
0 0.120344 devig
3 0.074279 38
0 0.566412 fbhys
2 0.124352 0.000442
4 0.569666 0.569709
3 0.047406 36
1 0.922631
3 0.772604 18
0 0.249203 dsrvw
2 0.82434 0.000549
1 0.459676
2 0.060004 0.000379
0 0.714504 dlszb
0 0.756765 ybvfk
0 0.791549 wmqtu
1 0.26538
4 0.242092 0.242101
4 0.741779 0.741785
2 0.893482 0.000181
1 0.140246
0 0.789289 tzzwt
3 0.524031 15
2 0.805214 0.000593
2 0.598807 0.000325
3 0.357251 34
2 0.1757 0.000875
3 0.694858 39
0 0.853749 trzsv
1 0.668664
1 0.857089
4 0.795368 0.795458
1 0.004386
0 0.148488 fmbbi
2 0.176717 0.000708
3 0.193415 0
1 0.834006
2 0.422298 0.000371
1 0.098822
1 0.633518
4 0.416107 0.416167
2 0.936845 0.000395
0 0.056391 fhqrg
1 0.588498
2 0.387002 0.000253
4 0.73736 0.73742
4 0.180732 0.18079
1 0.473513
3 0.384836 27
4 0.877281 0.877355
2 0.699968 0.000665
0 0.630632 kdbvd
3 0.413452 28
0 0.595233 ibbfk
3 0.619797 40
4 0.902409 0.902428
1 0.296042
4 0.047973 0.047984
4 0.983114 0.983146
4 0.900972 0.900992
0 0.314424 qqivw
3 0.019299 15
2 0.590019 0.000766
4 0.804888 0.804969
1 0.594383
0 0.747204 mtzpg
0 0.523885 kywlq
3 0.484539 46
1 0.011984
1 0.895966
0 0.224557 qysmi
1 0.382137
3 0.224027 24
0 0.171779 luzmx
4 0.717326 0.717386
2 0.106654 0.000504
4 0.016348 0.01643
2 0.098808 3.9e-05
3 0.868779 13
0 0.816714 zrxlr
0 0.197141 vtgix
2 0.973229 0.000469
4 0.596235 0.59626
0 0.424592 sntik
1 0.233976
0 0.340723 ztyya
4 0.249228 0.249236
4 0.350604 0.350615
3 0.081774 19
3 0.890884 1
4 0.310043 0.310109
3 0.398242 45
4 0.19473 0.194784
0 0.139659 skuzk
3 0.210194 14
0 0.829306 gogcy
0 0.3385 ppsox
3 0.576055 29
0 0.922363 wzxca
1 0.851165
4 0.734745 0.734824
4 0.080403 0.080487
0 0.534754 haeig
3 0.86824 34
4 0.879369 0.879375
0 0.5882 ygwzj
2 0.405387 0.000839
2 0.140132 0.000971
3 0.691826 42
0 0.419968 elajs
4 0.107351 0.107441
0 0.98672 vifwz
4 0.053952 0.053961
2 0.805379 0.000823
1 0.241209
1 0.422178
3 0.124353 35
1 0.639084
0 0.011943 fwftz
2 0.522076 0.000446
0 0.460611 hmmao
3 0.817561 27
1 0.05877
3 0.191354 12
4 0.302628 0.302685
2 0.725377 0.000158
4 0.255478 0.25548
3 0.288652 44
2 0.690951 0.000594
4 0.171176 0.171252
0 0.707749 eklep
2 0.781922 0.000488
2 0.213541 0.000468
4 0.079701 0.079701
1 0.313659
0 0.530328 hcxrj
3 0.528632 39
0 0.564907 zbfnq
0 0.714454 stobl
2 0.502402 0.00049
4 0.816061 0.816067
2 0.492067 6.5e-05
1 0.555079
3 0.661753 22
0 0.870359 ntpbr
1 0.685641
0 0.297162 kdtpi
4 0.197689 0.197692
0 0.302147 xriph
0 0.054161 vuaub
1 0.697541
0 0.052384 bfclu
0 0.970894 rubsn
3 0.787285 33
0 0.557489 jxwnw
0 0.503516 prhmh
2 0.230253 0.000931
2 0.699274 0.000241
1 0.497113
4 0.963717 0.963816
1 0.611363
2 0.252945 0.000383
4 0.666071 0.666111
1 0.363933
2 0.347259 0.000615
1 0.903496
3 0.73293 1
4 0.411217 0.411292
3 0.385115 17
0 0.442607 momnq
2 0.097555 0.000217
3 0.307998 28
4 0.087317 0.087324
3 0.787748 32
4 0.902813 0.902876
4 0.252188 0.252224
4 0.770625 0.770652
1 0.376112
4 0.661395 0.661491
2 0.077266 0.000903
0 0.091516 xkwbl
0 0.456854 qrodt
2 0.089527 0.0004
3 0.139584 33
2 0.841204 0.000461
3 0.661413 9
1 0.255031
2 0.449236 0.000548
1 0.566194
2 0.366356 0.000391
1 0.545403
1 0.875193
0 0.909883 hmqza
1 0.868997
1 0.152742
0 0.467951 mxfgv
4 0.900081 0.900093
3 0.425435 18
1 0.8533
2 0.950238 2.6e-05
4 0.460606 0.460606
1 0.624703
3 0.438489 44
1 0.033267
3 0.85039 47
4 0.178631 0.17867
0 0.595064 bmyug
1 0.476096
2 0.033842 0.000511
2 0.75553 0.000672
2 0.275125 0.000513
1 0.953868
1 0.88343
2 0.301624 0.00073
0 0.090511 yvtyz
2 0.164171 0.000127
0 0.759375 gjbgi
2 0.473058 6.6e-05
2 0.595615 6.7e-05
4 0.300005 0.300006
3 0.360776 31
4 0.451287 0.451331
1 0.466402
3 0.081496 42
4 0.873656 0.873722
1 0.703261
4 0.53617 0.536218
2 0.136236 0.000712
1 0.148228
2 0.360902 0.000501
0 0.721679 kvslt
3 0.488839 27
2 0.60312 0.000121
1 0.587997
4 0.183887 0.183957
4 0.713196 0.713202
4 0.856429 0.85643
1 0.10673
0 0.922844 ydcaj
3 0.769128 39
0 0.624895 lgsmk
4 0.50028 0.500378
4 0.034121 0.034168
0 0.418181 yteot
2 0.651922 0.000658
2 0.748977 0.000108
0 0.518106 bclps
2 0.571402 0.000776
1 0.139274
1 0.632674
2 0.404183 2e-06
3 0.478662 11
4 0.239199 0.23925
1 0.595277
4 0.81747 0.817508
2 0.77422 0.000631
0 0.541732 nmsqy
4 0.304551 0.30456
2 0.741653 0.00058
3 0.238875 41
2 0.478074 0.000344
0 0.369196 gdhan
4 0.323747 0.323752
4 0.371802 0.371868
4 0.873328 0.873415
3 0.270189 14
2 0.814629 0.000376
4 0.746923 0.746974
0 0.772292 tgxkg
4 0.620888 0.620917
2 0.614945 0.000895
3 0.61665 22
4 0.850779 0.850781
1 0.058907
2 0.61622 0.000389
1 0.879495
2 0.710909 0.000133
2 0.56114 0.000611
0 0.140092 ksstc
2 0.535501 0.000612
4 0.351511 0.351602
1 0.396359
1 0.364569
2 0.059008 5.6e-05
2 0.912457 0.000965
2 0.95148 0.000458
0 0.93808 hjcmf
2 0.704591 0.000841
4 0.371918 0.371922
1 0.499216
0 0.958104 ghrfv
3 0.770268 10
0 0.960742 xsdri
4 0.079764 0.079857
3 0.670761 9
1 0.395214
0 0.888337 enqie
2 0.749358 0.000587
4 0.424982 0.425054
4 0.482544 0.482591
1 0.750419
0 0.608817 lyvzd
1 0.296504
3 0.308962 24
1 0.754717
3 0.566584 9
4 0.459171 0.459177
0 0.15473 yfvgq
2 0.787661 0.000927
1 0.385009
2 0.209298 0.000507
3 0.683026 21
4 0.045091 0.045137
0 0.059842 siqjw
1 0.214589
2 0.81888 0.000898
1 0.517688
4 0.590071 0.590083
1 0.714333
3 0.892533 3
4 0.718105 0.718144
3 0.761503 2
4 0.022594 0.022643
3 0.490773 0
0 0.145048 nfibg
2 0.775794 0.000605
0 0.91452 mxnpt
0 0.10027 outsi
4 0.714169 0.714239
1 0.493761
3 0.256481 6
1 0.350779
4 0.074341 0.074392
0 0.139962 qhvek
1 0.325717
4 0.254226 0.254268
4 0.532622 0.532683
0 0.713596 lmomt
1 0.846657
3 0.493592 42
3 0.33089 21
4 0.65782 0.657871
0 0.883267 nkyjk
3 0.423633 48
2 0.838815 0.000156
2 0.154003 0.000359
4 0.921498 0.921508
2 0.327021 0.000554
1 0.148496
1 0.886265
1 0.163453
0 0.831811 gdgvo
4 0.269946 0.26999
4 0.661694 0.661705
4 0.851867 0.851889
2 0.25583 7.6e-05
1 0.153384
2 0.459958 0.000181
2 0.84713 0.000229
4 0.317927 0.317982
2 0.398767 0.00078
4 0.845666 0.845692
0 0.527018 liwyl
0 0.012217 pxqno
3 0.777419 19
2 0.263535 0.000648
3 0.581463 5
1 0.496582
0 0.846379 bzdfz
4 0.779656 0.779746
3 0.238456 18
0 0.978141 jrbnc
1 0.36862
4 0.841123 0.841135
1 0.587972
0 0.736186 iynft
4 0.644689 0.644721
3 0.219579 20
4 0.345374 0.345453
2 0.568859 0.000207
3 0.798416 27
4 0.578973 0.579
1 0.778037
4 0.587897 0.587935
3 0.719891 32
0 0.082007 rcgrx
4 0.9143 0.914344
2 0.622531 0.000678
1 0.880987
0 0.709302 rwhze
3 0.777111 11
3 0.061866 4
0 0.977294 girdb
2 0.801106 0.000735
4 0.974761 0.97484
0 0.502964 ynezi
0 0.643149 hqiyr
1 0.884018
4 0.522258 0.52234
4 0.956411 0.95648
0 0.757321 mtobq
2 0.629277 3.4e-05
0 0.357896 wuqej
3 0.363164 8
3 0.385699 35
0 0.488204 qdzjf
3 0.494891 21
0 0.137557 zemth
2 0.424281 0.000674
1 0.944821
1 0.521316
3 0.713359 41
2 0.739946 0.000498
1 0.0991
1 0.513185
3 0.43675 9
4 0.574307 0.574331
4 0.857493 0.857567
3 0.741077 20
2 0.521348 0.000841
3 0.042664 12
4 0.433307 0.433336
2 0.228805 0.000203
4 0.059843 0.059864
0 0.100698 tpbne
2 0.001281 0.00084
0 0.235271 cwfti
3 0.81384 6
4 0.741539 0.741543
1 0.626188
0 0.363484 yyqsc
2 0.098543 0.000699
1 0.663745
3 0.772665 7
1 0.06654
3 0.685427 40
1 0.988336
0 0.992075 xxyzk
0 0.868936 ahhzc
0 0.528406 eugtu
1 0.591477
2 0.947727 0.000256
4 0.176303 0.176395
4 0.566643 0.566653
0 0.604188 hfsfv
0 0.273048 qyjuq
4 0.882655 0.882745
3 0.931998 19
0 0.21184 ofasy
1 0.926221
4 0.65633 0.656386
1 0.29221
1 0.238258
0 0.301998 sojlj
1 0.15247
0 0.99885 kmamb
3 0.010596 21
3 0.57909 45
2 0.880653 0.000982
4 0.231283 0.231332
1 0.934358
0 0.822863 ovzsd
0 0.687853 lkzzi
2 0.922516 0.000387
1 0.538958
4 0.678893 0.678905
2 0.239227 0.000891
0 0.150177 hxoen
3 0.417984 20
2 0.352147 0.000213
0 0.873595 fiybg
1 0.092505
0 0.697032 rcbbn
2 0.114756 0.000131
3 0.130418 40
1 0.542746
3 0.121506 28
0 0.085072 jtylq
4 0.741403 0.741421
0 0.415361 ggnqn
4 0.757651 0.757749
0 0.991406 ppogg
1 0.529243
1 0.059464
0 0.621749 gabic
3 0.049435 27
3 0.561019 18
3 0.362825 19
1 0.805493
2 0.339424 0.000639
2 0.791215 0.00084
2 0.655274 0.000465
1 0.288843
3 0.589169 30
4 0.088081 0.088165
1 0.473558
2 0.63434 0.000726
2 0.513517 0.000446
4 0.84126 0.841297
2 0.076165 0.000896
0 0.221006 zurac
1 0.823591
1 0.696951
4 0.17229 0.172329
2 0.766667 0.000732
1 0.609061
4 0.455819 0.455909
2 0.217667 0.000816
4 0.172157 0.17224
0 0.044026 wpyjn
1 0.429442
3 0.08569 10
3 0.95285 0
0 0.385378 mpcns
4 0.834741 0.834748
3 0.265075 33
3 0.916415 9
0 0.354931 phhtv
4 0.033336 0.033377
3 0.893505 10
2 0.293306 0.000693
2 0.665279 0.000266
3 0.77127 7
1 0.023146
4 0.91985 0.919937
4 0.274781 0.274851
2 0.130862 0.000872
2 0.217749 0.000563
0 0.691828 ubety
2 0.205268 0.000178
0 0.49289 urgcw
2 0.429471 0.000953
1 0.704253
4 0.497693 0.49774
1 0.206259
0 0.88969 tmwoq
2 0.021848 0.000487
0 0.306027 kbtew
1 0.033621
0 0.989104 fstvm
3 0.892594 30
3 0.782284 47
1 0.402305
0 0.345231 qnumr
2 0.439788 0.000724
3 0.35288 12
1 0.665277
3 0.555783 48
4 0.491635 0.491643
4 0.88181 0.881854
3 0.881321 49
3 0.195909 16
4 0.763688 0.763696
1 0.566367
0 0.663144 pxqyc
3 0.985581 49
2 0.381094 0.000318
1 0.669202
2 0.01226 9.9e-05
3 0.201451 10
4 0.652722 0.65277
4 0.220754 0.220754
4 0.266815 0.266907
3 0.344846 39
0 0.640076 ykxae
2 0.127471 0.000603
0 0.89977 unkuh
0 0.052747 qvfrx
0 0.079308 bizvl
0 0.043472 qlipz
1 0.221115
4 0.644583 0.64462
0 0.56096 dlvmm
0 0.661471 dyjgl
0 0.133564 fhsng
4 0.921674 0.921709
0 0.659142 mnhem
4 0.945221 0.945283
4 0.139907 0.139995
4 0.356205 0.356251
4 0.140561 0.140614
1 0.790477
3 0.419494 13
0 0.595723 vslre
0 0.431349 xsiqk
2 0.721553 0.000313
0 0.064917 okbbl
0 0.641262 zmtqj
2 0.595736 0.000565
2 0.478563 0.00018
1 0.484575
2 0.664602 0.000401
0 0.890399 ewwry
4 0.869057 0.869116
1 0.299128
0 0.905326 mtfgl
4 0.452364 0.452372
3 0.970897 39
0 0.982457 opyqw
4 0.831354 0.831401
1 0.486643
4 0.972065 0.972159
3 0.741423 22
2 0.740844 0.000267
2 0.509415 0.000775
2 0.480312 0.000667
3 0.607208 10
2 0.023424 0.000405
2 0.08634 0.000628
0 0.08969 krhht
0 0.872689 phdcy
4 0.734245 0.73426
1 0.214557
4 0.246719 0.246774
2 0.654951 0.000593
1 0.426137
2 0.293444 0.000922
2 0.178067 0.000513
4 0.740898 0.740976
1 0.182077
2 0.345296 0.000316
1 0.079541
3 0.40208 0
2 0.565922 0.000324
1 0.048215
4 0.921927 0.921979
3 0.731724 26
0 0.426143 amuva
3 0.211672 44
4 0.192814 0.192849
2 0.111246 0.000286
2 0.414966 0.000206
1 0.470642
2 0.661783 0.000283
4 0.569321 0.56933
1 0.995464
1 0.705318
1 0.195581
1 0.521997
4 0.518874 0.518964
0 0.449062 ykqub
1 0.811729
2 0.478224 0.000308
0 0.059067 oiisy
3 0.729859 35
2 0.569713 0.000767
3 0.924939 42
3 0.472979 4
2 0.363426 0.000222
0 0.577188 rpmkn
4 0.518503 0.518556
2 0.200554 0.000216
3 0.104274 25
0 0.114617 thvki
1 0.551714
2 0.632955 0.000525
4 0.835617 0.83563
0 0.032856 tzdho
1 0.035638
0 0.974087 eollm
4 0.673036 0.673117
1 0.231096
2 0.939485 0.000125
4 0.418416 0.418491
1 0.660364
4 0.813499 0.813579
3 0.966406 3
2 0.836219 0.00049
3 0.309818 12
0 0.338107 pswvp
4 0.452769 0.452841
0 0.742131 igzlm
3 0.836195 20
3 0.211941 25
0 0.625876 rovxu
3 0.501358 32
3 0.014642 29
4 0.983764 0.983817
4 0.88119 0.881196
2 0.511754 0.000355
0 0.428226 marxu
1 0.428466
1 0.281639
0 0.21158 xcjrb
4 0.846426 0.846522
3 0.088673 48
3 0.28948 47
2 0.471187 0.000744
4 0.148913 0.148941
2 0.216904 0.000194
3 0.014895 10
2 0.450222 0.000737
2 0.232184 0.000413
1 0.344906
1 0.669203
2 0.958221 0.000408
4 0.896221 0.896288
3 0.267317 3
3 0.059411 35
2 0.02671 0.00097
4 0.247872 0.247936
2 0.21061 0.000226
1 0.228375
2 0.869158 0.000451
2 0.661236 2.5e-05
2 0.944347 0.000246
0 0.214998 eiizd
2 0.628513 0.000913
4 0.800612 0.800612
2 0.799199 0.000178
0 0.027574 zjluh
3 0.197777 36
0 0.658477 ugtua
3 0.418175 44
2 0.071631 0.000829
2 0.66022 0.000781
4 0.459419 0.459479
4 0.003345 0.003438
4 0.385207 0.385226
4 0.079217 0.079298
3 0.549401 14
3 0.385853 24
3 0.429982 2
0 0.787068 lxgwl
3 0.208603 36
1 0.982148
0 0.723632 vituo
4 0.482791 0.482797
0 0.345576 mczae
3 0.204228 31
0 0.221832 ernlw
3 0.728377 39
0 0.020612 cmsnr
4 0.804713 0.804714
2 0.45261 0.000147
1 0.815806
1 0.202729
4 0.696604 0.696703
1 0.012068
3 0.000383 4
3 0.944772 15
0 0.651798 ucoqa
1 0.191233
2 0.190952 0.000421
1 0.0463
2 0.463497 0.000335
2 0.814049 0.000553
3 0.441048 29
3 0.03314 3
3 0.921978 3
3 0.472139 36
1 0.358505
2 0.573999 3.7e-05
2 0.922706 0.000179
2 0.279098 0.000676
4 0.548097 0.548122
4 0.051327 0.051352
1 0.018665
1 0.787149
2 0.649524 0.000465
0 0.121663 pxpgp
0 0.514193 ijuka
1 0.505918
2 0.983066 0.00077
1 0.864029
3 0.471677 23
4 0.470789 0.470859
3 0.540607 3
4 0.881375 0.881448
3 0.811657 18
3 0.311451 17
0 0.224429 cvmvx
0 0.861183 tvjpz
2 0.211521 0.000117
0 0.616742 hfnka
1 0.932424
2 0.93495 0.000343
2 0.159379 0.00096
2 0.423894 0.000506
0 0.029692 gijcp
4 0.15082 0.150874
3 0.0669 46
3 0.291034 37
1 0.022927
1 0.175733
0 0.197983 sduwn
1 0.266629
3 0.948515 18
1 0.03586
3 0.889733 15
1 0.472985
1 0.970972
0 0.41145 zegbh
4 0.691084 0.69111
3 0.339907 12
4 0.122888 0.122943
4 0.754957 0.754986
0 0.49387 mojho
0 0.247485 nguja
2 0.556675 0.000499
2 0.268812 0.000825
0 0.125071 jlyzi
2 0.225876 0.000153
4 0.011736 0.011759
1 0.286034
4 0.490757 0.490804
4 0.243078 0.243131
0 0.511513 ebkcu
4 0.022649 0.022723
0 0.413329 rwbyz
4 0.429039 0.429136
4 0.702982 0.703014
4 0.193739 0.193818
0 0.385358 lgviu
1 0.876588
2 0.670324 0.000269
1 0.31792
3 0.039465 36
1 0.114546
4 0.790589 0.790673
1 0.686073
0 0.315221 tmqay
2 0.764805 0.000802
0 0.98226 wgvkm
0 0.664433 ukthi
0 0.97201 cuvlk
3 0.345234 39
3 0.991208 16
3 0.982617 4
1 0.574112
4 0.467698 0.467727
1 0.383033
4 0.743094 0.743171
0 0.691395 xmnbr
0 0.249948 ulrmt
2 0.642016 0.000768
4 0.76987 0.769899
2 0.546244 0.000427
3 0.345194 6
4 0.56295 0.563021
1 0.636397
1 0.979713
1 0.956857
4 0.69167 0.691708
2 0.063727 0.000661
2 0.705743 0.000429
1 0.475613
0 0.23323 nfyzl
3 0.058998 1
2 0.692852 0.000448
3 0.596571 5
4 0.276705 0.276767
3 0.543443 45
1 0.081789
0 0.302225 wnuva
1 0.646425
1 0.960571
0 0.456577 wboas
1 0.036352
0 0.137076 nhlqo
0 0.532964 ggimk
2 0.662076 0.000667
2 0.511862 0.000238
2 0.497493 0.00076
4 0.654452 0.654533
1 0.795066
2 0.863101 0.000142
4 0.022403 0.022418
1 0.171922
0 0.028126 lithk
4 0.08334 0.083378
4 0.352328 0.352409
4 0.655824 0.655865
0 0.211696 mysxo
3 0.898955 27
0 0.676289 scglp
3 0.683774 40
2 0.767114 0.00013
1 0.661309
0 0.628805 tiydy
4 0.78476 0.784846
0 0.05066 mjjxn
3 0.155199 6
0 0.172079 fsjnp
0 0.934227 hvuhq
2 0.107814 0.000819
2 0.467 0.000561
3 0.241494 30
1 0.566402
1 0.250527
1 0.55417
1 0.490298
4 0.89891 0.898987
3 0.566039 22
0 0.783181 mrthb
2 0.336656 0.000575
2 0.094502 0.000605
3 0.786779 25
0 0.363823 okbgd
4 0.338683 0.338767
2 0.510416 0.000108
0 0.293597 rbudj
0 0.429613 tnjyu
1 0.772266
0 0.869536 rcbdq
3 0.155195 28
2 0.665612 8.6e-05
4 0.959209 0.959245
4 0.982145 0.982209
1 0.835108
3 0.767073 23
1 0.110671
4 0.780579 0.780655
1 0.801099
4 0.62037 0.620387
4 0.291917 0.292012
4 0.957529 0.957563
3 0.433091 22
0 0.123981 elrvz
4 0.749789 0.749858
3 0.04672 45
1 0.696836
0 0.774385 gtzfc
2 0.418596 0.000144
2 0.26911 0.000144
2 0.253877 0.000496
3 0.481602 9
2 0.4764 0.000296
3 0.787261 16
3 0.98906 23
0 0.65276 xfkky
0 0.915021 biohz
2 0.040933 0.000352
2 0.03599 0.00064
4 0.107893 0.107955
1 0.400117
0 0.997964 aojav
2 0.661542 0.000301
2 0.714968 0.000117
4 0.545016 0.545088
3 0.58595 26
2 0.14119 0.00069
2 0.17283 0.000351
2 0.424779 0.000825
1 0.619132
1 0.940333
4 0.449787 0.449882
1 0.797441
2 0.497471 0.000543
2 0.368491 0.000867
0 0.470793 tqjqe
3 0.634289 21
3 0.981447 22
0 0.363433 vuthr
1 0.641562
3 0.818162 37
3 0.454844 28
3 0.002646 23
4 0.309719 0.309754
1 0.779463
1 0.337679
0 0.16428 qynxw
1 0.203138
2 0.384976 0.000441
3 0.102436 11
4 0.452316 0.452365
1 0.272989
0 0.130489 vftvn
3 0.086122 17
3 0.618251 49
0 0.733019 rwwmh
2 0.793174 0.00033
4 0.060069 0.060115
3 0.03324 1
3 0.047235 28
2 0.33501 0.000414
3 0.383696 28
0 0.552564 fibxf
3 0.587954 14
1 0.755587
3 0.799032 35
3 0.644994 23
4 0.137798 0.137805
0 0.661403 aohoo
0 0.403951 bhdla
0 0.101362 zzpai
3 0.845548 4
4 0.460122 0.460196
2 0.922032 4.4e-05
3 0.856321 11
4 0.155994 0.155995
4 0.559945 0.559958
0 0.833899 kglau
2 0.880886 0.000588
2 0.001612 0.000292
1 0.627586
2 0.758059 0.000119
1 0.767103
0 0.247059 tbked
0 0.783392 aunoo
2 0.016354 0.000282
0 0.029942 tohco
4 0.019271 0.019283
2 0.171593 0.000245
1 0.048307
0 0.241496 gaesy
1 0.084025
2 0.803346 0.000457
1 0.84651
1 0.042153
3 0.94273 46
2 0.962001 0.000459
1 0.78108
3 0.140129 1
2 0.88271 1e-06
0 0.084484 gicdr
4 0.187027 0.187038
4 0.835878 0.835885
3 0.081343 28
4 0.670482 0.670571
2 0.451562 0.000983
2 0.044239 0.000845
0 0.945333 lgdsx
3 0.801325 45
2 0.989614 0.000427
1 0.043773
0 0.963698 rzuxg
3 0.95727 49
3 0.114362 49
0 0.120505 rlrjz
1 0.974539
4 0.395741 0.395767
0 0.43852 felxy
1 0.09865
1 0.073151
0 0.948746 cleue
1 0.038453
1 0.943803
2 0.846489 0.000298
2 0.665449 0.000258
3 0.491794 44
0 0.798188 aapvt
4 0.871477 0.871523
0 0.772907 hekwr
3 0.658536 8
2 0.099659 0.000708
1 0.28146
4 0.159309 0.159315
3 0.01175 35
0 0.883435 nbczd
4 0.699116 0.699132
3 0.735256 18
0 0.58401 stshn
3 0.191257 33
4 0.060462 0.060519
1 0.661923
2 0.704726 0.00071
4 0.037393 0.037467
1 0.7726
1 0.947681
1 0.813699
1 0.151158
2 0.758327 0.00093
4 0.801197 0.801289
3 0.090705 11
0 0.431262 ptbnd
1 0.446949
0 0.352562 ufwio
0 0.522513 xfcim
0 0.412587 jyjud
4 0.516423 0.516501
3 0.925979 34
4 0.88928 0.889296
4 0.772689 0.772728
0 0.67723 jdezr
4 0.142066 0.14207
1 0.071005
0 0.071147 quqkq
0 0.868498 twkvu
3 0.765796 2
0 0.959378 zumqp
1 0.273406
0 0.267292 gglwn
3 0.418594 6
2 0.220334 0.000348
3 0.688499 16
3 0.437742 14
2 0.968659 4.2e-05
4 0.345482 0.345545
2 0.03339 0.000855
0 0.377802 egmax
2 0.835634 0.00067
0 0.651852 zraho
1 0.38483
4 0.893578 0.893628
4 0.366045 0.366079
4 0.785967 0.785992
2 0.989534 0.000779
1 0.148185
2 0.238239 0.000244
4 0.329189 0.329237
2 0.755192 4e-05
3 0.323712 36
4 0.08194 0.081966
2 0.667214 0.000223
3 0.602471 41
0 0.027583 bsuen
1 0.181551
3 0.804858 38
3 0.789502 28
3 0.629566 17
4 0.462814 0.462823
0 0.189641 kxkth
4 0.588534 0.588607
4 0.593159 0.593214
0 0.774711 cbjun
3 0.93634 28
3 0.565906 47
3 0.801228 14
3 0.545134 32
2 0.816239 4.2e-05
3 0.631278 29
1 0.407554
3 0.418009 46
3 0.142615 33
0 0.309538 gmvdp
2 0.029105 0.000127
0 0.280171 xxlgg
0 0.741519 hpdel
3 0.992755 9
3 0.974541 0
4 0.892666 0.892689
3 0.376698 41
0 0.588526 gyajm
3 0.720979 30
1 0.797706
1 0.13868
3 0.749682 1
1 0.035828
1 0.286115
1 0.125997
3 0.845066 46
4 0.508006 0.508009
0 0.172395 dglag
0 0.765204 rsfah
1 0.530972
4 0.665449 0.665548
0 0.951564 dagjg
4 0.4916 0.491654
3 0.252847 24
1 0.545762
1 0.683868
3 0.543145 24
1 0.782047
4 0.221526 0.22159
0 0.140725 nohfe
4 0.376069 0.376092
0 0.16364 mifnj
1 0.847203
1 0.334946
1 0.770957
4 0.700015 0.700098
0 0.921542 jsdcn
4 0.846416 0.846429
4 0.401828 0.401882
4 0.693211 0.693262
2 0.674367 0.00052
3 0.466168 7
1 0.566562
1 0.008185
4 0.395746 0.395773
0 0.839118 amosz
2 0.848948 0.000982
1 0.740978
0 0.810991 crhjk
0 0.82174 inmoj
2 0.446237 0.000303
2 0.285355 0.00065
4 0.841708 0.841768
4 0.221308 0.22132
2 0.115396 0.000749
2 0.44274 0.000629
2 0.519603 0.000423
0 0.497297 iqdjg
3 0.343446 27
0 0.473448 pyntb
3 0.914868 45
0 0.546617 mmpjx
0 0.139403 mzbjq
3 0.416831 48
1 0.453959
3 0.52174 44
1 0.090089
4 0.58867 0.588755
4 0.21859 0.218674
2 0.724299 0.000461
4 0.749611 0.749623
1 0.153748
4 0.880988 0.881041
4 0.890192 0.890243
3 0.344151 37
3 0.924047 43
4 0.681152 0.681235
3 0.423763 17
0 0.214882 jpnku
0 0.232077 tqyxa
0 0.960562 zljnu
3 0.887645 14
0 0.301947 shbkz
4 0.029325 0.029363
0 0.745256 uteuw
2 0.114626 4.7e-05
4 0.411091 0.411103
2 0.691678 0.000637
1 0.398347
3 0.765093 39
1 0.328938
2 0.680578 0.000664
3 0.36336 12
1 0.767735
4 0.814034 0.81404
3 0.92866 3
4 0.856103 0.856169
1 0.853824
0 0.392195 xcuhb
3 0.018056 7
0 0.873889 kmrrn
0 0.889957 oyncw
1 0.805233
4 0.713875 0.713878
1 0.622422
4 0.186857 0.18692
3 0.851984 43
2 0.740966 0.000707
0 0.58716 ogzsr
1 0.950271
4 0.925545 0.925564
2 0.410697 0.000704
3 0.800885 47
2 0.391367 0.000762
2 0.759703 0.000756
4 0.473744 0.473788
0 0.308803 husic
2 0.124134 0.000583
2 0.219525 0.000727
2 0.608229 0.000688
2 0.952637 0.000198
4 0.982466 0.982483
2 0.588359 0.000455
1 0.370851
0 0.518872 zqsqu
0 0.418691 zncmk
3 0.316537 5
1 0.787628
3 0.994511 10
2 0.599682 0.000832
4 0.922137 0.922138
1 0.995755
3 0.982478 38
1 0.981128
1 0.039699
4 0.598659 0.598683
4 0.320013 0.320074
1 0.085566
0 0.278345 dntsj
4 0.768092 0.768136
0 0.763847 qyudv
1 0.608531
3 0.345477 6
3 0.637838 17
0 0.543596 nniei
4 0.568206 0.56822
4 0.927726 0.927732
0 0.309166 dnpiv
4 0.7392 0.739213
3 0.057025 19
2 0.211215 0.000538
4 0.271164 0.271256
4 0.788007 0.78803
0 0.002484 qlwyr
3 0.2644 45
4 0.201424 0.201456
0 0.746978 rcxka
1 0.309004
3 0.412048 16
1 0.525944
1 0.888031
0 0.51662 rwezl
1 0.345264
2 0.772246 0.000292
2 0.238383 0.00049
1 0.761545
1 0.301484
4 0.059063 0.059075
2 0.914876 0.000657
0 0.802907 utgnu
1 0.146397
3 0.328404 11
0 0.191009 avynq
3 0.465503 12
2 0.310095 0.000732
4 0.637204 0.637212
3 0.47845 16
4 0.033835 0.033934
4 0.97362 0.973662
3 0.198031 49
1 0.227393
1 0.649299
1 0.246601
3 0.762469 41
0 0.588916 tsfdf
3 0.92585 6
2 0.494588 2.7e-05
2 0.012478 0.000343
1 0.549338
2 0.126424 3.9e-05
1 0.621563
4 0.034039 0.034078
2 0.522235 0.000777
4 0.227815 0.227817
3 0.076032 27
0 0.492541 qzswv
3 0.871602 12
1 0.384952
1 0.698557
0 0.754465 kkqmg
3 0.463585 14
3 0.624187 4
1 0.787156
4 0.404173 0.40426
4 0.010891 0.010898
1 0.917305
0 0.430543 uiymd
3 0.800962 1
4 0.823965 0.824001
0 0.993159 okpye
1 0.507824
1 0.482895
1 0.691377
0 0.092765 qflih
4 0.227595 0.227692
2 0.626534 0.000548
3 0.4505 36
1 0.345095
0 0.675053 rjnsf
0 0.988798 eoyvm
4 0.529283 0.529296
2 0.577967 0.00066
4 0.14804 0.148117
2 0.9057 0.000778
3 0.582813 23
0 0.257866 bgfkx
3 0.154548 36
3 0.246675 25
4 0.353215 0.353307
4 0.995876 0.995932
3 0.781423 20
0 0.01747 wzcfi
0 0.124189 bijbz
3 0.80909 26
4 0.263592 0.263643
1 0.616807
0 0.260412 xehpt
0 0.058939 aiphm
3 0.253462 25
1 0.6311
2 0.695413 0.000873
2 0.282039 1.5e-05
1 0.309368
2 0.493868 0.000506
0 0.877113 xbgpr
0 0.714758 agwqg
0 0.97074 qctnm
4 0.497397 0.497495
3 0.396871 37
3 0.58273 28
1 0.679047
4 0.668677 0.668721
1 0.782152
0 0.529415 fhmqz
2 0.149904 0.000891
2 0.598993 0.000446
0 0.971746 witae
2 0.191556 0.000455
4 0.366391 0.366393
3 0.817145 34
0 0.34656 fecav
4 0.516923 0.516975
4 0.804922 0.804936
2 0.641134 0.000984
3 0.427738 33
2 0.454651 0.00043
4 0.15024 0.150261
1 0.566551
1 0.149879
2 0.849763 0.000681
1 0.535224
3 0.697614 26
2 0.140235 0.000249
1 0.011454
3 0.285261 43
1 0.01796
4 0.515698 0.515712
1 0.85357
3 0.872916 46
4 0.20294 0.203001
2 0.383631 0.000486
0 0.081245 dpeje
4 0.418222 0.418302
1 0.245582
2 0.300217 0.000281
2 0.860653 0.000152
0 0.187066 qdass
0 0.301516 plujz
4 0.261344 0.261424
4 0.712172 0.712266
1 0.602193
2 0.918564 0.00041
0 0.34496 ofvon
3 0.241793 21
4 0.569415 0.56945
0 0.494635 rscbf
0 0.096123 yprlc
1 0.805534
4 0.002363 0.002454
3 0.45352 46
1 0.928088
4 0.580779 0.580854
2 0.588139 0.000927
2 0.815128 0.00076
3 0.425595 33
2 0.616157 0.00063
0 0.148747 rjivp
1 0.847249
1 0.512357
3 0.480008 36
0 0.453167 nulbh
4 0.555842 0.555855
0 0.302047 qqzta
4 0.328633 0.328668
2 0.308356 0.000136
0 0.417324 zmqjn
1 0.352433
2 0.497555 0.000902
3 0.327071 37
3 0.851794 31
3 0.982223 22
2 0.762268 0.000312
3 0.247069 42
2 0.173868 0.000585
3 0.587553 15
4 0.454404 0.454404
3 0.242217 16
2 0.418161 0.000706
4 0.111399 0.111438
2 0.609975 0.000561
2 0.372243 0.000225
0 0.920198 nomte
3 0.588647 37
0 0.475444 fresd
3 0.120748 19
2 0.7485 0.000208
1 0.358475
1 0.588551
3 0.167268 41
4 0.732911 0.73295
2 0.521139 0.000852
4 0.234934 0.235023
1 0.08186
3 0.450932 44
4 0.092484 0.092578
4 0.097603 0.097624
1 0.036786
1 0.139678
3 0.400216 22
4 0.754875 0.754888
1 0.526105
0 0.76669 vmtan
3 0.425112 12
4 0.33483 0.334888
2 0.180551 0.000924
0 0.273342 rzokj
3 0.2139 4
4 0.66188 0.661924
0 0.477876 kzdtr
1 0.464412
2 0.747957 0.000242
1 0.663906
4 0.059383 0.059442
4 0.335594 0.335604
0 0.411023 tofzn
3 0.462808 30
4 0.970797 0.970818
3 0.869158 37
4 0.927265 0.927296
2 0.591171 0.000425
4 0.207812 0.207878
0 0.684468 plzaw
2 0.08571 0.000867
4 0.985632 0.985691
1 0.785105
4 0.261818 0.261864
2 0.313855 0.00047
2 0.588545 0.000264
4 0.60066 0.600742
1 0.801481
3 0.489679 36
3 0.73555 33
3 0.588099 32
1 0.465161
0 0.633476 lnbsh
0 0.836354 xdaxo
2 0.883739 0.000682
3 0.344888 15
4 0.799422 0.79947
2 0.145809 0.00075
1 0.994181
4 0.469664 0.469721
1 0.172393
3 0.820078 17
4 0.403063 0.403135
3 0.100974 39
4 0.819656 0.819695
4 0.211509 0.211596
2 0.146204 0.000389
4 0.828306 0.828384
0 0.97557 gqexw
0 0.675515 mlvmw
1 0.011983
4 0.292438 0.292518
0 0.211814 kqfxi
2 0.295398 0.000738
4 0.787321 0.787401
1 0.384627
2 0.551852 0.000262
1 0.918275
4 0.652733 0.652745
2 0.429032 0.000453
1 0.086291
2 0.783021 0.000102
2 0.250113 0.000163
2 0.061863 0.000901
1 0.849184
2 0.5951 0.000607
3 0.903522 21
0 0.821798 vgwjk
0 0.216108 lxnqi
3 0.238612 38
1 0.88139
2 0.083086 9.6e-05
2 0.551747 0.000767
1 0.330601
4 0.589923 0.589954
2 0.841083 4.2e-05
2 0.359064 0.000502
3 0.465264 47
2 0.387189 0.000795
1 0.559227
1 0.922774
2 0.392567 0.000219
4 0.460666 0.460752
0 0.791267 nrmbk
3 0.251417 15
1 0.124495
3 0.762816 45
2 0.235612 0.000237
2 0.65762 0.000771
3 0.288743 38
0 0.847299 rnlod
3 0.201997 18
2 0.453414 0.000183
0 0.580247 trdim
3 0.560331 2
2 0.714208 4.7e-05
4 0.360467 0.360477
4 0.0944 0.094463
4 0.135953 0.135998
1 0.839457
4 0.661246 0.661321
1 0.517307
3 0.550879 3
4 0.352792 0.35283
2 0.737647 0.000842
0 0.081697 rvotb
0 0.632175 fqhfd
4 0.931785 0.931796
4 0.105348 0.105366
4 0.172579 0.172602
0 0.035828 tzntg
2 0.435329 0.00091
4 0.026378 0.026402
4 0.174906 0.174997
1 0.171055
0 0.787937 zvywl
4 0.319371 0.319373
2 0.631184 0.000382
3 0.056192 47
1 0.681593
1 0.309189
1 0.70938
3 0.118882 23
4 0.289937 0.289975
3 0.111433 40
3 0.114408 2
1 0.161015
2 0.867223 0.000551
1 0.226848
0 0.316838 tcajj
1 0.098491
0 0.547452 kmmnp
2 0.303413 0.000436
4 0.661409 0.661449
0 0.338776 xcbed
0 0.03378 jgvkp
2 0.159827 0.000505
4 0.127368 0.127383
1 0.954333
0 0.675468 sxkpy
4 0.022579 0.022593
4 0.83643 0.836471
4 0.890366 0.890423
1 0.054665
2 0.201371 0.000302
1 0.594944
4 0.520174 0.520272
4 0.466132 0.46615
4 0.199877 0.199941
0 0.926611 bptqx
3 0.191237 14
0 0.059251 thikn
0 0.251292 rqnfp
1 0.066744
3 0.953828 9
3 0.344824 41
1 0.221245
4 0.606379 0.606384
3 0.864545 27
4 0.177376 0.177396
4 0.022514 0.022519
3 0.572991 24
4 0.740745 0.740772
4 0.674553 0.674561
0 0.358978 qliuu
1 0.491525
2 0.860714 0.000786
2 0.554442 0.000358
3 0.834303 41
4 0.39816 0.398212
1 0.032967
4 0.408717 0.408725
2 0.787309 0.000886
4 0.905816 0.905859
2 0.295606 0.000796
1 0.691227
4 0.136442 0.13652
3 0.545152 48
1 0.739096
2 0.455746 0.000448
3 0.385098 0
2 0.535781 0.000672
1 0.175668
4 0.820629 0.820692
3 0.116235 9
2 0.124257 0.000851
4 0.012958 0.012992
3 0.568656 22
4 0.384268 0.384339
2 0.549139 0.000106
2 0.309693 0.000794
1 0.718609
2 0.11578 0.000239
2 0.34615 0.000474
1 0.544147
2 0.211045 0.000264
3 0.989527 28
1 0.379951
4 0.83001 0.830032
2 0.379149 0.000229
1 0.588334
0 0.626618 odejm
1 0.005312
0 0.6654 tjwgn
1 0.78042
0 0.714232 lgvwr
2 0.761027 0.000515
1 0.800335
0 0.129498 djbus
4 0.805838 0.805927
0 0.124023 mgcnl
2 0.657593 0.000103
4 0.629014 0.629083
3 0.888629 46
0 0.72388 pmutr
4 0.03583 0.035921
1 0.298757
1 0.362312
1 0.399044
0 0.542609 uhavc
2 0.172328 0.00085
0 0.441726 wijhw
3 0.617065 4
1 0.153294
2 0.463154 5.1e-05
3 0.081369 49
4 0.714936 0.714958
1 0.121821
3 0.817673 27
0 0.051871 xigqk
2 0.588627 0.000503
3 0.992518 49
1 0.455673
0 0.916101 foodf
4 0.587214 0.587221
1 0.922396
0 0.062804 tjktz
1 0.317177
0 0.376091 xjqyy
0 0.674382 hapqk
0 0.086445 bssyd
0 0.303074 jndhu
1 0.93128
4 0.388023 0.388089
1 0.924205
2 0.869031 0.000462
0 0.15592 xihqf
0 0.83431 wnjcq
4 0.492516 0.492614
1 0.989459
1 0.079512
4 0.136842 0.136863
3 0.751826 12
3 0.021288 32
0 0.186073 lwdzy
1 0.098397
3 0.280762 1
4 0.451712 0.451765
1 0.160653
1 0.460797
4 0.059738 0.059774
2 0.996655 0.000616
2 0.88769 0.000716
0 0.247624 yuqkj
1 0.154024
4 0.741714 0.741765
0 0.048726 ejgpq
4 0.075842 0.075909
1 0.94166
0 0.447059 faelt
3 0.081465 12
0 0.024274 vawmd
1 0.585134
0 0.490821 ktfwz
0 0.834096 nqucu
4 0.841221 0.841225
2 0.719737 0.000618
3 0.260363 3
2 0.268479 0.00081
0 0.679445 pjmrk
4 0.148209 0.148306
3 0.827621 3
0 0.163678 irqgb
1 0.561766
0 0.705596 ftrnu
3 0.522185 25
0 0.749787 ooeij
2 0.954895 0.000577
2 0.118573 0.000767
3 0.981002 46
0 0.34472 wyucf
1 0.580607
0 0.723261 cmxqh
1 0.769212
0 0.627885 jrnqx
4 0.022402 0.022454
3 0.413996 25
2 0.410393 0.000921
1 0.013751
2 0.38757 0.000868
1 0.345005
1 0.731498
1 0.553704
4 0.607804 0.607855
2 0.013619 0.000102
3 0.781954 37
0 0.60524 lqmgn
3 0.300479 7
1 0.720347
3 0.013219 12
1 0.191203
2 0.074821 0.000549
3 0.364388 18
0 0.787187 yapbl
3 0.195747 12
3 0.124148 7
4 0.995425 0.995432
0 0.008644 pljun
4 0.962803 0.962875
4 0.843543 0.843635
0 0.124521 ddmld
1 0.277704
2 0.933905 0.000223
4 0.862531 0.862531
1 0.949631
2 0.190866 0.000574
3 0.295531 27
3 0.715875 22
0 0.305192 dmcqj
3 0.239881 28
4 0.588646 0.588707
2 0.419833 0.000514
0 0.369464 mjkwr
2 0.219802 0.000571
0 0.935678 agykv
2 0.114129 0.000144
0 0.239762 iyfiw
1 0.598758
2 0.102713 0.000973
0 0.607439 kpfli
3 0.247019 47
1 0.955134
1 0.646729
4 0.513972 0.513998
0 0.270086 psffu
0 0.36343 bkoqb
1 0.274927
2 0.074731 4e-06
0 0.472225 wakkz
1 0.471882
1 0.588688
3 0.841821 39
0 0.158571 qpaan
1 0.041623
0 0.659699 bgufc
1 0.741513
2 0.555388 0.000956
1 0.898564
2 0.386673 4.8e-05
2 0.228495 0.000789
3 0.982197 7
4 0.650376 0.650474
4 0.680761 0.680858
1 0.503633
2 0.224367 0.000554
0 0.08187 axmqs
3 0.061723 47
0 0.80657 qlosm
0 0.685615 kosrg
0 0.442905 zttoa
4 0.139803 0.139834
1 0.749185
4 0.488399 0.488481
4 0.294969 0.295037
0 0.52131 nvjes
0 0.211252 xuped
3 0.084463 49
0 0.352442 wjazo
0 0.063155 bdjzp
3 0.309008 11
4 0.247006 0.247044
0 0.99501 gzqvc
4 0.706513 0.706585
1 0.686601
0 0.639622 gzorw
0 0.841623 rpcuo
3 0.576952 11
0 0.088314 autut
3 0.860161 22
0 0.546762 sgecp
4 0.423815 0.423906
0 0.714454 woxcv
2 0.588435 0.00017
3 0.301066 46
2 0.938362 0.000997
1 0.490759
3 0.661699 37
4 0.939557 0.939582
0 0.3505 gpzao
4 0.975123 0.97518
3 0.033567 28
0 0.528021 zxise
2 0.477593 0.000698
2 0.655644 0.000187
3 0.595201 12
4 0.662146 0.662243
2 0.706093 0.000844
0 0.62015 lydxi
2 0.470341 0.000356
4 0.969429 0.969458
2 0.714865 0.000996
3 0.842045 29
2 0.872609 0.000915
1 0.588122
1 0.708375
4 0.423631 0.423702
1 0.376695
3 0.959256 27
2 0.945949 3.5e-05
4 0.915379 0.915395
1 0.059288
2 0.372209 0.00079
2 0.164781 0.0004
4 0.935759 0.935833
0 0.644135 aneav
4 0.840984 0.841067
1 0.900552
0 0.025855 ktztb
3 0.73788 37
4 0.952634 0.952655
1 0.522658
1 0.208367
1 0.919067
1 0.880185
2 0.665772 0.000242
3 0.140101 25
3 0.518041 8
0 0.728136 kjwlj
0 0.091131 uejwz
1 0.048877
0 0.691206 fhowp
1 0.392707
3 0.586929 0
3 0.228616 36
0 0.445433 cuwfm
2 0.423918 2e-06
4 0.775255 0.775278
0 0.01091 hrcab
3 0.137718 10
3 0.241 10
3 0.079565 4
3 0.104424 44
3 0.63061 11
0 0.852584 sulph
3 0.988458 47
3 0.384968 42
0 0.475801 fzfbm
1 0.43575
3 0.311072 26
2 0.69985 0.000489
1 0.85404
0 0.657266 zqldq
2 0.014685 0.000473
1 0.89868
0 0.488414 vvmnu
1 0.782185
3 0.95973 16
2 0.938023 0.000553
0 0.085905 oyzbs
1 0.501459
0 0.172178 mnrzr
1 0.073118
0 0.117732 ybcaq
4 0.872806 0.872839
2 0.199629 0.00079
3 0.211775 36
3 0.851229 23
2 0.151513 0.00012
3 0.471878 35
2 0.823635 0.000476
3 0.190818 38
0 0.775417 opmkg
0 0.912675 piadm
4 0.336745 0.336779
3 0.488258 6
2 0.059241 0.000124
4 0.141854 0.141888
2 0.798863 0.000325
2 0.090632 0.000325
4 0.255208 0.255219
0 0.033673 evtve
0 0.815638 lbimk
3 0.825954 41
2 0.967808 2.8e-05
1 0.283023
3 0.309575 5
1 0.012241
0 0.280982 cpmju
1 0.309059
3 0.246964 7
3 0.497423 48
4 0.005619 0.005625
4 0.740647 0.740746
0 0.989 dilxh
2 0.20846 1.3e-05
2 0.741416 0.000199
4 0.434682 0.434709
3 0.96504 36
3 0.785357 14
2 0.431628 0.000433
0 0.922197 gdovg
0 0.760361 yzsht
2 0.845465 0.000572
3 0.280147 1
1 0.761539
4 0.841187 0.841273
1 0.749887
1 0.056936
3 0.035427 2
1 0.274357
2 0.522246 0.000955
1 0.110867
1 0.763635
2 0.334261 0.000559
2 0.130761 0.000811
1 0.78224
1 0.828256
4 0.966777 0.966872
2 0.540065 0.000463
4 0.088868 0.088884
4 0.172136 0.172229
2 0.724565 0.000712
1 0.004552
4 0.897799 0.897811
2 0.02856 0.000275
0 0.139815 grsrq
1 0.965013
0 0.414905 srlel
0 0.540726 dqsao
0 0.726373 skuuj
1 0.714677
1 0.263428
1 0.313841
4 0.556629 0.556666
1 0.126862
1 0.148327
3 0.187173 35
1 0.408964
4 0.180253 0.180254
3 0.878172 47
4 0.85403 0.854123
4 0.117541 0.117595
2 0.709157 0.000196
3 0.782139 35
1 0.909001
1 0.846551
0 0.258974 veogz
1 0.386717
3 0.25029 38
3 0.404765 10
1 0.371749
3 0.923013 17
3 0.705152 2
0 0.130505 wdccq
1 0.118002
4 0.588492 0.588507
1 0.57045
2 0.582145 0.000823
3 0.162107 40
4 0.859611 0.859622
0 0.522631 wtqem
2 0.33694 0.000155
0 0.314573 tpiwg
3 0.692253 10
1 0.79075
0 0.800652 lokrh
0 0.813053 oqdsx
2 0.61985 0.00084
3 0.450775 48
2 0.927272 0.000845
1 0.840775
1 0.751849
2 0.853304 5.9e-05
1 0.133792
0 0.054647 qthrg
1 0.344762
4 0.228715 0.228765
4 0.67949 0.679538
1 0.606762
0 0.281553 xgoye
0 0.308979 pnhwh
3 0.236045 21
4 0.763222 0.763257
0 0.137311 gvdvk
4 0.808607 0.808688
4 0.139753 0.139769
4 0.443861 0.443892
2 0.321943 0.000738
0 0.771024 kgbdx
4 0.824382 0.824428
1 0.841058
4 0.288541 0.288601
0 0.613501 hzmrt
1 0.690749
1 0.314209
2 0.011796 0.000206
3 0.942194 31
3 0.278304 31
1 0.391702
2 0.900652 0.000751
1 0.78754
3 0.413145 47
0 0.446208 llmmi
1 0.449605
2 0.787895 0.000112
0 0.309524 xccuu
2 0.762792 0.000768
4 0.544105 0.544117
2 0.678713 0.00091
1 0.953509
3 0.098716 19
1 0.8441
4 0.939925 0.939973
3 0.322021 6
4 0.061 0.06104
4 0.521827 0.521914
2 0.521842 0.000608
2 0.701606 0.000181
3 0.810868 4
4 0.849986 0.849986
3 0.491188 43
0 0.706447 kuasn
0 0.54579 wjdgx
0 0.951259 slmlk
1 0.729966
2 0.566015 0.000916
2 0.586879 0.000211
4 0.809679 0.809734
0 0.354499 uvqvx
2 0.700422 0.00036
2 0.491117 0.000443
2 0.419162 0.000863
4 0.149128 0.149163
4 0.913046 0.91309
2 0.182635 0.000676
0 0.690983 ihwsm
4 0.938538 0.938619
1 0.357898
0 0.996936 ddliz
4 0.337335 0.337434
1 0.079322
1 0.395981
2 0.939481 0.000553
4 0.979869 0.979915
0 0.337765 vfhoz
3 0.171646 1
1 0.522896
2 0.57156 0.000842
2 0.388211 0.000524
3 0.601557 0
1 0.363686
1 0.277313
3 0.826994 28
1 0.780788
4 0.802315 0.802334
1 0.371914
2 0.967504 0.000679
3 0.312718 41
0 0.478915 ukigy
1 0.987603
0 0.847159 ysakw
3 0.777419 3
2 0.060315 0.000706
0 0.820727 oohjk
4 0.870899 0.870911
1 0.714952
0 0.851327 xmxzn
0 0.190744 yoffp
4 0.409127 0.40915
4 0.746206 0.746243
3 0.588924 35
4 0.683732 0.683735
1 0.547457
2 0.147406 0.000136
2 0.044649 0.000215
0 0.113903 ucsvn
0 0.486623 qsgeb
0 0.502198 jfgwq
4 0.843998 0.844011
2 0.759134 0.000937
4 0.172221 0.172311
4 0.431423 0.431465
0 0.508919 izmey
4 0.715025 0.715084
0 0.217224 aycqt
0 0.14806 xntcx
0 0.253433 rfvcf
0 0.329303 qauwf
2 0.686838 0.000584
2 0.931004 0.000228
4 0.49766 0.497689
2 0.364652 0.000864
3 0.828343 33
3 0.598129 26
3 0.326704 33
2 0.588185 0.000576
0 0.625826 aeuks
1 0.539452
0 0.693257 dptzf
3 0.87515 29
3 0.801291 18
4 0.470649 0.470694
1 0.361686
0 0.342933 whxax
4 0.936414 0.936415
1 0.595046
2 0.426098 0.000731
1 0.985153
3 0.052427 43
3 0.824837 9
1 0.191268
0 0.681699 orcrp
0 0.658188 xlrwq
0 0.782423 xeeky
4 0.379145 0.379239
2 0.691643 0.000637
1 0.906505
2 0.403517 0.000748
2 0.997069 0.000956
1 0.811631
4 0.691633 0.691713
3 0.032486 3
3 0.208384 9
4 0.885788 0.885788
1 0.470934
2 0.081644 0.000617
0 0.703934 ovjph
3 0.77727 30
2 0.274644 8.7e-05
4 0.963824 0.963874
0 0.023067 iulkf
3 0.856824 12
0 0.170606 mtyxm
2 0.624658 0.000155
0 0.918281 gmrvd
1 0.079429
3 0.434095 25
0 0.836982 ezexf
0 0.432699 tlqfq
1 0.813331
4 0.344753 0.344756
4 0.875824 0.875913
3 0.430901 38
1 0.147411
3 0.610051 6
3 0.03384 14
3 0.461353 13
2 0.907006 5.7e-05
3 0.306318 31
1 0.170784
0 0.033694 zfaeo
0 0.683882 vplty
4 0.691169 0.69126
3 0.016749 45
3 0.091501 1
3 0.423717 32
1 0.413951
3 0.230292 33
1 0.962354
0 0.950671 vbfzd
4 0.714101 0.714148
1 0.857113
3 0.663563 48
4 0.076866 0.076959
2 0.796488 0.000669
2 0.302022 0.000186
1 0.439183
2 0.650063 0.000855
1 0.228379
3 0.505956 42
2 0.56635 0.000434
1 0.113157
3 0.749249 6
4 0.826116 0.826117
2 0.622604 0.000271
1 0.147971
1 0.090953
4 0.65528 0.655297
1 0.209193
3 0.369546 49
0 0.384787 kkvro
1 0.540456
3 0.342262 7
2 0.964866 0.00068
3 0.790716 26
4 0.098267 0.098351
3 0.843841 27
1 0.213387
2 0.885488 0.000885
3 0.566699 26
4 0.714948 0.715042
0 0.741279 ufrlt
2 0.496644 0.000598
1 0.546748
4 0.984393 0.984426
3 0.191286 23
4 0.651317 0.651376
0 0.734368 gfghl
0 0.236591 lgwfn
2 0.067258 0.000339
0 0.869182 vxscd
1 0.923549
1 0.083903
3 0.394433 21
0 0.890125 nedct
4 0.098332 0.098348
2 0.735379 0.000207
4 0.771975 0.772022
4 0.792965 0.792984
4 0.15854 0.158546
3 0.022836 49
1 0.75114
1 0.269893
4 0.800302 0.800356
1 0.250651
0 0.922554 ljejj
2 0.072974 0.000518
4 0.477193 0.477237
0 0.773752 skbmt
3 0.257518 4
4 0.424983 0.425014
3 0.601886 34
1 0.121789
3 0.755858 19
0 0.86346 mvccq
4 0.362999 0.363025
1 0.976058
4 0.758346 0.758422
1 0.167095
0 0.692648 anwar
0 0.079856 hziej
2 0.228584 0.000287
2 0.980954 0.000691
1 0.343233
2 0.216471 0.000269
3 0.191786 26
3 0.056231 35
4 0.124372 0.124399
1 0.314302
0 0.503031 bassb
3 0.772748 25
1 0.862748
3 0.612955 19
0 0.035835 fxvaw
4 0.576132 0.576152
1 0.059315
0 0.288974 iwahv
4 0.550333 0.550345
1 0.16156
3 0.315277 21
3 0.880651 19
3 0.936187 16
4 0.650933 0.651031
1 0.490052
4 0.891607 0.891631
1 0.782309
4 0.180016 0.180037
3 0.246701 33
2 0.408261 0.000218
4 0.040634 0.04064
2 0.17156 0.000531
1 0.754144
0 0.798254 rgesw
1 0.017952
2 0.675383 0.000692
2 0.497252 0.000452
4 0.307037 0.30705
2 0.482448 0.000348
1 0.568708
0 0.99561 sbjak
2 0.114608 0.000885
3 0.710327 40
1 0.902062
4 0.252183 0.252196
4 0.73179 0.731855
3 0.522421 28
0 0.836144 stiqg
2 0.648758 0.000732
1 0.605087
2 0.21077 0.000325
1 0.497846
3 0.357101 34
1 0.7512
4 0.538293 0.538344
1 0.489976
4 0.309212 0.309235
1 0.187773
3 0.242263 10
3 0.795995 36
1 0.270368
4 0.033624 0.033712
0 0.680524 dxwpz
1 0.605044
4 0.871174 0.871189
1 0.896532
0 0.595437 ntnej
4 0.466071 0.46616
0 0.271444 lgsjl
0 0.798935 zsbri
2 0.446226 0.000179
3 0.66158 19
2 0.087809 0.000443
4 0.944537 0.944602
3 0.410608 4
0 0.198405 owldq
2 0.741531 0.000217
2 0.793701 0.000154
3 0.444232 32
4 0.510294 0.51032
3 0.212363 38
4 0.211914 0.211952
0 0.517715 imdwj
3 0.909163 3
4 0.994653 0.994694
1 0.171548
4 0.565737 0.565828
2 0.031373 1.7e-05
3 0.760088 7
2 0.989337 0.000634
1 0.177675
2 0.423655 0.000968
1 0.146998
3 0.162964 3
2 0.67397 0.000494
0 0.845518 dggmn
1 0.301539
3 0.175532 28
0 0.580518 jlayf
0 0.986067 dhhhg
4 0.844961 0.845016
4 0.841542 0.841559
3 0.531413 3
0 0.829388 tzgul
3 0.51295 19
1 0.402402
2 0.49078 0.000293
2 0.743105 0.000354
3 0.588066 10
0 0.278545 ljnvc
0 0.268344 jxnir
1 0.172169
3 0.492084 29
1 0.396905
0 0.32043 dledu
1 0.726408
0 0.036531 zosgy
2 0.312527 7e-05
1 0.504295
3 0.479578 34
3 0.488014 13
2 0.661895 0.000888
2 0.313845 0.000803
1 0.557892
3 0.411998 1
1 0.415928
1 0.022993
4 0.188097 0.18815
0 0.577993 ljtxy
2 0.1237 0.00088
1 0.594811
4 0.21144 0.211444
2 0.044679 0.000167
0 0.791832 palkf
3 0.464513 16
3 0.599088 10
4 0.022411 0.022419
3 0.907791 41
1 0.502603
0 0.456187 qvxvm
3 0.182193 32
3 0.691762 0
1 0.230327
3 0.610259 15
3 0.505815 20
4 0.289906 0.289984
2 0.490889 0.000653
2 0.13841 0.000933
1 0.871553
1 0.417272
1 0.170716
4 0.011804 0.011886
2 0.782418 0.000809
2 0.392677 0.000576
1 0.414845
1 0.535912
1 0.881077
3 0.704676 4
2 0.843086 0.000388
4 0.230991 0.231002
3 0.371854 27
2 0.714372 5e-06
3 0.861134 14
0 0.770164 adjcj
0 0.304618 cpxsl
1 0.361317
1 0.801042
2 0.964162 0.000646
0 0.819685 tjyew
1 0.955688
0 0.436247 etzgs
4 0.841312 0.841376
0 0.578452 ngtxz
4 0.735204 0.735293
1 0.071241
2 0.236717 0.000931
4 0.847349 0.847436
3 0.366207 28
1 0.195544
0 0.112645 ctdiq
0 0.939085 xjgly
2 0.086489 9.7e-05
3 0.712191 18
3 0.79644 1
3 0.60792 11
1 0.421381
2 0.139366 0.000389
0 0.357161 utmjv
4 0.31932 0.31939
3 0.8997 7
0 0.23315 wqcul
1 0.098246
2 0.746162 0.000691
1 0.796541
3 0.50367 32
4 0.539785 0.539854
0 0.079472 lgpch
4 0.393402 0.393402
2 0.181122 0.000586
3 0.466395 22
4 0.61543 0.615515
1 0.566416
1 0.06534
0 0.030272 vkonf
3 0.774204 25
0 0.934456 pnoym
2 0.782001 0.000514
3 0.139861 1
4 0.996335 0.996356
2 0.519303 0.000561
4 0.549576 0.549614
3 0.98229 1
2 0.745373 0.000471
0 0.841273 jqobb
0 0.59782 zmyao
0 0.921577 clmzg
0 0.363878 sfofq
0 0.473556 jivqu
2 0.208248 0.000713
1 0.276384
4 0.164393 0.164416
1 0.02301
4 0.009504 0.00956
0 0.017364 kgkwy
2 0.601288 0.000377
3 0.10864 1
4 0.787713 0.787732
0 0.731179 vpoqk
4 0.910415 0.910514
1 0.436271
3 0.156516 37
0 0.309331 ippwo
0 0.74247 wfnoq
2 0.99322 0.000214
0 0.888793 nadkx
2 0.987984 0.000901
0 0.302111 pxgyz
3 0.90117 47
4 0.187534 0.187567
3 0.449575 41
0 0.442796 txvhx
2 0.363492 0.000151
1 0.926585
3 0.09508 44
4 0.067288 0.067378
4 0.40822 0.408274
4 0.114232 0.114236
3 0.482396 46
0 0.925192 xqxcr
4 0.689276 0.689283
1 0.386427
0 0.782167 xuufw
1 0.955524
0 0.991677 hzpzy
4 0.257438 0.257503
3 0.14643 2
3 0.714827 43
0 0.352247 wujyq
1 0.784042
0 0.584879 mjmnu
2 0.15911 0.000461
0 0.371655 bcgpg
0 0.754313 asxru
1 0.689843
2 0.299125 0.000748
1 0.331977
4 0.309776 0.309805
4 0.923341 0.923405
3 0.524593 19
0 0.272275 metwd
0 0.99141 tgtad
2 0.012152 0.000257
1 0.929391
2 0.748833 0.000271
3 0.297154 14
3 0.478367 7
2 0.385241 2.1e-05
2 0.115425 0.000474
4 0.106835 0.106902
2 0.557754 0.000451
4 0.214868 0.21495
3 0.114043 22
4 0.614464 0.614509
3 0.42797 9
3 0.906337 18
2 0.011596 0.000802
4 0.033033 0.033077
1 0.829904
3 0.409915 11
0 0.306519 laydv
4 0.302084 0.30209
0 0.418799 pmgyk
2 0.395014 0.000887
2 0.714901 0.000308
3 0.473084 13
1 0.882999
1 0.424348
4 0.485695 0.485764
0 0.131151 kccgb
3 0.746628 6
3 0.55284 2
2 0.868421 0.000756
3 0.929162 42
3 0.386821 43
1 0.287942
1 0.852998
3 0.588478 15
2 0.966192 0.000389
1 0.602835
2 0.816044 9.3e-05
3 0.885237 45
0 0.588589 ukcdk
2 0.232287 0.000841
2 0.506054 0.000191
0 0.781868 grfff
3 0.505405 41
2 0.384752 3.8e-05
2 0.955848 0.000482
4 0.81574 0.815822
1 0.121146
1 0.980108
1 0.880876
3 0.107492 33
1 0.774156
2 0.490821 0.000497
3 0.510396 4
4 0.425058 0.425061
3 0.099264 1
0 0.368335 vyhvl
1 0.207016
0 0.407554 djjxu
0 0.085912 vhsjj
2 0.98783 0.000661
0 0.087094 dumgi
3 0.59985 4
2 0.323218 0.00036
1 0.085938
3 0.145147 37
4 0.236532 0.236625
2 0.354665 0.000103
2 0.912475 0.000873
2 0.036153 0.000288
3 0.59476 1
4 0.710962 0.711018
3 0.03418 18
4 0.907014 0.907017
2 0.880862 3.4e-05
0 0.407623 vjwec
2 0.718015 0.000462
1 0.106567
0 0.479136 mgnks
0 0.52214 sfxbx
0 0.365175 ymrtk
4 0.069449 0.069468
4 0.303816 0.303849
2 0.926736 0.000436
0 0.114692 khvqw
2 0.971127 0.000267
3 0.009068 3
1 0.374244
4 0.617173 0.617268
3 0.308947 43
2 0.759866 0.000876
4 0.686602 0.686666
2 0.34737 0.000654
0 0.453133 musbi
2 0.497615 0.000915
3 0.425214 41
4 0.088609 0.088651
2 0.197467 0.000892
0 0.095565 uhuik
3 0.086338 20
0 0.9459 yaesz
4 0.20951 0.209579
0 0.634724 sbnkr
0 0.318597 iuzok
2 0.491226 0.000235
1 0.924832
1 0.749151
0 0.237423 chvkh
3 0.97321 5
1 0.081533
4 0.819197 0.819264
3 0.900971 25
3 0.482092 49
4 0.951161 0.951172
1 0.787184
3 0.261371 22
3 0.010439 49
0 0.001722 idlcc
1 0.95803
1 0.012073
4 0.536624 0.536686
1 0.952724
3 0.195899 37
4 0.466664 0.466747
2 0.691577 0.000247
1 0.126681
3 0.192168 29
0 0.819897 kglza
4 0.83117 0.831243
3 0.211875 30
1 0.051958
0 0.32859 koqjn
4 0.824695 0.824756
4 0.016863 0.016903
1 0.022935
1 0.732055
2 0.87413 0.000225
3 0.81177 22
0 0.961445 lesdk
1 0.114657
4 0.30417 0.304237
1 0.310732
3 0.331657 24
4 0.68477 0.684777
0 0.497831 mczqa
0 0.063956 mdizx
1 0.900609
4 0.137239 0.137295
4 0.347958 0.348055
3 0.36297 33
1 0.309962
0 0.589482 qwsqf
1 0.059534
1 0.530337
1 0.123834
1 0.038715
4 0.753157 0.753212
2 0.664003 0.000265
0 0.885582 vqrub
4 0.140247 0.140307
2 0.718396 0.000141
1 0.027552
3 0.043075 49
2 0.37228 0.000832
2 0.869071 0.000969
0 0.224135 qrezx
3 0.38247 13
2 0.508008 0.000992
2 0.03012 0.000439
4 0.853969 0.85406
3 0.756163 38
0 0.443347 nqhmm
4 0.406209 0.406249
3 0.849135 10
2 0.08208 0.000542
2 0.347727 0.000662
3 0.568338 23
1 0.816502
4 0.334401 0.334466
4 0.345161 0.345173
3 0.909583 11
2 0.832144 0.000704
0 0.681279 aiaro
4 0.234141 0.234152
3 0.869099 27
3 0.925399 43
4 0.498064 0.498114
3 0.030428 9
2 0.962834 0.000194
0 0.66186 uznlx
1 0.843062
2 0.723092 0.00062
0 0.968084 horlz
3 0.432332 45
3 0.011941 2
3 0.341572 42
4 0.123246 0.123307
4 0.899554 0.899598
0 0.643435 fuqps
4 0.595375 0.595439
4 0.692168 0.692217
1 0.694924
4 0.151059 0.151082
3 0.692661 26
0 0.982429 jsuti
0 0.790316 tfgba
2 0.552114 0.000766
2 0.69332 0.000287
3 0.641323 13
2 0.033551 0.000395
0 0.338624 hyamo
0 0.108324 jscgs
2 0.738109 0.000459
4 0.806576 0.806653
3 0.344894 22
4 0.47787 0.477876
1 0.155457
2 0.858383 8.2e-05
2 0.234193 0.000342
4 0.983138 0.983188
1 0.338338
4 0.614506 0.614531
0 0.183317 snxxe
1 0.186195
1 0.246649
4 0.335875 0.335901
2 0.346309 0.000581
2 0.996004 0.00025
4 0.968797 0.968892
1 0.022557
3 0.64281 2
1 0.119169
3 0.676441 18
0 0.580552 cjtaf
4 0.661334 0.661352
4 0.091385 0.091407
4 0.652264 0.652335
1 0.980597
1 0.313975
4 0.565964 0.566001
4 0.294274 0.294301
3 0.69879 37
4 0.767371 0.76739
0 0.68818 xqlue
3 0.24657 14
3 0.405038 39
3 0.11526 26
2 0.797028 0.000885
4 0.671589 0.6716
3 0.881368 14
0 0.422611 wzalf
0 0.773095 tfbpq
4 0.368417 0.368465
4 0.483678 0.483704
1 0.662073
3 0.032975 40
3 0.302276 32
2 0.371653 0.000544
3 0.129211 38
4 0.191449 0.19145
3 0.269602 30
2 0.258678 0.00055
2 0.320703 0.000228
4 0.151816 0.151902
2 0.385204 0.000896
2 0.146256 0.000829
1 0.517909
3 0.112357 22
3 0.459901 42
3 0.148657 44
3 0.727043 24
3 0.373006 27
1 0.205195
1 0.438842
4 0.099039 0.099087
3 0.006435 27
2 0.040696 0.000902
4 0.204169 0.204234
2 0.726061 0.000539
1 0.588679
1 0.338663
4 0.615516 0.615537
4 0.119424 0.119492
0 0.558267 jfofs
1 0.372321
3 0.042855 29
4 0.241773 0.241839
2 0.753664 0.000547
1 0.365284
4 0.847092 0.84712
1 0.698657
2 0.397889 0.000632
1 0.880009
1 0.996919
1 0.114255
1 0.927769
4 0.587313 0.587333
2 0.487879 0.000733
1 0.876779
1 0.691715
1 0.844231
0 0.596744 vsqks
0 0.250283 wdosv
3 0.86816 13
4 0.691517 0.691541
1 0.852725
3 0.973341 44
0 0.333925 gkrqa
3 0.187807 48
3 0.782417 27
1 0.724161
0 0.66466 uuixj
2 0.52439 0.000958
4 0.664839 0.664891
3 0.772388 42
3 0.752282 32
3 0.056232 8
1 0.457134
0 0.120556 ygomi
0 0.34534 brcwp
2 0.791492 0.000106
4 0.822922 0.823008
4 0.102541 0.102609
3 0.086319 2
1 0.30126
3 0.05484 5
3 0.972236 21
3 0.201698 11
3 0.471903 11
3 0.34496 5
0 0.034385 ivebh
4 0.204263 0.204309
3 0.263401 18
4 0.848569 0.848578
4 0.14846 0.148498
4 0.913693 0.913696
4 0.194205 0.194226
2 0.009071 0.000484
2 0.830516 0.000221
0 0.881136 oifoq
4 0.185833 0.185837
1 0.029942
4 0.504578 0.504617
3 0.040868 35
2 0.384876 0.000293
2 0.15337 0.000129
1 0.500238
0 0.470832 lskva
4 0.828057 0.828058
0 0.384799 vbytf
4 0.428857 0.428902
0 0.472502 myttt
3 0.1833 2
1 0.15264
2 0.081364 0.000698
0 0.595935 dxsce
0 0.64962 btsln
2 0.216564 0.000932
0 0.61854 qdnhn
2 0.345448 0.000286
0 0.614648 prevp
3 0.498456 45
4 0.581268 0.581362
4 0.412447 0.412542
1 0.012546
4 0.481412 0.481511
2 0.556872 0.000493
1 0.489789
3 0.936128 4
1 0.424853
1 0.848213
0 0.583835 alpkk
0 0.550602 ftkne
4 0.576317 0.576385
4 0.497976 0.49798
0 0.606833 dyxwp
1 0.984545
4 0.965118 0.965199
4 0.101025 0.101077
1 0.800771
0 0.800361 eekqq
3 0.387748 28
2 0.928852 0.000273
3 0.357752 36
1 0.853761
2 0.828707 0.000184
3 0.579611 15
3 0.801419 13
3 0.60178 29
4 0.344863 0.344942
2 0.828095 0.000878
1 0.511368
1 0.993068
1 0.879337
4 0.424163 0.424201
1 0.649329
4 0.569104 0.569144
1 0.850612
4 0.353605 0.353635
1 0.78252
3 0.647981 10
3 0.301859 29
4 0.728123 0.728222
2 0.60746 0.000548
3 0.424194 10
2 0.530528 0.000566
0 0.346069 waeum
4 0.563648 0.563698
4 0.867802 0.867885
2 0.081516 0.000371
0 0.2511 uwrid
2 0.624215 0.000126
1 0.671095
2 0.468521 0.000165
2 0.521853 0.000434
0 0.223312 xputy
0 0.441362 exjln
0 0.496369 exdpc
4 0.702762 0.702817
3 0.012541 22
4 0.503333 0.503387
1 0.268274
4 0.948245 0.94831
4 0.983132 0.983159
4 0.595242 0.595258
0 0.642973 ymkzh
1 0.256205
1 0.973821
4 0.495482 0.495577
4 0.497438 0.497509
3 0.816706 0
0 0.291334 otpdq
3 0.698999 7
0 0.802226 yjmdl
2 0.491075 0.000666
3 0.671577 18
0 0.455018 forfb
1 0.45095
0 0.906038 xrxwc
3 0.012134 32
4 0.947772 0.947776
3 0.104181 20
3 0.775758 40
3 0.747129 32
4 0.417913 0.417978
1 0.417427
0 0.038696 ltmuw
1 0.815176
1 0.45561
3 0.345625 14
0 0.909283 tlkzw
3 0.082009 33
0 0.696626 aqxew
0 0.289978 lcwfw
0 0.246614 brhtg
3 0.338461 11
3 0.14147 49
3 0.583656 44
4 0.63232 0.632338
1 0.211176
1 0.882223
0 0.984755 lbwxv
4 0.907633 0.907686
2 0.423919 0.00043
2 0.424095 0.000992
1 0.036562
3 0.755685 32
1 0.472438
0 0.243883 tvwkj
2 0.841376 0.000542
2 0.620628 0.000547
1 0.560899
2 0.535251 0.000983
0 0.021324 misuh
2 0.566611 9.4e-05
4 0.882879 0.88288
3 0.331265 10
4 0.195113 0.195166
1 0.341217
3 0.772993 13
1 0.310267
1 0.667805
1 0.660298
0 0.964608 pmtvp
0 0.302037 pkpvp
2 0.860227 0.00067
1 0.253612
1 0.858009
4 0.880271 0.880362
1 0.841053
3 0.150344 28
1 0.194319
2 0.335125 1.2e-05
2 0.842335 0.000384
1 0.714816
1 0.061557
2 0.883148 0.000227
3 0.13676 35
0 0.344656 osxar
3 0.565993 19
2 0.548812 0.000733
2 0.391148 0.000118
3 0.293895 44
2 0.833168 0.000151
4 0.098237 0.098317
1 0.19724
1 0.258773
3 0.609607 40
4 0.626097 0.626159
2 0.418473 6.2e-05
2 0.400142 0.00021
2 0.263783 0.000457
1 0.77788
0 0.401077 nwolv
0 0.036299 stskc
3 0.888378 38
0 0.667506 eaehf
2 0.117333 0.000589
3 0.411565 17
3 0.344868 47
3 0.055493 15
1 0.215544
2 0.407024 0.000534
0 0.541294 tuqnn
1 0.345239
4 0.155716 0.155742
3 0.978047 43
0 0.201455 vzjhg
2 0.663126 0.000154
1 0.772656
2 0.462824 3.5e-05
2 0.415608 0.000629
3 0.8218 41
2 0.597893 0.000385
0 0.423918 atqrn
3 0.347388 37
0 0.526867 rixyw
2 0.824497 0.000768
4 0.756457 0.756555
4 0.036104 0.036133
4 0.700175 0.700175
3 0.52919 23
3 0.004518 10
3 0.868258 49
3 0.982626 5
3 0.028214 4
2 0.961335 0.000403
4 0.985085 0.98514
4 0.091276 0.091344
2 0.345262 0.000109
3 0.309954 33
3 0.830824 43
1 0.215435
2 0.567861 0.000912
1 0.49157
0 0.321273 enbvd
4 0.930781 0.930842
2 0.01137 0.000218
2 0.792134 0.000328
2 0.424793 0.000706
0 0.6647 auvkw
2 0.77634 9.2e-05
1 0.058263
0 0.960035 tupux
3 0.782414 1
2 0.352999 0.000742
0 0.141758 fslhm
1 0.924673
3 0.224653 6
0 0.344644 oapxg
3 0.959944 45
0 0.247248 oxaoo
2 0.7186 0.000824
0 0.881283 vmjtv
3 0.782778 32
3 0.788994 35
2 0.679853 0.000457
0 0.156149 hvvrh
4 0.665786 0.665807
1 0.841272
2 0.790035 0.000919
4 0.338945 0.339036
4 0.198614 0.198659
3 0.076398 43
2 0.012433 0.000912
1 0.286246
0 0.866543 myoof
2 0.458068 0.000924
0 0.756442 fotyh
3 0.522414 19
3 0.006805 5
0 0.313803 nblfq
3 0.056888 37
2 0.13057 1.3e-05
0 0.301638 zbvsk
2 0.995375 0.000379
0 0.004644 dfnmq
3 0.442171 43
0 0.147258 yjfps
1 0.52245
3 0.791689 2
3 0.463963 27
2 0.03225 0.000574
2 0.090991 0.000525
3 0.853344 31
3 0.814444 21
4 0.398942 0.398971
0 0.827453 zazxk
0 0.276773 iorgx
0 0.113945 qwbck
0 0.169231 hmhjv
1 0.097103
2 0.100879 0.000679
4 0.012182 0.012234
2 0.211828 0.000416
3 0.489422 22
2 0.396012 0.000606
2 0.798841 1.1e-05
4 0.847401 0.847439
2 0.589109 0.000197
3 0.618883 2
3 0.719762 31
2 0.731944 0.000136
4 0.407631 0.407692
2 0.714262 0.000899
0 0.347968 dztpm
1 0.324228
3 0.679458 27
4 0.298341 0.29837
2 0.191761 0.000752
1 0.10024
0 0.00821 tbvhg
2 0.168843 9.3e-05
3 0.761935 38
2 0.424192 9e-06
0 0.930461 zdxiy
1 0.264327
1 0.062363
4 0.054578 0.054677
4 0.418157 0.418252
4 0.430342 0.430365
4 0.07658 0.076652
0 0.808053 cbmcr
1 0.983492
1 0.371507
1 0.841818
0 0.353979 evofn
0 0.111456 logdn
2 0.634823 0.000403
1 0.880894
2 0.098538 0.000295
1 0.676389
3 0.976686 20
2 0.818505 0.000675
1 0.24723
4 0.404245 0.40429
2 0.68742 0.000806
3 0.265371 24
2 0.900194 0.000179
0 0.588333 amrul
1 0.081759
3 0.246043 35
1 0.8101
4 0.874473 0.874519
2 0.362974 0.000617
0 0.113086 oxsrh
4 0.176039 0.176053
0 0.462607 arlco
0 0.685167 vprrj
4 0.497703 0.497753
2 0.909286 0.000236
3 0.018398 38
0 0.975942 vzkwo
3 0.604044 8
2 0.772122 0.000255
0 0.500456 fejkg
2 0.260118 0.000305
4 0.169404 0.169446
2 0.704154 0.000432
0 0.42524 oypkx
1 0.14513
1 0.309901
3 0.713501 38
4 0.021012 0.021065
2 0.800844 0.00019
1 0.831346
1 0.59126
3 0.882101 42
0 0.078549 kggtv
4 0.023196 0.023235
1 0.341419
0 0.881125 qggub
3 0.659621 18
4 0.490967 0.491032
1 0.59565
4 0.64856 0.648628
1 0.82311
0 0.66922 wabsj
3 0.924434 25
4 0.691387 0.691454
4 0.321061 0.321099
3 0.32838 3
2 0.469113 0.000273
1 0.892982
2 0.78204 0.000751
2 0.247691 0.000206
3 0.251788 0
4 0.113656 0.113742
1 0.856648
2 0.869199 0.000126
2 0.155135 0.000376
3 0.651938 43
1 0.910563
1 0.07868
2 0.418371 0.000117
4 0.443021 0.443036
2 0.624921 0.000366
0 0.247607 hxzbn
4 0.745453 0.745462
4 0.082174 0.082199
1 0.962522
1 0.977773
4 0.71266 0.712668
2 0.523475 0.000677
1 0.787322
2 0.713863 0.000803
2 0.309858 0.00032
4 0.679185 0.67921
3 0.94099 35
2 0.417956 0.000222
0 0.775997 xynra
3 0.252585 17
1 0.820081
3 0.086399 44
3 0.363295 44
4 0.812606 0.812648
1 0.676693
1 0.578853
2 0.891739 0.000901
0 0.982865 cvrxq
4 0.481022 0.481041
4 0.083773 0.083789
2 0.558253 0.00077
2 0.127647 0.000462
3 0.982416 4
1 0.653446
3 0.80925 41
4 0.2945 0.294536
2 0.268408 0.000537
0 0.211304 sdrka
2 0.926555 0.000833
0 0.570554 eoewx
0 0.041787 qnluk
4 0.666927 0.666968
0 0.345455 lzjtp
3 0.630452 26
0 0.026637 cfewg
2 0.775961 9.5e-05
1 0.071161
3 0.781997 42
1 0.923917
2 0.090299 0.000979
0 0.523594 urbfg
2 0.25057 0.000802
1 0.191719
1 0.269135
2 0.681538 0.000996
3 0.369481 49
2 0.635556 9.1e-05
0 0.085877 nhbgy
4 0.646542 0.646563
3 0.413464 23
0 0.104815 mnkls
4 0.135453 0.135512
4 0.191432 0.191474
1 0.115692
3 0.887386 14
4 0.491268 0.491297
0 0.78678 ivbus
2 0.846967 0.000661
1 0.001868
4 0.170927 0.171
0 0.989961 ahvrl
3 0.580821 34
4 0.36309 0.363113
1 0.372856
3 0.96809 25
0 0.893867 vecrp
3 0.078498 36
1 0.588834
3 0.620473 28
3 0.717647 14
4 0.394645 0.394666
0 0.00102 ovsbz
3 0.371767 24
4 0.052577 0.052612
4 0.569325 0.569332
2 0.867361 0.000781
0 0.062376 wlapc
3 0.148692 15
3 0.027532 13
1 0.328361
3 0.127298 16
4 0.743572 0.743594
1 0.344937
2 0.250336 0.000152
0 0.699486 vcvic
1 0.351041
0 0.610787 yxmux
3 0.922096 21
0 0.176666 rfiyh
0 0.683643 ciiuf
0 0.15487 qlyxy
1 0.503015
0 0.881023 vynsb
2 0.794034 0.00038
0 0.227341 svryn
1 0.597023
1 0.931806
0 0.371611 nxizp
0 0.145395 qdnia
2 0.277184 0.000631
1 0.841418
0 0.701497 ggyzh
3 0.982759 14
3 0.955712 27
4 0.05138 0.051403
1 0.787284
2 0.71509 0.000574
4 0.425255 0.4253
0 0.270225 bsjtm
4 0.689775 0.689788
1 0.665582
3 0.294865 48
1 0.344953
4 0.638298 0.638321
0 0.471872 fvfae
1 0.47028
1 0.419437
0 0.846366 shouj
1 0.239642
0 0.226759 afyyy
0 0.121041 otsto
1 0.032729
0 0.211013 xshci
3 0.421595 47
1 0.177589
4 0.176335 0.176376
1 0.401395
1 0.425521
2 0.140524 0.000308
1 0.689605
3 0.970651 23
0 0.838011 vemwk
3 0.881611 30
2 0.193846 0.000327
0 0.335069 azmoc
3 0.555715 32
3 0.298618 35
2 0.595653 0.000354
1 0.218539
0 0.028181 toawi
3 0.087747 48
2 0.959809 0.000618
1 0.345078
2 0.345124 0.000551
3 0.277958 3
2 0.215946 0.000262
3 0.694652 11
0 0.371514 qfzfw
3 0.121458 28
1 0.639471
0 0.780101 sxvvj
4 0.84932 0.849404
1 0.880899
4 0.993668 0.993707
3 0.740921 27
1 0.798594
2 0.388741 1.5e-05
0 0.982167 otlrw
1 0.02765
0 0.829293 dobgy
2 0.658292 0.00029
3 0.205697 13
1 0.801253
0 0.835173 lisgt
2 0.330845 0.00034
1 0.927561
3 0.690831 3
1 0.424059
0 0.020293 rqjky
3 0.688729 5
1 0.152959
2 0.707181 0.000764
3 0.847131 8
2 0.544947 0.000121
0 0.75213 coswv
3 0.308743 34
2 0.680678 1.2e-05
3 0.49113 21
2 0.610179 0.000822
3 0.241739 16
2 0.317212 0.000472
2 0.910639 0.000736
0 0.588367 bmvin
4 0.882745 0.882755
4 0.89993 0.899941
2 0.140649 0.000327
3 0.005672 6
2 0.847176 0.000468
1 0.574449
4 0.471034 0.471125
1 0.427197
2 0.54313 0.000205
0 0.079586 tjazg
2 0.4072 0.000614
1 0.995707
4 0.282158 0.282162
3 0.875409 14
3 0.246989 9
2 0.93989 0.000109
1 0.48302
1 0.268881
2 0.754962 0.000271
4 0.424629 0.424647
4 0.192715 0.192779
3 0.309159 24
3 0.366599 33
4 0.376507 0.376567
2 0.588469 0.000861
1 0.759853
4 0.742447 0.742534
1 0.013761
3 0.936092 0
4 0.301815 0.301834
3 0.989029 28
2 0.009104 0.00083
0 0.551645 stdcf
0 0.889522 gowrv
4 0.853164 0.853185
2 0.261609 0.000625
2 0.605572 0.000696
0 0.594601 wolfy
2 0.136094 8e-06
2 0.371714 0.000559
0 0.467652 kgtys
0 0.102581 dsvqq
0 0.561865 gfwko
3 0.216414 15
4 0.589003 0.589035
2 0.162614 0.000885
4 0.176505 0.176601
0 0.828773 kflnm
2 0.431206 0.000836
0 0.982515 wxgza
0 0.508321 afurj
4 0.517663 0.517666
2 0.289734 0.000176
0 0.680737 zssop
3 0.800723 8
3 0.987574 44
0 0.226418 qifwr
4 0.783756 0.783817
0 0.169159 dwbwm
0 0.371824 lvjrn
1 0.086696
0 0.428541 tljbb
3 0.522942 33
3 0.208453 33
4 0.372194 0.372214
4 0.190469 0.190545
3 0.928009 39
0 0.01491 mlsjh
1 0.246304
3 0.847075 9
2 0.220162 0.000194
2 0.844655 0.000336
4 0.631759 0.631813
4 0.603355 0.60343
0 0.363118 ojozn
3 0.311602 42
4 0.323311 0.323314
2 0.059825 0.000397
1 0.904481
0 0.124188 qgcvq
2 0.075638 4e-06
3 0.503448 39
4 0.010293 0.010334
3 0.156288 4
1 0.246845
0 0.683703 qnlow
4 0.413212 0.41331
4 0.795898 0.795982
0 0.80299 bywoy
0 0.922911 xzvfq
2 0.641756 0.000971
4 0.70811 0.708128
2 0.430412 0.000784
0 0.394462 eftxv
3 0.344646 16
1 0.945768
1 0.198712
3 0.09644 12
0 0.240786 himal
4 0.123735 0.123747
4 0.573112 0.573202
3 0.962737 8
4 0.746339 0.746413
2 0.822107 0.000405
2 0.588256 0.000628
4 0.948989 0.949003
0 0.395803 cvgka
3 0.29673 1
3 0.744961 13
3 0.782298 46
3 0.260202 0
1 0.865959
2 0.965439 0.000429
1 0.978067
0 0.922371 jlyfo
4 0.939833 0.939929
4 0.201147 0.201158
2 0.228339 0.000164
0 0.886935 zedtv
4 0.772596 0.772613
4 0.4281 0.428151
2 0.131468 4.1e-05
3 0.133966 47
0 0.336327 hlbay
4 0.424777 0.424867
2 0.215898 0.000849
2 0.710977 0.000384
1 0.426021
1 0.735389
0 0.772683 vkavl
4 0.264143 0.264156
0 0.035312 dblns
0 0.935339 muqdv
4 0.853857 0.853941
3 0.123766 15
2 0.560095 0.000717
1 0.878274
1 0.672754
2 0.044132 0.000418
2 0.853906 0.000548
2 0.306256 0.000759
0 0.734092 bosct
1 0.297933
2 0.007901 0.000348
