2 0.077901 0.077876
0 0.477402 vwjwm
4 0.116299 0.11628
2 0.196379 0.196379
0 0.570798 mjuww
2 0.754616 0.754613
3 0.168651 29
4 0.008478 0.008455
0 0.886804 iyoxa
2 0.171535 0.171545
3 0.171692 6
2 0.517307 0.517345
0 0.251318 zlkjr
0 0.836258 apjcm
0 0.666695 mhrzx
0 0.103711 ahfni
0 0.542051 ravfi
3 0.584503 34
0 0.937114 qtpqe
3 0.481407 10
0 0.478284 mhyhr
3 0.010263 8
1 0.046871
0 0.588632 gfbor
2 0.518089 0.518179
0 0.332644 ptczg
4 0.911737 0.911692
1 0.126819
0 0.046868 ejcka
4 0.88165 0.881563
1 0.571108
2 0.469864 0.469855
3 0.823007 44
2 0.474509 0.474444
1 0.12377
4 0.438495 0.438488
4 0.773247 0.773325
1 0.820115
4 0.465138 0.465095
1 0.302368
4 0.755073 0.755119
4 0.037767 0.037724
4 0.850976 0.850943
1 0.400722
0 0.867672 umkvx
1 0.189934
2 0.22198 0.221982
4 0.241526 0.241566
4 0.5795 0.579508
3 0.799124 16
0 0.754675 wchtt
2 0.446065 0.446163
2 0.092958 0.09305
2 0.694698 0.694792
2 0.069686 0.069712
4 0.297492 0.297544
2 0.129142 0.129194
0 0.143625 fsizu
2 0.064463 0.064525
0 0.601261 prugx
3 0.478089 26
3 0.453725 2
4 0.267569 0.267573
1 0.396711
4 0.554854 0.554765
0 0.148997 tqmed
3 0.772301 11
2 0.206128 0.206037
1 0.003599
0 0.867471 wdjra
1 0.754774
3 0.330529 17
4 0.387218 0.387222
4 0.985177 0.985217
2 0.527113 0.527153
2 0.815767 0.815714
1 0.021895
4 0.754398 0.754444
1 0.138221
4 0.670647 0.670576
1 0.116512
1 0.746782
4 0.08489 0.084841
0 0.98846 dgfhw
2 0.823686 0.823615
1 0.379591
3 0.887468 38
1 0.429315
4 0.471149 0.471175
2 0.81632 0.816354
2 0.078569 0.07849
4 0.89591 0.895881
4 0.88437 0.884335
4 0.374359 0.374326
3 0.907814 22
4 0.257035 0.256972
4 0.144504 0.144453
0 0.090171 pinjy
1 0.909139
1 0.638383
0 0.116721 terwv
4 0.050715 0.05068
3 0.229139 46
1 0.270803
1 0.73321
1 0.001703
1 0.036174
0 0.79153 wudim
2 0.034306 0.03432
1 0.68308
1 0.755159
2 0.12373 0.123719
4 0.4554 0.45545
3 0.044106 5
4 0.293668 0.29368
4 0.633401 0.633487
2 0.424931 0.424886
4 0.453445 0.453354
2 0.120342 0.120293
2 0.518675 0.518646
3 0.7556 37
2 0.059947 0.05987
4 0.753049 0.753034
1 0.716955
1 0.538616
4 0.04747 0.047488
2 0.681072 0.681023
2 0.048836 0.048882
0 0.210449 qeagu
3 0.687449 33
2 0.11705 0.116985
1 0.914801
0 0.229109 qraha
4 0.220284 0.220352
0 0.016687 mcwsl
1 0.045186
0 0.091559 gfshs
1 0.29821
3 0.478679 13
1 0.224141
1 0.009376
0 0.447963 tyqgz
2 0.348058 0.348021
2 0.441689 0.441614
2 0.533248 0.533219
4 0.728094 0.728134
2 0.222612 0.222561
2 0.701292 0.701358
0 0.925433 twems
2 0.272323 0.272262
2 0.57163 0.571638
1 0.545569
2 0.388256 0.388262
3 0.629938 47
2 0.008078 0.008104
0 0.200781 wtodx
3 0.574013 38
1 0.421801
0 0.153202 uvvca
4 0.398292 0.398207
2 0.571505 0.571414
3 0.071751 21
0 0.046408 cfhjp
3 0.252341 26
1 0.133219
4 0.406238 0.406217
0 0.803623 xgzit
2 0.757741 0.757745
3 0.077448 45
1 0.665552
1 0.078072
4 0.95067 0.950696
2 0.307113 0.307094
3 0.247647 39
4 0.653885 0.653897
4 0.457508 0.457471
1 0.7437
2 0.412842 0.412813
3 0.790446 4
4 0.133593 0.133665
1 0.47783
3 0.29408 48
4 0.878564 0.878628
4 0.819272 0.819261
0 0.603413 ihueq
1 0.767009
4 0.114235 0.114325
4 0.421033 0.421129
3 0.554626 18
1 0.004987
4 0.116311 0.116331
4 0.048576 0.048612
0 0.384201 vkyrt
4 0.673005 0.672962
0 0.956366 zruuz
4 0.577472 0.577421
4 0.968714 0.968623
1 0.733736
3 0.08642 8
2 0.134996 0.134951
2 0.570997 0.571013
2 0.518171 0.518251
4 0.655214 0.655252
0 0.188352 zyvry
3 0.191659 6
2 0.82245 0.822514
0 0.432466 huvaw
3 0.205982 25
4 0.745498 0.745566
0 0.11953 jxmfz
1 0.07826
4 0.407843 0.407861
2 0.990433 0.990412
1 0.82311
2 0.505352 0.505396
2 0.675784 0.675709
0 0.398118 qhcmn
4 0.932088 0.932061
4 0.125173 0.125269
0 0.137686 gmmbi
4 0.477604 0.477597
3 0.187554 4
2 0.37969 0.379659
0 0.777809 vthfm
4 0.258046 0.257999
1 0.899571
0 0.326666 upqid
3 0.424577 23
1 0.106779
2 0.354281 0.354196
1 0.169119
3 0.968185 4
2 0.405962 0.405974
2 0.623239 0.623297
1 0.133135
1 0.045361
3 0.965343 25
1 0.177634
3 0.762301 14
3 0.156622 43
1 0.477501
4 0.259109 0.25909
2 0.227294 0.227368
0 0.149608 ycdae
4 0.889329 0.889248
3 0.854672 9
4 0.548659 0.548671
3 0.667223 41
0 0.408918 kdddg
0 0.501025 bqzqv
4 0.571635 0.571705
4 0.675518 0.675522
4 0.530191 0.530128
0 0.595202 jgdzl
0 0.016124 xasto
2 0.886587 0.886653
3 0.297884 31
2 0.924134 0.924039
4 0.576405 0.576501
2 0.816409 0.816324
0 0.168998 wounh
2 0.223398 0.223438
1 0.89198
0 0.89333 ynukf
4 0.232192 0.232272
2 0.741628 0.741543
0 0.410231 hkkro
1 0.953574
3 0.557552 48
4 0.350724 0.350822
4 0.172047 0.172077
3 0.502922 28
4 0.761216 0.761276
3 0.459996 37
2 0.251534 0.251596
0 0.375832 iwrep
4 0.226025 0.225996
4 0.964426 0.964421
2 0.949467 0.949462
3 0.491979 35
2 0.196972 0.196903
3 0.836953 18
2 0.20659 0.206594
0 0.019162 ptfsc
4 0.034372 0.034404
3 0.267453 8
1 0.884781
0 0.380431 ckwjr
1 0.833113
0 0.753905 ixdkr
4 0.887703 0.887668
2 0.736506 0.73658
1 0.24749
0 0.17166 upnlw
4 0.064634 0.064704
2 0.492745 0.492692
0 0.193325 tcpty
2 0.499026 0.498951
2 0.466925 0.466935
4 0.203431 0.203467
3 0.197247 23
1 0.018661
1 0.27046
2 0.418937 0.419019
4 0.911682 0.911718
2 0.105007 0.105053
1 0.764082
1 0.477669
4 0.448903 0.448947
2 0.915828 0.915834
3 0.755252 33
3 0.495856 9
0 0.030869 wfjhy
3 0.977982 16
0 0.599341 anoxy
0 0.178792 bvqoz
4 0.266836 0.266753
0 0.813967 dfkfs
4 0.009728 0.009818
4 0.984402 0.984426
0 0.169109 tcryz
1 0.849899
2 0.712815 0.712855
2 0.9594 0.959371
0 0.80887 gyjym
2 0.101299 0.101351
4 0.573779 0.573833
1 0.954224
4 0.963279 0.963313
4 0.792921 0.792888
3 0.169298 44
2 0.67984 0.679807
2 0.289221 0.289277
4 0.712569 0.712587
0 0.037619 phiri
4 0.780301 0.780309
1 0.446112
2 0.33066 0.330611
0 0.368394 xhqln
2 0.437589 0.43755
1 0.00935
4 0.467565 0.467476
3 0.68176 48
3 0.686807 46
0 0.98346 aoxcm
4 0.251704 0.251706
3 0.470915 23
0 0.904273 vkerv
1 0.724118
2 0.310628 0.310688
2 0.886977 0.886882
1 0.598843
3 0.883413 39
3 0.323857 47
2 0.575561 0.575611
0 0.046477 uqadt
1 0.28616
3 0.569677 31
0 0.880305 kruzd
3 0.75296 13
1 0.116833
0 0.932801 uudbh
3 0.582127 24
0 0.594043 mjlpy
4 0.807727 0.807648
4 0.713125 0.713042
4 0.297718 0.297675
2 0.06132 0.061388
1 0.949854
3 0.209907 48
1 0.116313
1 0.874951
0 0.093786 kgubs
2 0.175152 0.175071
4 0.955373 0.955379
4 0.260262 0.260237
4 0.205014 0.204969
2 0.48212 0.482069
0 0.208379 pdajd
1 0.031022
2 0.17238 0.172398
2 0.841099 0.841096
4 0.389081 0.389014
2 0.166539 0.166557
1 0.241716
2 0.8433 0.843239
4 0.841772 0.841707
1 0.050151
4 0.587491 0.587585
3 0.904063 30
2 0.571129 0.571149
3 0.32783 21
3 0.750481 2
0 0.128505 ridng
1 0.342274
1 0.968215
4 0.726039 0.725972
3 0.31353 13
1 0.217593
0 0.747906 ykdla
3 0.116848 18
4 0.551407 0.551419
4 0.318198 0.318125
3 0.444642 47
4 0.412857 0.412943
0 0.947576 nzzcv
4 0.376191 0.376223
4 0.72078 0.720856
0 0.3932 apqja
4 0.922021 0.921992
2 0.116648 0.116555
4 0.543207 0.543176
4 0.490783 0.490758
2 0.316525 0.316535
1 0.245509
1 0.07437
0 0.515681 nhkcg
4 0.580396 0.580361
3 0.018769 14
2 0.085016 0.084927
2 0.078362 0.078317
1 0.491596
0 0.770089 rlrwj
2 0.146328 0.146394
3 0.131136 0
2 0.825907 0.825943
0 0.637843 ssjuh
0 0.547488 bgzct
2 0.228848 0.228866
1 0.43818
0 0.75501 wbxyk
2 0.586782 0.586709
4 0.740977 0.741031
1 0.196489
0 0.657326 hsein
3 0.966281 31
4 0.646251 0.646305
1 0.974896
0 0.741137 bjpym
4 0.866555 0.866559
2 0.196668 0.196684
2 0.612981 0.612886
4 0.303162 0.303107
1 0.541643
3 0.436897 26
2 0.083148 0.083228
4 0.574396 0.574436
3 0.66639 39
1 0.087621
0 0.111775 kduaj
1 0.117231
2 0.297636 0.29773
2 0.284604 0.284694
1 0.237853
3 0.230835 3
4 0.058139 0.058138
1 0.659284
1 0.51728
0 0.198465 stmyt
3 0.317259 39
0 0.477545 mtmaa
3 0.086182 30
4 0.923536 0.923507
0 0.851637 xrxnr
1 0.977348
3 0.82994 10
3 0.461473 19
2 0.920965 0.92096
1 0.182108
0 0.492916 hautb
1 0.008616
1 0.308967
1 0.027201
3 0.872616 16
4 0.366317 0.366379
1 0.818527
0 0.756511 cagwc
0 0.706484 wgvwk
4 0.229166 0.229184
4 0.585656 0.58566
1 0.009407
1 0.685075
0 0.680503 azixr
3 0.580055 0
4 0.844121 0.844084
0 0.117455 oupjx
1 0.208368
4 0.23004 0.230064
0 0.671609 jszor
2 0.035346 0.035362
4 0.117062 0.11715
2 0.577399 0.577338
0 0.54352 jfdnq
0 0.985764 gtwtj
1 0.022292
4 0.905913 0.905912
2 0.604916 0.604869
0 0.3193 mqzvg
0 0.159681 arnxc
3 0.600847 10
4 0.172034 0.172128
3 0.065265 38
2 0.48753 0.487491
2 0.608798 0.608884
2 0.928099 0.928117
2 0.597866 0.597904
4 0.845033 0.845014
3 0.152072 18
2 0.606495 0.606593
1 0.016405
3 0.169543 2
4 0.836509 0.836599
2 0.840391 0.840421
4 0.44919 0.449258
3 0.893641 37
2 0.007859 0.007782
1 0.852893
2 0.193299 0.193234
2 0.982724 0.982736
1 0.889347
4 0.196665 0.196612
0 0.122462 cnrgu
0 0.341547 oxcdw
0 0.295963 ekibz
4 0.052934 0.052859
0 0.942282 ngluq
0 0.491093 jvifh
2 0.647278 0.647257
0 0.398819 hyrgf
2 0.395434 0.39553
4 0.07815 0.078089
4 0.636594 0.636527
2 0.521576 0.521549
2 0.529021 0.529021
2 0.445038 0.445007
0 0.514195 tlzme
0 0.124148 jbwpt
3 0.695765 21
3 0.840078 36
4 0.163045 0.163085
0 0.172519 iqabn
4 0.497518 0.497604
1 0.463447
2 0.706401 0.706354
4 0.466246 0.466235
3 0.074187 0
0 0.099511 pyjew
4 0.361234 0.3613
0 0.627218 pfchn
1 0.100318
4 0.755397 0.755336
0 0.257633 mregx
3 0.24871 14
1 0.733209
3 0.166501 0
0 0.344667 kzohq
0 0.450806 htdwv
4 0.57802 0.57803
4 0.136679 0.136592
2 0.285878 0.285813
2 0.117027 0.116978
0 0.061229 hxxzf
1 0.428576
1 0.108221
4 0.444132 0.444083
2 0.446091 0.446044
3 0.540463 7
4 0.193495 0.193591
3 0.479373 12
0 0.530314 gibjo
0 0.755314 agfrp
1 0.233872
2 0.028755 0.028771
4 0.86959 0.869511
1 0.695499
1 0.895143
2 0.442352 0.442295
2 0.972666 0.972665
4 0.803481 0.803462
1 0.102846
3 0.755506 25
2 0.39363 0.393646
0 0.627503 hpbvw
0 0.620845 flsbv
2 0.806825 0.806778
0 0.165471 vhusi
4 0.555172 0.555268
1 0.752344
3 0.638872 29
3 0.969682 22
2 0.169606 0.169579
4 0.112884 0.112865
3 0.078813 19
0 0.53376 nrytx
0 0.792447 bnbve
3 0.874479 15
4 0.360514 0.360427
1 0.966795
0 0.663918 raooq
2 0.959963 0.960023
4 0.009098 0.009174
2 0.916787 0.916712
2 0.658127 0.658149
4 0.15181 0.151763
1 0.059427
1 0.26493
2 0.05387 0.053845
2 0.717788 0.717788
4 0.010943 0.010989
1 0.38291
4 0.078196 0.078252
0 0.528523 yeatj
0 0.751797 egrgh
3 0.876733 46
0 0.460646 ysbuv
0 0.48809 xhkbd
2 0.840598 0.84067
2 0.387149 0.387064
3 0.346169 32
2 0.689489 0.689394
1 0.887063
4 0.28111 0.281053
1 0.408683
1 0.071581
1 0.384241
2 0.489833 0.489758
4 0.801908 0.801972
4 0.642506 0.642417
1 0.546007
4 0.001311 0.001234
3 0.887407 47
1 0.735493
1 0.498603
3 0.803414 4
3 0.273172 38
0 0.657414 lqtna
0 0.244917 qrgel
2 0.343828 0.343856
3 0.958198 33
0 0.584637 iiiye
1 0.009364
2 0.530001 0.530049
2 0.239594 0.239575
2 0.536599 0.536635
4 0.498246 0.498149
0 0.890918 vcdph
0 0.647704 ncodu
2 0.697719 0.697654
1 0.331605
0 0.962059 udhvk
4 0.169501 0.169511
1 0.643769
4 0.120866 0.120934
3 0.569759 0
4 0.60329 0.603229
4 0.236412 0.236416
3 0.450483 20
4 0.298441 0.298491
3 0.909247 19
1 0.330024
1 0.009047
3 0.092748 42
4 0.563479 0.563537
2 0.761775 0.761845
4 0.124126 0.124138
1 0.41383
1 0.194405
3 0.99796 27
4 0.296401 0.296372
4 0.722 0.721949
2 0.117212 0.117199
4 0.286313 0.2863
1 0.382482
0 0.380137 ygtyr
1 0.989911
4 0.913747 0.913678
2 0.911707 0.911755
4 0.72446 0.724538
3 0.962812 29
1 0.531188
3 0.571325 41
2 0.801354 0.801279
2 0.697843 0.697889
4 0.75305 0.753058
1 0.119321
2 0.53876 0.53878
3 0.164494 28
1 0.818115
0 0.121919 niidj
4 0.146098 0.146003
1 0.755543
4 0.424679 0.424749
2 0.168164 0.168236
0 0.860547 hmfad
3 0.566746 29
1 0.268686
0 0.60848 xrmnb
0 0.779632 rqtpy
2 0.796868 0.796851
3 0.717393 39
0 0.1693 uacjm
0 0.214641 lmczz
4 0.950653 0.950592
4 0.175823 0.175875
3 0.837921 9
0 0.151142 vqfro
0 0.056906 ujdse
1 0.340096
4 0.030093 0.030149
4 0.907501 0.907436
0 0.172324 fnfbj
0 0.539393 ulext
0 0.269949 akhdb
4 0.155604 0.155547
2 0.319012 0.318989
3 0.618178 11
4 0.126109 0.126161
3 0.175892 47
4 0.086085 0.08601
4 0.110509 0.110535
4 0.169033 0.169087
1 0.697473
0 0.060889 wjiol
3 0.638186 31
3 0.508849 2
2 0.740302 0.740302
0 0.773349 myedg
2 0.458621 0.45858
1 0.568355
0 0.560234 iamso
2 0.169183 0.1691
4 0.624921 0.624836
1 0.937418
2 0.874293 0.874353
3 0.235945 38
0 0.683942 ybxhq
0 0.459364 ojcmv
1 0.570153
1 0.634344
2 0.361417 0.361384
3 0.16938 41
0 0.062241 xobvv
3 0.103466 26
2 0.105586 0.105634
4 0.184293 0.184242
2 0.884124 0.884037
4 0.970629 0.970608
3 0.495667 38
4 0.645625 0.645717
0 0.765706 rcktf
4 0.16879 0.168763
3 0.988667 13
3 0.634911 7
4 0.664503 0.66442
2 0.521532 0.521519
3 0.529258 32
1 0.542217
4 0.688855 0.688909
1 0.802788
4 0.936416 0.93647
1 0.755345
0 0.186642 rakeq
2 0.518372 0.518442
2 0.212924 0.212869
2 0.454397 0.454384
4 0.12056 0.120642
4 0.809415 0.809451
0 0.128555 cdspo
2 0.965973 0.965898
0 0.709067 zydef
3 0.477474 24
1 0.11547
2 0.67012 0.670202
1 0.125529
3 0.252359 6
0 0.731612 lotnj
3 0.668965 15
3 0.471097 47
3 0.623595 46
1 0.790964
4 0.886874 0.88694
2 0.875543 0.875591
3 0.001072 48
3 0.206831 4
0 0.39653 emkzb
3 0.142681 6
2 0.949678 0.949599
2 0.037426 0.037423
4 0.201728 0.201629
2 0.40715 0.407085
0 0.754781 idxwq
0 0.403479 hyodl
2 0.737789 0.7377
4 0.20382 0.203888
3 0.241246 23
2 0.442974 0.442996
0 0.850125 mjmbd
1 0.326073
0 0.939885 ualpp
4 0.459448 0.459435
1 0.116539
0 0.776523 hsegh
1 0.42632
0 0.84456 rnvkb
0 0.130833 snrra
3 0.14089 24
4 0.478401 0.478415
1 0.062993
4 0.402216 0.402215
3 0.130115 19
3 0.477782 48
2 0.291362 0.29138
2 0.874281 0.874289
3 0.913438 48
4 0.812311 0.812335
4 0.953202 0.953202
3 0.947955 15
2 0.527301 0.52721
3 0.713502 26
0 0.127673 wkopq
3 0.078456 22
0 0.402398 wgeeq
1 0.688676
0 0.922044 locgb
2 0.42649 0.426494
2 0.554163 0.554163
3 0.555031 29
2 0.476929 0.476949
4 0.831837 0.831929
4 0.750587 0.750532
0 0.172166 kgwhm
2 0.030953 0.030924
3 0.08185 19
4 0.802924 0.802889
4 0.730612 0.730678
0 0.278614 cxqhq
0 0.417224 fkisp
0 0.912955 oiddc
0 0.903714 rcymq
0 0.788179 kxfaf
4 0.07797 0.077951
4 0.448911 0.448842
2 0.491736 0.491778
4 0.41131 0.411281
3 0.121017 21
1 0.541083
3 0.153978 14
4 0.951717 0.951656
0 0.590974 kpymf
4 0.838335 0.838314
0 0.571065 fbxcv
0 0.313603 gdfxq
4 0.718697 0.71869
3 0.650558 18
2 0.120164 0.12019
4 0.871979 0.872005
1 0.710315
2 0.720106 0.720015
3 0.614373 5
3 0.777334 14
4 0.171869 0.17183
0 0.494218 hrffv
1 0.156097
4 0.016342 0.016319
3 0.888321 1
1 0.598636
0 0.264648 mrvxq
0 0.761151 qvnaj
1 0.881477
2 0.591435 0.59139
4 0.197102 0.197122
0 0.105246 zsbkb
4 0.461342 0.461287
2 0.373068 0.37311
1 0.062128
3 0.667394 16
4 0.054653 0.054749
3 0.936131 44
3 0.063228 20
4 0.570151 0.570195
0 0.11637 npdao
1 0.677388
1 0.310176
0 0.020297 qwhwm
4 0.091169 0.091197
2 0.561763 0.56176
2 0.115335 0.11533
0 0.875279 zkiix
1 0.396311
0 0.757009 nxxxt
2 0.009303 0.009327
3 0.083522 43
3 0.794701 8
4 0.569109 0.569066
4 0.430019 0.429944
1 0.41705
4 0.506224 0.506137
2 0.418887 0.41883
3 0.268659 20
4 0.428606 0.428668
3 0.477578 34
1 0.331698
2 0.440732 0.440633
2 0.854026 0.854034
0 0.765525 eappi
0 0.000717 naymb
2 0.18617 0.18625
1 0.60952
0 0.465892 lkoao
3 0.832146 40
4 0.11692 0.117006
0 0.807472 ijheq
3 0.826112 22
4 0.769311 0.769355
4 0.830972 0.831036
1 0.813216
3 0.394185 2
4 0.975688 0.975708
2 0.89633 0.896346
1 0.447302
2 0.571259 0.571188
3 0.730712 8
1 0.671926
2 0.997515 0.997498
3 0.094659 38
2 0.317675 0.317626
4 0.91474 0.914774
3 0.217552 24
1 0.352509
4 0.233767 0.23369
3 0.116542 18
0 0.341468 enflt
1 0.635026
1 0.036535
4 0.732579 0.732641
3 0.941855 3
4 0.360333 0.360278
3 0.857436 14
4 0.091204 0.091298
4 0.066961 0.066987
4 0.477754 0.477764
1 0.844713
4 0.395984 0.395943
0 0.248856 kfrpy
4 0.511694 0.511671
4 0.514549 0.514647
1 0.386265
4 0.78132 0.781261
4 0.364633 0.364548
3 0.956812 18
3 0.008851 44
1 0.585315
2 0.507259 0.507216
3 0.521398 34
0 0.477392 orofc
3 0.580043 35
0 0.402202 bgyjs
0 0.50472 jjjfq
0 0.160523 qjiia
0 0.535783 wklit
2 0.172494 0.172588
1 0.871804
1 0.529328
4 0.965348 0.965348
3 0.736678 45
4 0.766411 0.766417
2 0.303403 0.303465
3 0.361794 2
3 0.41393 21
1 0.292489
0 0.008489 vznij
0 0.805691 arpol
3 0.873595 35
4 0.150799 0.150887
3 0.440534 35
3 0.78533 17
1 0.932891
1 0.203956
2 0.716895 0.716915
4 0.097444 0.097367
2 0.754996 0.755012
4 0.648471 0.648438
3 0.374759 30
0 0.360006 xeiaw
1 0.714896
4 0.165068 0.165108
3 0.885376 19
0 0.287696 xgkud
1 0.517062
1 0.197272
0 0.009474 pdcph
1 0.858808
0 0.559752 kiupg
4 0.814567 0.814502
2 0.068912 0.068821
0 0.809946 oewsv
0 0.304087 ymfwv
1 0.082588
4 0.015994 0.015979
4 0.622403 0.622417
1 0.478349
4 0.641266 0.641169
3 0.661957 24
0 0.194024 ovxwh
2 0.446827 0.446905
4 0.268147 0.268221
1 0.350735
1 0.134052
0 0.13717 qbotn
3 0.873278 34
2 0.19682 0.196729
3 0.196944 32
3 0.923602 18
0 0.886781 jquxe
1 0.986618
2 0.748666 0.748706
0 0.913435 gjzip
4 0.728046 0.727979
3 0.114487 11
3 0.827784 43
1 0.197312
4 0.206159 0.206239
4 0.611833 0.611748
0 0.114804 dkyud
0 0.985636 iwcyf
4 0.419399 0.419423
2 0.496852 0.496912
2 0.41461 0.41466
0 0.872896 rkghp
4 0.176236 0.176207
4 0.755437 0.755346
1 0.441809
1 0.989969
1 0.988083
1 0.840612
4 0.28253 0.282445
4 0.33019 0.330192
4 0.16194 0.161857
0 0.664561 kpluy
1 0.67138
4 0.168821 0.168786
4 0.914979 0.914926
0 0.940482 ybick
1 0.439014
3 0.335934 15
0 0.264669 vhzjl
2 0.508479 0.508479
4 0.041828 0.041872
2 0.03135 0.031319
3 0.462681 36
4 0.755073 0.755064
2 0.351056 0.351015
1 0.714196
2 0.712533 0.712456
1 0.760446
2 0.331143 0.331106
1 0.46929
1 0.126902
2 0.448496 0.448594
1 0.479846
1 0.172452
1 0.862042
4 0.553688 0.553692
1 0.904744
2 0.570764 0.570723
4 0.283298 0.283368
2 0.560096 0.560188
0 0.941934 okqca
4 0.773298 0.773255
0 0.170179 jsgll
3 0.755405 49
2 0.420906 0.420996
1 0.704204
2 0.56812 0.568172
2 0.089336 0.089422
3 0.112546 39
3 0.447278 38
1 0.922821
0 0.31288 yrwox
1 0.181776
4 0.169533 0.169514
3 0.63993 25
1 0.208051
2 0.29389 0.293851
1 0.474193
0 0.033607 mjxzm
2 0.815529 0.815438
2 0.098209 0.098194
4 0.549433 0.549342
0 0.850798 zevqb
4 0.168674 0.168613
2 0.169089 0.169143
4 0.202696 0.202698
4 0.620943 0.620892
0 0.217128 ojllk
1 0.427174
0 0.089546 prpju
1 0.366937
1 0.353084
1 0.108427
1 0.197094
4 0.154835 0.154851
2 0.118838 0.118837
2 0.382018 0.382048
2 0.259759 0.259833
0 0.203286 ttoei
2 0.902114 0.902113
4 0.416032 0.415995
0 0.040811 mdino
1 0.324053
1 0.571767
4 0.759585 0.759603
0 0.247711 nsfyo
4 0.058955 0.058904
3 0.616808 42
2 0.527745 0.52765
3 0.572615 48
2 0.458552 0.458604
0 0.298957 mljdi
1 0.28829
3 0.169182 35
3 0.34293 30
3 0.140333 40
3 0.669678 33
0 0.504573 juzlm
0 0.412418 vvejm
2 0.497798 0.497761
0 0.00871 ldhfb
2 0.802258 0.802203
0 0.675371 fktrx
0 0.171726 gtbci
0 0.37773 amhya
2 0.123329 0.123415
0 0.36345 gzrdx
0 0.300538 jdyyz
1 0.722942
4 0.524161 0.524138
3 0.801779 6
3 0.590314 36
3 0.816452 29
2 0.009301 0.009218
2 0.761808 0.761715
3 0.164517 33
3 0.159806 34
2 0.786558 0.786543
4 0.025852 0.025845
2 0.641376 0.641406
2 0.933134 0.933099
1 0.882572
3 0.037965 1
1 0.887635
0 0.815303 kmbep
1 0.458667
3 0.355824 25
0 0.14473 ubfuj
4 0.361939 0.362029
2 0.760864 0.760914
4 0.259265 0.259323
1 0.538386
1 0.221662
1 0.078513
3 0.529754 43
0 0.699652 vjajb
4 0.882397 0.882417
4 0.971393 0.971405
1 0.765551
1 0.396541
2 0.347193 0.347193
4 0.401931 0.40189
3 0.271972 26
3 0.078564 32
0 0.153667 jhpox
4 0.175848 0.175843
3 0.147241 19
1 0.429144
2 0.860817 0.860891
3 0.012969 30
4 0.260563 0.260611
4 0.221589 0.221645
2 0.711261 0.71119
4 0.477523 0.477535
0 0.546924 beowv
0 0.630972 ibvcx
4 0.435916 0.435932
1 0.696479
4 0.02329 0.023221
2 0.302577 0.302607
4 0.687199 0.687223
2 0.940672 0.940708
2 0.487596 0.487563
4 0.886889 0.886852
2 0.569215 0.569168
3 0.47581 35
3 0.911726 1
4 0.124558 0.124491
1 0.042627
0 0.60846 vkzqr
3 0.172174 42
4 0.38396 0.384038
1 0.270448
1 0.078132
3 0.045945 43
4 0.370543 0.370472
2 0.620432 0.620403
0 0.926315 piuxo
0 0.117556 gwijk
0 0.009519 ylfwc
3 0.042683 48
3 0.502159 41
4 0.852639 0.852715
4 0.477774 0.477753
2 0.94869 0.948734
0 0.066246 swzky
4 0.827201 0.827283
0 0.60344 atwuh
1 0.483424
4 0.156108 0.156045
0 0.102472 zkwtl
2 0.130514 0.130612
3 0.149256 26
2 0.571632 0.571724
4 0.444696 0.444611
3 0.732308 43
3 0.863321 17
0 0.691925 brfph
0 0.885393 xmixl
1 0.69122
4 0.68558 0.685521
4 0.123766 0.12377
3 0.568462 39
3 0.571545 44
3 0.935657 21
0 0.894982 xilji
0 0.167086 zxfnf
4 0.708508 0.708457
0 0.832274 bopkf
2 0.395932 0.395952
3 0.595386 29
4 0.638268 0.63828
4 0.1107 0.110679
4 0.887559 0.887645
2 0.507767 0.507829
2 0.274176 0.274198
3 0.449043 48
0 0.219655 lnqfr
1 0.844057
1 0.77313
3 0.03868 44
2 0.665732 0.6658
2 0.650609 0.650705
4 0.571539 0.57153
3 0.625269 31
1 0.074312
2 0.846466 0.846399
4 0.255559 0.255607
1 0.060584
4 0.69678 0.696828
1 0.876919
3 0.769278 16
2 0.026346 0.026311
1 0.077917
0 0.807403 mlrru
2 0.428793 0.428805
0 0.335763 ycuhv
1 0.346556
4 0.278537 0.278573
2 0.948006 0.948054
0 0.077341 izncz
4 0.873767 0.873843
2 0.574429 0.574499
4 0.755042 0.755005
3 0.502931 23
3 0.381137 42
1 0.587527
4 0.895714 0.89576
0 0.489114 wqpho
2 0.138778 0.138685
4 0.871506 0.871429
0 0.778129 jheel
4 0.557409 0.557396
0 0.754687 ywiwl
2 0.26894 0.268937
0 0.076768 tpahd
3 0.725612 41
2 0.116663 0.11662
3 0.171141 32
4 0.244902 0.244857
4 0.6998 0.699852
1 0.258578
1 0.469331
4 0.196925 0.196995
0 0.275314 keeqn
2 0.713511 0.71351
1 0.830174
4 0.111501 0.111434
1 0.720626
4 0.345374 0.345279
0 0.452478 mhtwq
1 0.386855
2 0.672106 0.672136
3 0.755298 14
0 0.2913 csfkn
0 0.995869 wetpw
1 0.091363
0 0.974461 vlhwm
3 0.900727 24
1 0.847345
1 0.377323
2 0.465588 0.465513
2 0.524726 0.524647
1 0.571759
3 0.528015 2
3 0.133341 13
3 0.141608 26
0 0.505795 tuoxx
2 0.816961 0.817057
3 0.710636 8
1 0.895612
3 0.166577 41
4 0.798037 0.797962
2 0.117255 0.117244
3 0.139221 29
4 0.545947 0.545916
4 0.126744 0.126689
2 0.247064 0.24707
0 0.580377 zxmli
1 0.193761
4 0.583369 0.583421
4 0.876196 0.876139
0 0.697038 kjvxb
4 0.754624 0.754545
0 0.305136 nvuev
1 0.499887
2 0.859238 0.859173
0 0.718975 eolnk
1 0.392172
0 0.908824 zdcrv
3 0.302527 20
1 0.607663
1 0.118282
1 0.196654
1 0.996437
0 0.924943 bepqo
3 0.126288 22
2 0.198958 0.199054
4 0.464015 0.464061
3 0.467407 2
1 0.335877
3 0.222346 43
0 0.01019 ledgw
2 0.887327 0.887359
0 0.865464 nkxsf
0 0.590719 ilscy
0 0.916361 maego
4 0.727612 0.727601
4 0.543858 0.543813
3 0.244536 20
2 0.051998 0.051913
0 0.985748 szjfo
3 0.611295 15
3 0.117085 37
3 0.059343 44
4 0.863582 0.86364
2 0.928581 0.928597
3 0.695636 2
3 0.875924 2
0 0.424811 moykd
3 0.549202 27
0 0.910276 raagb
2 0.298394 0.298327
4 0.754889 0.754868
0 0.283909 kwrnq
3 0.770083 2
4 0.055048 0.05508
4 0.60425 0.60426
4 0.030878 0.030805
3 0.251293 23
1 0.53105
0 0.205871 kjctw
1 0.579276
1 0.571355
2 0.389162 0.389202
2 0.663643 0.663683
4 0.418297 0.418254
1 0.411743
1 0.933521
2 0.225166 0.225071
3 0.272569 15
4 0.979663 0.979703
2 0.27503 0.27512
0 0.00851 gdlgq
3 0.71163 9
0 0.64628 unxey
0 0.984144 jkxjl
3 0.781092 12
3 0.773334 32
1 0.093853
1 0.057241
4 0.960648 0.960676
3 0.160781 10
4 0.078464 0.078486
4 0.301188 0.3012
1 0.801684
4 0.757274 0.757225
1 0.049882
4 0.830093 0.830139
4 0.119779 0.119857
3 0.213633 47
4 0.592562 0.592467
4 0.023912 0.02394
4 0.116881 0.116967
4 0.848096 0.848021
1 0.347439
1 0.515565
4 0.582613 0.582679
3 0.426442 11
1 0.814382
0 0.748424 ibzbq
3 0.97492 2
2 0.806011 0.806037
4 0.116432 0.116391
4 0.030301 0.03022
1 0.545866
2 0.343564 0.343648
2 0.286358 0.286311
3 0.617092 39
4 0.250534 0.250469
3 0.760277 3
3 0.735197 7
0 0.057561 qoofv
1 0.008507
3 0.340895 26
4 0.967679 0.967604
3 0.021826 20
2 0.623116 0.623027
2 0.501533 0.501567
4 0.216936 0.217034
4 0.858645 0.858705
0 0.691329 mwnce
4 0.772258 0.772247
3 0.171592 35
4 0.217722 0.217659
4 0.45648 0.456449
1 0.462124
4 0.67321 0.673117
2 0.04446 0.044524
0 0.943421 abnly
0 0.957765 bnvhe
1 0.419885
3 0.221983 7
3 0.17194 45
3 0.933121 6
4 0.959126 0.959142
3 0.843776 39
0 0.936107 wgbhw
2 0.728487 0.72844
3 0.328808 16
0 0.042666 lkstt
2 0.951966 0.95198
3 0.334574 23
1 0.171907
2 0.972871 0.972792
1 0.876576
4 0.448918 0.448964
4 0.177406 0.1775
4 0.022566 0.022576
4 0.065233 0.065172
3 0.989825 31
4 0.554822 0.554775
1 0.569292
1 0.172051
2 0.876613 0.876661
3 0.146445 44
4 0.064691 0.064626
3 0.161725 23
2 0.261374 0.261285
4 0.783523 0.783597
2 0.398484 0.398385
0 0.716695 fsbal
0 0.244607 hvebj
2 0.117008 0.116909
2 0.010434 0.010508
4 0.271809 0.271746
0 0.571684 sjybu
3 0.310463 20
1 0.012181
3 0.060516 38
3 0.416446 10
0 0.570949 lxnqe
1 0.570225
4 0.169196 0.169193
3 0.692035 22
3 0.386424 44
1 0.213239
4 0.215505 0.215525
3 0.792373 10
3 0.208819 23
3 0.779768 3
0 0.696722 nzcvc
0 0.608758 ujrxo
4 0.117287 0.117228
4 0.888845 0.888814
4 0.681218 0.681262
2 0.890038 0.890021
2 0.669806 0.669878
4 0.366528 0.366546
4 0.255756 0.255667
3 0.036989 47
4 0.718824 0.718904
2 0.345782 0.345725
1 0.754891
3 0.901842 7
2 0.58306 0.583009
1 0.473098
0 0.9315 ghgqf
1 0.797894
3 0.948799 35
3 0.484505 9
3 0.842254 44
0 0.40847 xrqnj
2 0.117059 0.116968
2 0.52398 0.523889
4 0.780276 0.780223
2 0.44109 0.441144
1 0.273145
0 0.624766 uglyo
1 0.602976
4 0.010554 0.01062
2 0.079045 0.078948
4 0.607975 0.607886
4 0.116385 0.116447
1 0.266714
2 0.072768 0.072772
4 0.862651 0.86265
1 0.003769
2 0.855294 0.855247
1 0.793162
3 0.801562 1
0 0.72078 ekmae
2 0.298742 0.29881
1 0.078784
4 0.20895 0.208947
0 0.390224 korwv
1 0.695075
2 0.831064 0.83111
1 0.486917
1 0.909487
3 0.935593 15
1 0.024191
4 0.585939 0.585951
1 0.571769
1 0.082544
4 0.215416 0.215484
3 0.50512 26
0 0.660974 bxyvt
0 0.527611 bmbog
4 0.618743 0.618678
3 0.351407 1
0 0.225002 eboum
2 0.502232 0.502147
0 0.477426 rjgci
1 0.356826
1 0.241204
3 0.486904 23
3 0.866769 34
1 0.623723
4 0.662883 0.662836
0 0.486781 dduqq
3 0.252825 23
0 0.779409 rchyl
2 0.754801 0.754712
3 0.42101 8
2 0.858891 0.858858
3 0.038126 31
0 0.04126 wcstz
4 0.533736 0.533665
4 0.829497 0.829523
4 0.339478 0.339518
0 0.206285 iuiwb
3 0.694377 45
1 0.196934
1 0.345204
0 0.571271 thvpl
2 0.034563 0.034556
2 0.022741 0.02272
0 0.289382 nuxfw
1 0.763681
0 0.591103 oxnri
2 0.621827 0.621738
3 0.20892 16
4 0.887083 0.887004
0 0.339046 rupvy
3 0.475714 8
1 0.888792
1 0.900826
2 0.524919 0.524874
2 0.801542 0.801471
1 0.939722
2 0.794049 0.794143
4 0.015411 0.015469
2 0.00851 0.008598
3 0.974061 33
4 0.091849 0.091911
0 0.431659 vomaq
1 0.746574
4 0.377963 0.377918
0 0.317685 uvuve
0 0.075416 yoayy
2 0.749885 0.749887
3 0.424199 33
4 0.008702 0.00878
4 0.945997 0.946001
0 0.32396 vdoyz
0 0.56785 ineip
2 0.840215 0.840253
1 0.106453
1 0.595696
4 0.203026 0.203096
1 0.954785
1 0.632036
4 0.078382 0.078379
3 0.709304 3
0 0.707387 qivjz
2 0.801756 0.801711
0 0.445947 heala
1 0.322444
2 0.860103 0.860193
3 0.818918 33
0 0.242751 kyxzi
0 0.049829 ijhyt
1 0.887597
2 0.600083 0.60005
1 0.038665
1 0.588392
2 0.676154 0.676236
1 0.011424
2 0.161443 0.161471
1 0.069352
0 0.615602 eynge
4 0.163695 0.16364
0 0.754776 izvtg
1 0.435959
0 0.581802 ohnuy
2 0.658969 0.659015
2 0.274571 0.274554
3 0.940003 11
4 0.566172 0.56618
1 0.987539
2 0.210162 0.210063
1 0.031563
4 0.477994 0.477897
1 0.194394
1 0.17875
0 0.135453 xakys
4 0.742455 0.742507
2 0.286068 0.286027
1 0.509729
0 0.07906 furat
2 0.331842 0.331938
4 0.144992 0.144893
3 0.171606 36
3 0.796503 9
2 0.13233 0.132277
4 0.518282 0.518284
0 0.945676 ojavj
0 0.044898 djjjl
4 0.743865 0.743897
4 0.332149 0.332183
0 0.572237 gbkix
1 0.282751
1 0.478019
3 0.900552 35
0 0.180226 agtrx
1 0.846327
2 0.306348 0.306337
4 0.154849 0.154804
4 0.727087 0.727014
0 0.817483 cptvq
0 0.73045 gucrx
3 0.230331 0
0 0.887477 ljapm
1 0.437213
1 0.041958
3 0.975132 44
4 0.353361 0.35333
2 0.145531 0.145508
2 0.297318 0.29736
4 0.719692 0.719613
2 0.466375 0.466344
2 0.7327 0.732601
3 0.116489 19
1 0.879413
4 0.171873 0.171945
2 0.663357 0.663375
2 0.016718 0.016669
4 0.162249 0.162321
3 0.975919 17
2 0.211963 0.212061
1 0.678338
4 0.466741 0.466779
0 0.570923 wuodv
1 0.236588
2 0.332018 0.332024
4 0.865088 0.865081
3 0.543689 32
4 0.519608 0.519557
3 0.247923 1
0 0.926261 ncxiq
0 0.984039 peork
2 0.471755 0.471722
3 0.755564 23
0 0.92299 aqwxx
4 0.374509 0.374474
2 0.662291 0.662218
4 0.828853 0.828925
1 0.812893
2 0.900599 0.900578
3 0.945612 10
0 0.525298 wbddo
3 0.227009 39
0 0.008648 xffwp
0 0.578164 wfwwc
4 0.578018 0.578086
1 0.021229
4 0.660966 0.660867
3 0.382019 20
2 0.01786 0.017829
1 0.56074
3 0.503745 12
3 0.451301 19
3 0.477471 2
0 0.580174 rcwpc
1 0.932449
2 0.050513 0.050512
2 0.948884 0.948813
1 0.483096
0 0.935897 ciyyc
0 0.554669 gtqlo
0 0.234527 qovyk
4 0.210572 0.210537
4 0.886857 0.886953
4 0.39315 0.393099
4 0.46969 0.469689
0 0.787141 siifu
1 0.701521
0 0.728258 zyhkd
4 0.367814 0.367743
4 0.328983 0.329079
4 0.755389 0.755481
1 0.664891
1 0.478299
2 0.921722 0.921693
0 0.779885 knekj
1 0.42552
0 0.653699 znwwq
2 0.61218 0.612131
1 0.367569
3 0.061009 12
1 0.394028
4 0.668791 0.66872
3 0.887157 20
1 0.740271
1 0.716887
0 0.112513 oubry
0 0.455109 kaqpj
0 0.326444 qpaxl
0 0.160869 eqrqk
3 0.327923 1
3 0.440436 23
2 0.468332 0.468303
4 0.077956 0.077859
0 0.825489 zdrcs
3 0.9053 45
0 0.582521 cuavd
2 0.581715 0.581706
2 0.538504 0.538421
4 0.006836 0.0069
0 0.78626 ijyut
2 0.411415 0.411386
1 0.44892
2 0.008623 0.008649
0 0.239238 iwcdx
1 0.296071
1 0.394341
1 0.546674
0 0.717318 edbuf
0 0.369799 icomp
0 0.630625 ujoxj
4 0.723166 0.723246
2 0.732324 0.732328
0 0.755183 qhipk
1 0.284503
1 0.377602
3 0.948526 4
4 0.42946 0.429449
2 0.909891 0.909933
4 0.62956 0.629559
4 0.869078 0.869045
3 0.601402 37
0 0.244419 fyexi
0 0.571526 umeyu
3 0.999694 33
0 0.425937 lhnjo
3 0.163314 3
0 0.595904 ejayk
3 0.194315 19
0 0.653481 bzkpt
2 0.432128 0.432085
3 0.659065 30
3 0.754927 29
4 0.008863 0.008899
0 0.643289 ezkyq
3 0.284752 3
3 0.938234 2
3 0.428484 17
0 0.916708 sxqkg
1 0.42944
0 0.667627 lvrlp
4 0.549995 0.549944
4 0.640432 0.640347
0 0.078401 ytxgh
1 0.757667
3 0.492217 36
3 0.476047 44
4 0.864959 0.864981
4 0.099881 0.099794
2 0.70679 0.706749
2 0.005142 0.005148
4 0.729379 0.729368
1 0.645172
3 0.57092 48
1 0.292389
1 0.844436
1 0.010404
2 0.777005 0.777103
1 0.641965
2 0.938267 0.938313
4 0.913819 0.913907
1 0.439366
2 0.802759 0.802662
4 0.169037 0.168952
2 0.211302 0.211362
1 0.300931
4 0.712422 0.712355
2 0.239178 0.239097
2 0.457628 0.457571
4 0.035401 0.035477
0 0.720212 ibhmb
4 0.611963 0.611975
3 0.857529 48
1 0.477798
4 0.833984 0.833887
3 0.979351 4
1 0.463885
3 0.175175 42
3 0.726928 19
0 0.44714 aogrm
4 0.338443 0.338495
3 0.712324 3
1 0.351762
1 0.009418
1 0.596077
3 0.717322 26
3 0.07189 3
3 0.92894 31
4 0.513966 0.513943
0 0.308307 twvgv
4 0.854401 0.85439
2 0.875622 0.875648
0 0.106591 eavhj
3 0.477475 41
4 0.048014 0.048088
0 0.078332 vvboy
4 0.034747 0.034839
3 0.4055 6
2 0.797474 0.797556
2 0.420417 0.4204
4 0.233926 0.233845
1 0.281109
0 0.244757 wdvnx
3 0.169627 24
4 0.080533 0.08047
4 0.735177 0.735235
4 0.883233 0.883245
4 0.909167 0.909138
1 0.414336
0 0.43074 hixck
1 0.425853
3 0.141989 43
1 0.217574
1 0.171536
2 0.359814 0.359884
0 0.490573 krrwp
2 0.101849 0.101945
2 0.048941 0.049007
1 0.793494
1 0.014498
3 0.443212 1
2 0.005905 0.005886
2 0.625289 0.625305
1 0.197139
2 0.409448 0.409363
3 0.078841 23
1 0.141049
0 0.101292 hujyx
2 0.65537 0.655349
0 0.614934 ypats
1 0.801859
0 0.513123 uvxcr
3 0.978846 3
4 0.755537 0.755492
4 0.242506 0.242497
2 0.702586 0.702555
3 0.100896 16
2 0.612131 0.612141
3 0.453865 41
2 0.789545 0.789559
2 0.01169 0.011689
3 0.578168 39
1 0.132021
1 0.168993
4 0.503677 0.503676
3 0.882362 37
1 0.272367
0 0.942544 awehf
2 0.030454 0.030536
3 0.857544 22
4 0.068287 0.068379
4 0.774228 0.774163
2 0.632769 0.632736
4 0.116971 0.117069
4 0.176459 0.176382
4 0.932847 0.932826
1 0.301366
1 0.548963
2 0.828625 0.828608
1 0.485289
1 0.424708
3 0.0216 2
4 0.312181 0.312112
1 0.116757
1 0.153217
0 0.570304 ltxkf
0 0.67653 szbtr
1 0.626346
2 0.241872 0.241878
3 0.263473 11
2 0.092006 0.092086
1 0.036956
0 0.981309 trnmm
0 0.196605 dcdzj
2 0.476699 0.476769
0 0.306148 kvxbw
1 0.850925
2 0.879519 0.879601
2 0.37718 0.377276
1 0.649323
0 0.306083 hjwyx
2 0.853073 0.853091
1 0.55212
4 0.755085 0.755078
0 0.016921 movzx
3 0.156838 16
3 0.320835 4
3 0.847602 37
2 0.869922 0.869978
2 0.058302 0.058342
2 0.895572 0.895489
4 0.725893 0.725989
1 0.862362
0 0.196413 axxml
2 0.289183 0.289207
4 0.472789 0.472877
4 0.446127 0.446139
3 0.755835 24
0 0.076027 kmwvb
3 0.822296 25
0 0.448843 xhkys
4 0.918919 0.918939
4 0.342244 0.342159
4 0.169299 0.169395
4 0.844483 0.844462
2 0.436862 0.436896
1 0.743172
0 0.832029 qdsro
4 0.872099 0.872022
4 0.22209 0.222069
1 0.436263
0 0.364517 lqfnw
2 0.568905 0.568909
0 0.168756 mcayn
0 0.771604 nvgks
0 0.262814 qknfa
2 0.424488 0.424477
3 0.346657 10
0 0.629662 eaerh
1 0.73235
3 0.784443 15
2 0.436715 0.436682
2 0.477439 0.477465
4 0.116454 0.116484
4 0.150317 0.15031
2 0.766528 0.76662
4 0.323741 0.323823
3 0.347872 29
4 0.09746 0.097413
0 0.82981 pvvfr
1 0.339282
2 0.486839 0.486935
2 0.716432 0.716436
4 0.47772 0.477758
2 0.59291 0.593004
0 0.157492 xkoxz
1 0.196634
1 0.325287
1 0.459368
1 0.165384
1 0.91836
3 0.119773 9
2 0.836205 0.836192
1 0.169465
1 0.71244
4 0.56168 0.561645
4 0.705845 0.705899
0 0.453609 pspat
2 0.315447 0.315529
3 0.94838 42
4 0.068153 0.068102
1 0.904358
1 0.22813
1 0.169495
0 0.001373 pqutp
4 0.735684 0.735609
0 0.902279 tqsrb
2 0.757881 0.757794
1 0.826034
4 0.068739 0.068694
2 0.296869 0.296866
2 0.615166 0.615166
0 0.616539 antjv
2 0.172514 0.172499
1 0.29179
3 0.552111 35
0 0.309992 zwdhv
4 0.438321 0.438395
4 0.634036 0.634076
4 0.125446 0.125415
1 0.151991
1 0.05626
0 0.83984 gkmtt
2 0.477552 0.477489
4 0.038273 0.038196
0 0.896839 cqmtc
3 0.771197 20
4 0.92388 0.923908
2 0.567749 0.567837
3 0.407589 34
0 0.795761 bekqk
1 0.54867
0 0.297499 vjqcf
0 0.571197 wfxqa
3 0.279516 43
3 0.687105 29
3 0.999219 27
1 0.991295
4 0.861257 0.861236
4 0.367725 0.367745
1 0.724177
0 0.545882 hvlex
4 0.847771 0.84771
1 0.570835
0 0.994542 bvkng
3 0.503008 13
2 0.753529 0.753462
4 0.817901 0.817921
2 0.592963 0.592965
3 0.413876 21
0 0.798891 aumpb
3 0.404737 11
2 0.917232 0.917294
4 0.477976 0.477982
1 0.776622
0 0.267523 okbxc
4 0.972145 0.972173
1 0.220835
0 0.87525 fhngg
3 0.431554 15
0 0.198168 msgqy
3 0.884748 11
4 0.117495 0.117495
4 0.196968 0.196875
1 0.938012
0 0.470953 enwva
1 0.676254
0 0.623218 kgkcq
0 0.92662 ujqxr
4 0.540718 0.540806
2 0.669659 0.669578
1 0.607671
3 0.974776 36
4 0.477472 0.477415
2 0.6764 0.676428
4 0.371251 0.371297
3 0.920413 41
1 0.330148
2 0.930385 0.930358
2 0.235221 0.235267
2 0.093559 0.093554
0 0.597382 ivoyf
0 0.89387 utgaz
2 0.171927 0.172025
2 0.995445 0.995543
1 0.92583
1 0.813859
2 0.729872 0.7299
3 0.808229 29
0 0.01061 gzbnp
0 0.511982 odukh
0 0.66615 pcpmu
1 0.991864
0 0.887551 mninu
1 0.738438
1 0.822272
1 0.506408
4 0.640126 0.640123
4 0.499842 0.499837
3 0.078542 5
2 0.812993 0.813043
4 0.033342 0.033315
0 0.091217 joeus
1 0.168938
3 0.835552 12
2 0.34196 0.341996
3 0.684416 43
2 0.022973 0.02288
1 0.511328
0 0.343914 hcclv
0 0.442272 qkjbb
0 0.924496 ztisv
3 0.003078 38
1 0.008932
4 0.827988 0.82807
0 0.688255 dzfux
4 0.916196 0.916274
0 0.963951 sbtwr
4 0.130856 0.130817
2 0.781921 0.781904
2 0.117402 0.11749
4 0.992208 0.992155
0 0.86199 kwcfa
4 0.008553 0.008565
0 0.148378 kbeqz
1 0.148935
0 0.154376 awebs
0 0.556818 hrccr
3 0.371041 5
3 0.061827 45
0 0.295492 yvxuf
2 0.476 0.475943
4 0.161182 0.161149
2 0.571745 0.571676
4 0.711117 0.711179
1 0.646278
2 0.832153 0.832199
1 0.396508
1 0.676128
0 0.039222 uyiwy
4 0.90793 0.907962
3 0.53406 14
4 0.607397 0.607302
0 0.755615 hwflo
0 0.527543 sunas
3 0.011741 38
1 0.442477
0 0.616087 wlrmv
2 0.524569 0.524585
2 0.802618 0.802537
3 0.791784 12
0 0.943581 lpwlx
0 0.39876 yuhpf
0 0.116388 vpljr
2 0.293387 0.293483
0 0.09732 rpbiw
4 0.28157 0.281477
1 0.241189
1 0.708788
0 0.502192 tpspn
3 0.757412 0
3 0.427025 22
2 0.137559 0.13755
0 0.078777 bdnbk
1 0.956511
2 0.861853 0.861927
2 0.860178 0.860244
3 0.452881 32
1 0.79548
3 0.624544 31
3 0.567921 5
1 0.705481
1 0.996893
2 0.117139 0.117076
3 0.032358 15
2 0.505221 0.505315
0 0.618895 bsxmg
2 0.414954 0.414931
0 0.55585 cffte
4 0.932778 0.932751
2 0.959226 0.959177
4 0.758342 0.758277
4 0.732457 0.732549
2 0.116466 0.116449
4 0.986632 0.986672
2 0.57618 0.576274
0 0.046842 ehvxc
2 0.447024 0.447072
0 0.148821 dvgkb
4 0.050026 0.049953
1 0.790681
2 0.126006 0.125955
1 0.112638
1 0.887741
3 0.252013 33
2 0.982566 0.982618
2 0.352654 0.35273
1 0.359169
4 0.879218 0.879181
2 0.196787 0.196768
3 0.246813 42
4 0.553846 0.553888
0 0.287197 fiyhr
2 0.116861 0.116838
4 0.890215 0.89015
0 0.029243 xkfew
2 0.756513 0.756555
0 0.519678 yjdpb
4 0.506654 0.506623
0 0.823092 xrdom
1 0.918166
2 0.797432 0.797401
2 0.47794 0.477923
0 0.117018 mjclw
3 0.420088 3
0 0.813514 lkrzx
4 0.773245 0.773277
1 0.242864
3 0.122655 46
1 0.301472
3 0.47795 35
2 0.875843 0.875897
2 0.57313 0.573069
0 0.17203 ustvt
4 0.858618 0.858579
3 0.148216 22
1 0.39108
2 0.555801 0.555829
1 0.373625
1 0.611806
0 0.087276 qfuhx
3 0.337887 1
3 0.163994 2
4 0.168969 0.168936
2 0.165383 0.165382
1 0.114881
1 0.671406
4 0.489509 0.489571
0 0.988178 piygk
4 0.030905 0.030834
4 0.368793 0.368867
4 0.049139 0.049167
3 0.676654 44
4 0.571302 0.571261
2 0.365386 0.365363
3 0.55242 34
0 0.11308 iknym
1 0.084746
2 0.12002 0.119925
2 0.038894 0.03896
4 0.519223 0.519158
3 0.192219 36
3 0.778575 40
2 0.168906 0.168962
4 0.666091 0.666155
1 0.548106
2 0.972386 0.972464
4 0.009435 0.00941
1 0.129455
0 0.831606 wacxx
0 0.428848 puxjq
3 0.287709 28
2 0.75321 0.753141
1 0.008833
3 0.434406 49
3 0.573783 2
0 0.157303 uaury
3 0.582659 48
0 0.57535 akfdx
3 0.351959 46
4 0.801322 0.801235
2 0.967677 0.967612
0 0.584478 aumda
1 0.19673
1 0.932393
2 0.383124 0.38321
2 0.416497 0.416438
2 0.305461 0.305416
0 0.173772 rqsdf
3 0.168646 31
3 0.241528 26
1 0.273831
4 0.989927 0.98992
4 0.196392 0.196299
2 0.023399 0.023342
1 0.61511
0 0.67792 aycxr
2 0.00598 0.005955
2 0.690978 0.690986
1 0.932507
4 0.821902 0.82194
1 0.328181
0 0.19058 zudgl
1 0.754774
4 0.219417 0.219352
3 0.07111 15
3 0.414249 48
0 0.216511 vbvfm
1 0.319773
1 0.761514
0 0.565717 jsmiw
1 0.377696
0 0.308869 auxcz
2 0.197181 0.19714
2 0.318379 0.318411
1 0.431814
3 0.91509 40
4 0.676604 0.676614
1 0.996282
1 0.872628
0 0.42305 hyzfv
2 0.859795 0.85977
1 0.54
1 0.117128
1 0.028533
2 0.851409 0.851457
0 0.766499 uuimy
3 0.037161 6
3 0.976564 47
0 0.348651 djxcj
4 0.114303 0.114254
1 0.308105
3 0.505577 39
0 0.172197 zabds
2 0.555032 0.554941
0 0.404888 hozyv
1 0.863904
4 0.319654 0.319662
2 0.588603 0.588639
0 0.420381 tlqor
1 0.269641
4 0.044265 0.044178
3 0.629274 22
4 0.07812 0.078065
0 0.56493 inacv
4 0.227579 0.227512
0 0.820066 qugfc
2 0.370311 0.370403
1 0.414576
4 0.688526 0.688475
1 0.685391
4 0.637763 0.637825
0 0.509528 mocxo
2 0.478371 0.478421
2 0.38447 0.384373
4 0.955544 0.95564
3 0.842207 38
1 0.256784
4 0.411508 0.411421
1 0.096899
1 0.327834
1 0.582983
0 0.245754 gfwtq
0 0.172342 gbdjk
3 0.125732 3
3 0.848713 39
2 0.260221 0.260299
0 0.35712 djomq
0 0.558156 xejsw
0 0.740184 vetrz
3 0.539995 23
4 0.856888 0.856924
0 0.120352 zeshk
2 0.169402 0.169458
4 0.569997 0.569968
0 0.144552 yhwfi
0 0.151537 amott
2 0.890325 0.890405
2 0.640135 0.640046
2 0.263417 0.263479
1 0.649034
4 0.251782 0.251872
3 0.338131 19
4 0.887366 0.887295
3 0.994632 49
1 0.270846
3 0.134195 32
0 0.71532 ewhot
1 0.981812
4 0.420897 0.420943
3 0.189031 38
4 0.527162 0.52717
3 0.526198 38
0 0.196783 imoge
0 0.78069 hxjio
0 0.495109 bzchn
4 0.607489 0.607553
3 0.371549 24
1 0.125339
1 0.633775
0 0.70735 dqhvd
3 0.741468 1
4 0.249251 0.249295
0 0.755096 gxdtw
0 0.658679 wxjeq
4 0.474636 0.474565
1 0.675284
4 0.785454 0.785464
2 0.739592 0.739622
3 0.263879 32
0 0.044004 lmrrq
0 0.660891 mjshr
0 0.921105 sxfck
2 0.571237 0.571156
4 0.60097 0.600875
3 0.227752 7
2 0.895102 0.895174
4 0.826279 0.826276
0 0.003522 lmxzd
0 0.378839 zsbfv
0 0.311362 scxkr
2 0.80575 0.805774
4 0.257165 0.257191
2 0.008605 0.008643
0 0.658266 jphhe
0 0.985527 orhfq
0 0.097037 julha
2 0.464434 0.464411
4 0.80636 0.806313
0 0.490918 qhymm
0 0.208294 husoh
4 0.712708 0.712748
0 0.840393 kxwqj
0 0.169176 mdwww
3 0.934165 16
1 0.093875
3 0.971037 35
4 0.190524 0.190455
3 0.74484 29
0 0.96324 ydizh
2 0.386951 0.386888
3 0.502828 7
1 0.2229
3 0.171569 3
2 0.770261 0.770214
0 0.291346 wsgud
2 0.305571 0.305659
2 0.238228 0.238298
4 0.317096 0.3171
2 0.392359 0.392383
1 0.087718
2 0.561858 0.561771
2 0.455209 0.455188
3 0.116329 32
4 0.288343 0.288383
2 0.312091 0.312179
1 0.134014
1 0.539771
3 0.731998 45
1 0.867102
4 0.114403 0.114429
2 0.202121 0.202189
1 0.515708
3 0.478183 4
1 0.852163
3 0.317497 8
3 0.594246 49
1 0.742692
0 0.317144 wsqgh
4 0.063787 0.06373
2 0.195119 0.195197
3 0.404662 39
3 0.069415 22
1 0.887793
0 0.183985 lizyj
1 0.198815
3 0.319739 26
1 0.591152
0 0.320492 zuzfj
2 0.287425 0.287431
2 0.873192 0.873113
3 0.718663 19
4 0.045923 0.045918
3 0.887677 25
1 0.47604
3 0.257756 16
1 0.36526
1 0.528871
1 0.400483
0 0.902961 xpoan
0 0.706088 fwsmk
0 0.250743 caybx
3 0.525089 30
0 0.116872 uoblo
2 0.426032 0.425987
1 0.725691
2 0.405662 0.405575
1 0.533922
0 0.147243 oekqd
4 0.960318 0.960241
0 0.3076 ircte
0 0.341438 vpkky
4 0.585542 0.58556
1 0.117007
2 0.250535 0.250488
3 0.186063 43
3 0.358902 12
0 0.573182 djele
3 0.226192 9
4 0.196538 0.19655
0 0.542029 musge
0 0.296782 shrxn
4 0.793098 0.793005
3 0.009231 25
4 0.73771 0.737806
4 0.480254 0.480197
1 0.676793
4 0.370501 0.370523
0 0.497081 fshbe
1 0.785489
4 0.54623 0.54631
4 0.339328 0.339303
2 0.379764 0.379816
0 0.571318 rojfz
0 0.140316 hcxch
3 0.11619 31
1 0.556683
1 0.937713
3 0.628453 32
4 0.119578 0.119537
0 0.990682 ccmbs
4 0.617403 0.617441
2 0.841323 0.841329
2 0.07852 0.078433
0 0.548161 wjupo
4 0.068496 0.068544
3 0.188074 42
3 0.695109 46
1 0.490509
2 0.734808 0.734755
1 0.858099
1 0.022601
0 0.002633 syujj
0 0.169612 rpney
1 0.934595
0 0.580892 nmuzk
4 0.875471 0.875388
3 0.161584 37
0 0.164218 bdije
2 0.327052 0.327041
3 0.488724 6
1 0.235245
4 0.589803 0.58971
1 0.478371
2 0.501519 0.501545
1 0.376991
0 0.340196 brkvd
0 0.850672 kaqyg
4 0.247607 0.247695
3 0.999204 39
3 0.685397 25
0 0.033999 iqorg
1 0.226732
2 0.477608 0.477642
4 0.901743 0.901749
4 0.520314 0.520336
0 0.074048 bqqve
4 0.430547 0.430486
4 0.002347 0.002359
0 0.713906 dwcmo
2 0.686685 0.686775
3 0.389619 31
2 0.459578 0.459527
3 0.19677 46
4 0.517531 0.517621
2 0.21186 0.211771
0 0.007816 nfawk
2 0.690685 0.6906
1 0.273412
0 0.336292 rnvbi
3 0.00507 22
1 0.486813
0 0.112097 ukxlw
0 0.478274 vcfmq
1 0.320536
1 0.276368
0 0.284736 ibzbh
0 0.614405 anjev
0 0.231842 acftm
1 0.278118
2 0.058844 0.058896
0 0.76639 byypq
0 0.98203 svkjc
0 0.196883 tread
3 0.679645 7
1 0.474115
4 0.107486 0.107506
1 0.390228
0 0.08131 ftpbj
1 0.70636
3 0.920937 16
0 0.031157 xzwrz
4 0.968946 0.968865
1 0.754823
4 0.778261 0.778234
1 0.168489
4 0.266173 0.266201
1 0.216304
2 0.178443 0.178463
2 0.661178 0.661188
0 0.564199 azybd
4 0.384439 0.384396
3 0.444883 48
3 0.755437 19
3 0.07531 10
1 0.193139
2 0.122127 0.122153
0 0.0722 mhihg
4 0.621462 0.6215
4 0.736259 0.73617
4 0.336354 0.336376
4 0.619854 0.619936
1 0.558289
3 0.172149 22
2 0.809105 0.809044
0 0.379683 ytrqm
0 0.826367 wvtjj
4 0.816321 0.816405
4 0.56007 0.559979
3 0.799613 32
2 0.590725 0.590797
3 0.00885 36
3 0.657211 28
3 0.078176 12
2 0.176732 0.176703
0 0.887003 ohknc
0 0.480502 egxbv
2 0.078746 0.078764
0 0.087596 hllxs
0 0.987903 hmcxk
3 0.764591 45
1 0.614477
1 0.799881
0 0.078714 icpau
2 0.300686 0.300692
4 0.310701 0.310767
2 0.407282 0.407199
2 0.62449 0.624552
2 0.502078 0.502055
1 0.783022
4 0.096034 0.095983
2 0.895915 0.895864
1 0.416907
0 0.886828 tqkuo
3 0.207502 3
2 0.131136 0.131222
1 0.755627
0 0.029534 xpgaf
1 0.987283
0 0.445974 qbveo
1 0.12608
0 0.80248 nexvq
0 0.682233 epsos
2 0.571274 0.571274
4 0.262183 0.262148
2 0.224509 0.224436
2 0.603742 0.603665
0 0.408896 tluyv
0 0.759821 nbwxj
4 0.84686 0.846823
2 0.752428 0.7525
3 0.24778 3
3 0.246767 27
4 0.078293 0.078363
0 0.238288 iksnz
3 0.890099 49
0 0.848505 oonxu
3 0.184989 18
4 0.432769 0.432793
4 0.195889 0.195888
4 0.139082 0.139011
3 0.985404 18
3 0.860935 37
1 0.116718
4 0.998723 0.998674
1 0.068072
3 0.830702 30
4 0.376661 0.376592
0 0.661577 uozfn
0 0.969714 hkwng
0 0.511082 ayeuv
4 0.316901 0.316846
1 0.382759
2 0.169521 0.169518
1 0.385447
4 0.647842 0.647813
4 0.552094 0.55211
0 0.27167 dljme
4 0.897907 0.897822
2 0.684607 0.684588
3 0.001509 26
2 0.90062 0.900704
1 0.646536
4 0.00888 0.008954
1 0.482483
0 0.943716 jtkxp
0 0.225979 xmsgp
0 0.136076 lesus
3 0.333872 15
0 0.244303 ychxf
2 0.501684 0.501651
0 0.749775 lqwwh
2 0.757404 0.757458
2 0.116657 0.116717
1 0.213654
4 0.206827 0.206905
4 0.388872 0.388906
1 0.753023
3 0.331518 7
2 0.349554 0.349596
2 0.099329 0.0993
1 0.282462
0 0.6446 jhaxd
1 0.755041
3 0.776904 2
4 0.41681 0.416886
3 0.706712 49
1 0.554582
3 0.347644 38
0 0.801568 jkjum
2 0.913933 0.913902
3 0.836638 36
2 0.657054 0.657053
2 0.008922 0.008996
4 0.347272 0.347215
3 0.880123 5
0 0.012631 qmzep
0 0.937343 ophfa
3 0.406683 12
0 0.063738 fitbr
4 0.965193 0.965116
1 0.742377
0 0.428753 mkrlg
2 0.57127 0.571306
4 0.92264 0.922611
0 0.847238 erfnd
1 0.098966
1 0.361921
2 0.983499 0.983549
3 0.242228 2
3 0.832723 37
0 0.691823 dxecn
3 0.05327 9
3 0.171918 44
4 0.657486 0.657514
2 0.272804 0.272838
0 0.948411 riwby
4 0.039889 0.039925
0 0.248065 ffjah
2 0.569255 0.569267
2 0.042633 0.042622
0 0.365829 ytgql
2 0.975534 0.975467
0 0.754713 ugsum
1 0.848064
0 0.84152 woacv
0 0.524993 gvvoi
1 0.816731
3 0.948425 15
2 0.158356 0.158307
3 0.091805 33
2 0.548791 0.548845
1 0.770195
0 0.755439 fdzlg
2 0.490611 0.490588
0 0.75265 mibbb
4 0.678361 0.678427
0 0.554441 hpthl
4 0.31371 0.313647
0 0.441777 tkpoi
0 0.096747 uqnrg
4 0.583036 0.582971
4 0.977387 0.977413
3 0.172271 26
2 0.622251 0.622319
1 0.452313
1 0.719548
3 0.84397 46
0 0.287892 lntsf
0 0.228892 aoawh
4 0.474448 0.474415
0 0.803167 mltcc
2 0.978087 0.978175
1 0.887353
2 0.67905 0.678963
2 0.580041 0.580117
4 0.670483 0.670551
4 0.713809 0.713809
0 0.938229 fjzbj
0 0.697966 fnaoa
0 0.587228 gtzmb
4 0.454583 0.45452
1 0.653244
3 0.171594 12
4 0.786289 0.786256
4 0.549304 0.549241
0 0.699489 evrrv
3 0.223966 10
2 0.879586 0.879549
2 0.730609 0.730663
2 0.678024 0.677977
2 0.812275 0.812283
3 0.660334 22
2 0.168967 0.168888
1 0.994499
0 0.962952 rwnss
0 0.579948 fpjqt
1 0.228329
2 0.275038 0.275025
2 0.767299 0.767355
4 0.000821 0.000726
4 0.660929 0.660866
4 0.381652 0.381666
1 0.078207
4 0.720758 0.720687
4 0.300706 0.300697
3 0.369944 0
1 0.579735
1 0.859676
1 0.119544
3 0.138425 2
2 0.655598 0.655551
4 0.83288 0.832817
0 0.009424 mrnqr
4 0.370494 0.370429
0 0.9408 dgmgv
2 0.714222 0.714238
3 0.368999 18
2 0.024598 0.024666
1 0.37383
1 0.601616
2 0.83836 0.838297
1 0.69396
3 0.172379 3
4 0.74013 0.740127
0 0.819518 ucjhv
0 0.692087 odhif
3 0.768195 29
4 0.87291 0.872821
2 0.536761 0.536811
2 0.60857 0.608501
2 0.050873 0.050868
2 0.950328 0.950378
2 0.196518 0.196425
4 0.718897 0.718929
2 0.699323 0.699357
4 0.830669 0.830761
2 0.949098 0.949116
2 0.905887 0.905895
0 0.072989 upspj
3 0.666151 38
0 0.292953 wzlpo
2 0.779078 0.779031
2 0.116985 0.116993
4 0.081136 0.081162
1 0.503375
4 0.018101 0.018036
2 0.384239 0.384164
4 0.317601 0.31751
3 0.68494 6
1 0.71884
2 0.582321 0.582236
1 0.668015
3 0.116926 27
0 0.119335 kfcuf
0 0.201653 ocymx
0 0.531065 bxmdn
1 0.032997
3 0.234429 12
1 0.746015
0 0.451606 agdfy
2 0.605057 0.605113
3 0.80671 7
0 0.478238 hhxtc
2 0.289915 0.289931
4 0.409178 0.409276
3 0.086804 13
0 0.53841 xjcxb
3 0.655973 15
1 0.462683
2 0.608584 0.608674
0 0.06342 ftyym
3 0.456642 48
4 0.16959 0.169513
1 0.840305
4 0.871168 0.871206
0 0.922084 wuzdj
2 0.794486 0.794504
2 0.213193 0.213102
4 0.381948 0.381901
2 0.669979 0.670041
1 0.526727
1 0.216471
0 0.88724 pnvvb
1 0.711964
1 0.38145
3 0.65538 42
1 0.612799
2 0.86346 0.863502
1 0.76176
4 0.939505 0.939414
1 0.773804
1 0.165084
0 0.169374 jcowf
1 0.839931
0 0.131847 hhsad
4 0.092604 0.092575
1 0.170806
1 0.02331
1 0.626432
3 0.884115 5
4 0.87439 0.874442
2 0.066465 0.06638
3 0.008527 33
0 0.100419 mrddz
0 0.193892 qtlrr
0 0.778344 pwqyl
2 0.256156 0.256254
0 0.788541 tfewm
0 0.127814 ullhs
1 0.423875
1 0.595049
0 0.097252 btabg
0 0.168966 hlvve
1 0.870686
1 0.924028
1 0.932602
1 0.811542
4 0.139186 0.139272
2 0.079414 0.079357
2 0.796254 0.796193
4 0.345722 0.345713
2 0.827329 0.827351
2 0.008807 0.00873
4 0.061495 0.061513
0 0.932181 ietbg
1 0.952897
0 0.771429 rykbz
1 0.528413
1 0.556013
2 0.279513 0.279478
4 0.334243 0.334315
4 0.72502 0.725116
1 0.196853
1 0.85001
3 0.255356 9
2 0.724605 0.724651
1 0.912322
2 0.601335 0.601391
4 0.946338 0.946317
3 0.502351 28
1 0.356486
3 0.458794 8
4 0.169183 0.169187
1 0.538006
2 0.772132 0.772051
0 0.164693 sbhpi
3 0.441932 46
4 0.38827 0.388288
2 0.890622 0.890668
3 0.247108 41
2 0.412519 0.412549
3 0.117977 14
4 0.078604 0.078521
2 0.363563 0.363639
0 0.803029 zfvrz
2 0.757649 0.757651
2 0.586334 0.58641
4 0.023217 0.023253
2 0.435247 0.435192
0 0.547442 twual
0 0.857067 epvbz
2 0.271599 0.271588
2 0.078867 0.078899
3 0.2333 10
4 0.77287 0.772773
1 0.724469
2 0.781091 0.78108
2 0.155366 0.155361
3 0.517961 3
2 0.26471 0.264774
2 0.611761 0.611815
4 0.88336 0.883343
1 0.17202
0 0.257017 hpnqd
3 0.103828 37
1 0.892092
2 0.053912 0.053815
0 0.571873 earpw
4 0.81197 0.812052
4 0.860639 0.860687
2 0.150689 0.150604
3 0.407706 23
1 0.116648
0 0.901063 qxpxq
2 0.276518 0.276449
3 0.077163 7
4 0.566695 0.566701
0 0.344077 mcgpv
3 0.874048 27
3 0.888264 7
3 0.079965 44
1 0.364703
0 0.478171 echpt
1 0.93787
4 0.459254 0.459316
4 0.000169 7.6e-05
2 0.975989 0.976003
2 0.366389 0.366348
3 0.254653 0
1 0.85097
4 0.578572 0.578646
4 0.630615 0.63052
1 0.169433
1 0.41594
0 0.179333 devwb
3 0.832029 45
2 0.782354 0.782438
0 0.776917 dujfy
2 0.634686 0.634671
4 0.545833 0.545839
4 0.912619 0.912659
2 0.844911 0.844981
2 0.169548 0.169523
1 0.969638
2 0.074658 0.07475
1 0.355343
0 0.841478 nvpjz
2 0.977084 0.97713
1 0.522917
4 0.313862 0.313773
4 0.819332 0.819384
1 0.504134
2 0.571533 0.57145
2 0.954942 0.954984
1 0.019503
2 0.698206 0.698173
4 0.166944 0.16696
1 0.820727
3 0.923355 25
1 0.962625
1 0.423198
4 0.870525 0.870555
3 0.755192 15
4 0.155663 0.155713
3 0.110605 44
4 0.64646 0.646379
1 0.023793
0 0.684192 krdpt
1 0.057077
4 0.298577 0.298502
0 0.685454 ytjog
4 0.021576 0.021489
4 0.117258 0.117298
2 0.272092 0.27218
0 0.9281 xprgm
3 0.337299 26
0 0.152228 ypskj
1 0.262688
2 0.096247 0.096311
4 0.460914 0.460899
1 0.680873
3 0.176305 17
3 0.008959 10
1 0.918584
4 0.500162 0.500198
0 0.077139 ujhdq
0 0.605634 wlogf
1 0.167625
2 0.360021 0.359988
3 0.829338 31
2 0.743108 0.743122
3 0.187256 1
2 0.171728 0.171719
0 0.901032 fnusf
4 0.722557 0.72253
2 0.498233 0.498158
2 0.875063 0.875159
2 0.428198 0.428284
0 0.272935 svjjc
1 0.571873
2 0.440384 0.440349
4 0.857768 0.857854
3 0.4777 36
0 0.390177 bxkcr
0 0.216934 nqgkh
1 0.117858
0 0.854009 ctshl
3 0.247905 36
3 0.059761 19
3 0.625099 10
0 0.994872 pjzti
2 0.886914 0.886897
4 0.117124 0.11722
4 0.151187 0.15109
0 0.393735 ntoiq
3 0.873705 18
1 0.498804
0 0.711103 fkgul
1 0.514838
2 0.011631 0.011685
1 0.095585
1 0.901844
0 0.571338 acaeo
1 0.681167
2 0.237122 0.237027
3 0.495502 49
2 0.721169 0.721088
0 0.918012 xoixp
3 0.320763 30
4 0.217595 0.217496
3 0.688487 7
4 0.39174 0.391695
1 0.117189
0 0.814508 difyl
0 0.333043 bvmnn
2 0.874445 0.874364
4 0.48646 0.486536
0 0.17622 zwrts
4 0.407199 0.407162
4 0.885965 0.885868
0 0.376585 jrmss
4 0.116288 0.116277
2 0.078205 0.078118
4 0.308764 0.308701
2 0.001337 0.001258
4 0.478398 0.478363
4 0.164973 0.164938
4 0.843437 0.843489
3 0.344029 39
2 0.441607 0.441592
3 0.38858 46
1 0.435843
0 0.754826 xmeli
3 0.542821 30
2 0.549457 0.54943
0 0.479644 gciql
0 0.206188 scral
0 0.839941 hijyi
4 0.97254 0.972465
0 0.166556 ifuxc
0 0.080101 hybbv
4 0.759072 0.759019
1 0.477687
3 0.641592 41
4 0.701731 0.701676
4 0.241637 0.24159
4 0.666602 0.666599
0 0.877098 liwrx
3 0.950164 48
2 0.848551 0.848468
4 0.762456 0.762387
2 0.080459 0.080513
0 0.009005 qdnah
3 0.364727 7
3 0.758177 33
0 0.57975 cpynb
2 0.509181 0.509178
3 0.787989 22
3 0.868449 29
3 0.106853 26
2 0.56334 0.563259
1 0.745113
0 0.477846 uzhqx
3 0.815461 30
2 0.806081 0.806165
0 0.612836 isupj
4 0.506288 0.506237
1 0.701956
1 0.365799
2 0.045357 0.045391
1 0.67155
3 0.10513 20
3 0.477905 34
3 0.667525 17
0 0.608433 nakvd
1 0.538153
1 0.671579
1 0.945559
0 0.232422 hvels
4 0.942121 0.942171
2 0.307445 0.307402
0 0.488229 wkbby
2 0.078719 0.078775
3 0.745972 10
4 0.612595 0.612576
2 0.36137 0.361468
4 0.669178 0.669089
1 0.962817
3 0.766881 16
3 0.047924 18
4 0.106942 0.107038
3 0.164521 8
1 0.477661
3 0.417971 33
0 0.762471 itxcb
4 0.442431 0.442525
0 0.405249 wphyn
1 0.516506
2 0.741934 0.741887
3 0.781444 40
4 0.526495 0.526444
4 0.460819 0.460784
4 0.887285 0.887198
1 0.426585
3 0.933002 31
1 0.854603
0 0.932069 stofp
3 0.924395 15
3 0.705839 5
2 0.748687 0.748693
4 0.725858 0.725765
3 0.4655 13
1 0.57103
0 0.099337 xoedx
0 0.819369 lwnon
2 0.765625 0.765614
4 0.971024 0.971074
3 0.625163 8
1 0.923329
3 0.092675 25
2 0.775361 0.775302
4 0.39105 0.391023
3 0.008534 8
1 0.209317
0 0.471794 veyqt
0 0.555012 dtmst
2 0.992387 0.992405
4 0.127534 0.127614
1 0.359106
0 0.312923 qpgbf
3 0.830434 21
4 0.132445 0.132416
3 0.17176 43
0 0.473053 vsmcv
0 0.944015 lezfk
1 0.081791
1 0.909948
3 0.938187 18
2 0.16851 0.168427
2 0.197739 0.197837
0 0.42069 lgppz
3 0.813872 17
0 0.116523 racjm
2 0.972763 0.972682
0 0.427302 wtabs
3 0.061133 8
1 0.921456
4 0.711459 0.711543
1 0.393674
3 0.261128 24
3 0.414613 1
2 0.844208 0.844199
4 0.008687 0.008612
4 0.417863 0.417836
1 0.530027
2 0.284854 0.284771
0 0.610265 hcbvj
2 0.741066 0.741162
0 0.99434 cyfvy
3 0.256773 48
2 0.247334 0.247311
1 0.665198
3 0.009243 49
0 0.933613 xrmvo
2 0.386157 0.386058
0 0.320989 ebxgu
1 0.15154
2 0.502341 0.502393
4 0.997416 0.997335
4 0.368819 0.368746
1 0.248937
2 0.196922 0.196972
3 0.169344 49
0 0.855202 ekuwq
1 0.79488
1 0.776124
2 0.49404 0.493975
0 0.729974 xxyuh
2 0.926342 0.926346
4 0.108892 0.108984
4 0.23271 0.232748
0 0.527581 zkxnq
0 0.755127 dsdiv
3 0.837394 43
3 0.514799 26
0 0.441141 mndug
0 0.160665 mxzok
1 0.809145
4 0.132117 0.132149
0 0.898813 yxhis
4 0.368124 0.368037
0 0.114751 aufvz
2 0.571275 0.571323
2 0.085487 0.085577
1 0.743385
2 0.17391 0.173912
4 0.805327 0.805312
4 0.116296 0.116255
0 0.385846 vdhws
1 0.663946
0 0.068335 wrltb
0 0.696115 qumxb
2 0.169361 0.169411
0 0.552358 jgunl
3 0.659839 16
1 0.840137
2 0.705806 0.705838
2 0.683863 0.683788
1 0.70962
1 0.399048
3 0.194663 26
2 0.825397 0.825386
3 0.116529 17
0 0.070698 mojbk
1 0.089135
0 0.153135 sqbmp
3 0.704776 43
3 0.696044 6
2 0.550347 0.550294
3 0.603107 13
0 0.253338 ocins
2 0.471872 0.471803
0 0.477722 lynrg
3 0.088585 32
3 0.300981 40
0 0.36768 blmkg
1 0.382893
1 0.064514
0 0.960623 uniab
0 0.181399 qblec
4 0.81338 0.813396
2 0.630713 0.630656
0 0.19712 pgmki
1 0.806878
4 0.224774 0.224703
4 0.689218 0.689268
1 0.579473
2 0.358252 0.358235
3 0.566695 1
2 0.896427 0.896445
1 0.527141
2 0.664426 0.664339
0 0.478046 lvpvs
3 0.549293 34
2 0.238511 0.238474
0 0.334336 tyjph
2 0.864931 0.864973
2 0.119174 0.119139
4 0.299953 0.299975
4 0.118472 0.118429
0 0.662488 ynxhc
0 0.170178 vgvvr
1 0.754726
4 0.764364 0.764271
1 0.785041
2 0.502927 0.502882
2 0.295801 0.29577
0 0.616097 tebtv
4 0.710197 0.710104
2 0.394844 0.394787
2 0.449259 0.449267
0 0.231693 dnykv
0 0.078665 egind
3 0.575659 47
0 0.437358 kopbq
1 0.026193
2 0.50801 0.508009
2 0.739703 0.739636
2 0.564897 0.564993
0 0.658383 didqf
0 0.199829 hgswj
1 0.947557
0 0.19657 vbjwh
1 0.699571
3 0.03188 20
2 0.475876 0.475821
4 0.961966 0.961963
1 0.779671
0 0.280785 kmade
4 0.299111 0.299115
3 0.871556 45
3 0.986546 11
0 0.009351 vpivm
1 0.966081
3 0.785656 38
4 0.724777 0.724702
4 0.900978 0.900925
4 0.061452 0.06153
0 0.793608 njypc
2 0.634293 0.634228
1 0.440519
4 0.228135 0.22807
1 0.169354
1 0.355823
3 0.080071 2
0 0.090525 icqeq
2 0.385694 0.385754
1 0.11365
1 0.230963
4 0.931944 0.931915
0 0.888815 acyxp
4 0.504771 0.504833
4 0.754642 0.754605
3 0.486308 11
4 0.078394 0.078331
3 0.98044 23
1 0.610443
1 0.00246
2 0.900322 0.900233
0 0.789138 xocxk
4 0.757876 0.757843
3 0.090444 21
1 0.571679
4 0.726335 0.726308
2 0.302444 0.302512
2 0.07394 0.073929
0 0.0764 bvpzv
2 0.08401 0.083967
2 0.775481 0.775468
0 0.724515 ywukw
2 0.110463 0.110495
2 0.796091 0.796183
3 0.571342 22
0 0.552296 hnser
2 0.578407 0.578493
4 0.353889 0.353838
4 0.594756 0.594816
1 0.154994
2 0.471854 0.471872
0 0.852886 hpyyv
0 0.956477 avbud
3 0.918778 7
1 0.754948
1 0.936847
4 0.478534 0.478475
0 0.14988 wwscv
3 0.420707 35
4 0.306466 0.306508
1 0.447248
1 0.735211
1 0.8094
0 0.823111 emowr
0 0.887765 idcei
2 0.168626 0.168555
0 0.105685 xmhta
1 0.911984
1 0.280084
1 0.409506
0 0.199645 zohki
3 0.156549 32
2 0.734949 0.734975
3 0.414866 19
1 0.478248
0 0.137473 zrkdv
3 0.117537 17
1 0.220733
2 0.033497 0.033468
3 0.75766 0
1 0.914209
4 0.957034 0.957092
1 0.699569
4 0.704882 0.704912
3 0.887614 46
2 0.743905 0.743814
0 0.260336 lanuw
2 0.266445 0.266479
1 0.540457
1 0.389499
1 0.54097
0 0.103825 stlsd
2 0.471889 0.471905
4 0.398187 0.398233
0 0.887027 tddib
1 0.599438
4 0.574579 0.574675
0 0.964079 vfqqw
3 0.415293 47
1 0.278112
1 0.977828
1 0.197373
1 0.575628
4 0.848154 0.848158
4 0.196421 0.196429
1 0.520832
0 0.846961 jzctc
3 0.019086 5
1 0.950731
2 0.720843 0.720748
0 0.215023 hdhln
0 0.765121 dgume
3 0.024795 19
4 0.201875 0.201971
3 0.11685 11
4 0.225735 0.225779
3 0.46293 40
3 0.677953 29
3 0.858954 48
3 0.888109 20
3 0.24092 28
1 0.174239
1 0.027288
0 0.100317 cscup
4 0.009277 0.009182
0 0.867729 cmqlr
0 0.863515 zivfc
0 0.570085 puhaw
1 0.941981
2 0.127331 0.127322
1 0.937082
4 0.579127 0.579098
1 0.446856
0 0.172527 ykhli
2 0.754657 0.754652
1 0.630479
2 0.899385 0.899389
2 0.332136 0.332039
3 0.3274 30
4 0.501728 0.50179
3 0.080855 44
0 0.044063 tenkr
2 0.720191 0.720265
1 0.469278
2 0.172381 0.172336
4 0.503403 0.503366
3 0.139552 12
3 0.903033 47
2 0.119947 0.119949
2 0.608791 0.608722
3 0.458352 13
3 0.569647 40
1 0.80619
4 0.208319 0.208387
4 0.887736 0.887776
4 0.966335 0.966365
2 0.62224 0.622332
3 0.525273 39
0 0.161572 pvggy
1 0.677777
1 0.798363
4 0.949654 0.949601
1 0.157973
4 0.01227 0.01229
2 0.077989 0.078079
0 0.052208 edxxi
3 0.783327 18
2 0.553691 0.553725
0 0.29876 wetmd
1 0.830216
2 0.130755 0.130793
4 0.355179 0.355138
4 0.859619 0.859588
2 0.911827 0.911814
4 0.886957 0.887005
0 0.397274 rtizt
1 0.903951
1 0.882903
0 0.042859 vcgsg
0 0.422351 wwuny
2 0.365477 0.365474
2 0.398983 0.398932
0 0.312609 bdlik
0 0.34355 zdntn
3 0.886822 7
1 0.287573
2 0.100568 0.100495
1 0.235967
3 0.827071 35
1 0.005075
0 0.576795 txcqr
3 0.687609 0
3 0.313909 45
3 0.210672 9
3 0.168785 16
0 0.002054 gkoop
4 0.45373 0.453675
1 0.546877
1 0.677819
3 0.551677 34
1 0.755639
4 0.910705 0.910753
2 0.011028 0.011048
1 0.542581
3 0.009357 49
4 0.966221 0.966164
3 0.639413 37
2 0.093144 0.093188
3 0.156373 13
2 0.649367 0.649407
1 0.81902
4 0.321907 0.32183
4 0.133939 0.133882
0 0.40788 jcftc
3 0.169347 32
1 0.728185
4 0.514977 0.515059
4 0.671351 0.671306
3 0.83707 37
1 0.65609
4 0.957778 0.957846
3 0.091718 25
0 0.01595 tmgki
0 0.05611 ougcl
3 0.168695 41
3 0.788392 11
0 0.940615 idljj
3 0.705647 48
4 0.213663 0.213729
1 0.514489
4 0.304936 0.304885
3 0.382715 45
1 0.705031
0 0.199259 kuckv
3 0.197243 4
3 0.430886 4
2 0.136533 0.136587
1 0.866548
1 0.606964
4 0.38295 0.383002
0 0.719559 xsuzj
1 0.247531
3 0.537743 3
3 0.843458 8
1 0.116875
0 0.553766 vagnk
3 0.40629 34
4 0.834543 0.834617
0 0.678214 wopnp
1 0.676025
3 0.720652 40
1 0.79036
1 0.118957
4 0.614915 0.614985
2 0.755328 0.755338
1 0.206906
2 0.023395 0.023397
2 0.648822 0.648765
2 0.906485 0.906529
4 0.34647 0.346492
2 0.538847 0.5388
4 0.391138 0.391168
4 0.751476 0.751389
0 0.366391 udhpj
2 0.078742 0.078709
2 0.483189 0.483182
4 0.873103 0.873058
0 0.973582 cuvhx
4 0.4539 0.453986
0 0.205377 jxgul
0 0.47266 qvuad
1 0.520239
0 0.382739 ureey
1 0.535574
3 0.117053 14
0 0.026135 rvhun
0 0.503959 rnnut
4 0.748322 0.748303
1 0.647413
4 0.321206 0.321157
2 0.475658 0.475658
3 0.694972 14
1 0.274726
0 0.451496 muorn
0 0.009146 qannj
1 0.852107
4 0.461299 0.461242
0 0.701601 etlom
2 0.144845 0.144863
4 0.112694 0.112778
4 0.851388 0.851422
3 0.198916 25
2 0.111584 0.11167
0 0.660796 fgyqp
3 0.887738 19
4 0.696288 0.696247
4 0.742607 0.742693
0 0.926359 ljvtw
3 0.012537 1
3 0.640473 39
0 0.817621 phfka
1 0.721844
0 0.447627 plpys
0 0.325795 xhgcm
1 0.078791
0 0.701735 xbzxv
1 0.446344
4 0.465209 0.465124
4 0.314551 0.314538
0 0.32494 nrfem
3 0.096393 49
2 0.028365 0.028415
1 0.109987
2 0.397202 0.397224
3 0.009475 42
0 0.056341 mmjxn
2 0.583813 0.583841
4 0.357339 0.357296
2 0.940308 0.940394
2 0.84401 0.844108
2 0.365712 0.365657
1 0.034305
4 0.645603 0.645538
3 0.730233 12
0 0.197268 yevop
0 0.106366 olspv
1 0.547312
2 0.655395 0.655388
4 0.033102 0.03319
1 0.324363
4 0.517646 0.517635
2 0.16696 0.166907
2 0.872616 0.872573
0 0.858298 vbdnw
3 0.009341 26
1 0.545175
0 0.577293 mpftg
3 0.221219 47
1 0.734848
2 0.964526 0.964441
0 0.067621 xbwso
2 0.361133 0.361102
3 0.427482 44
2 0.833028 0.833007
2 0.1693 0.169368
1 0.52785
3 0.911402 49
1 0.162602
3 0.331378 37
4 0.915351 0.915363
0 0.406205 omypl
0 0.060673 irboa
2 0.379067 0.379155
2 0.06925 0.069288
1 0.009007
1 0.959147
2 0.928446 0.928415
4 0.609058 0.609017
1 0.881115
4 0.171411 0.171417
3 0.867571 31
1 0.374775
4 0.866048 0.865987
3 0.245115 49
1 0.171824
2 0.289978 0.289996
4 0.249126 0.249204
0 0.260257 svpzb
0 0.153268 ejbka
1 0.029322
0 0.53878 isnwr
4 0.284037 0.284085
4 0.701208 0.701131
0 0.711286 cvvnw
2 0.477855 0.477899
2 0.934644 0.934726
0 0.846611 anvcw
2 0.07769 0.077756
3 0.878079 15
3 0.579287 44
3 0.806925 49
3 0.069252 38
4 0.313437 0.313513
3 0.71089 23
0 0.755086 eafpd
3 0.835913 46
0 0.722258 thtds
2 0.856543 0.856565
2 0.925795 0.925734
4 0.239232 0.239195
2 0.466474 0.466484
4 0.112009 0.111992
0 0.636858 pdzky
4 0.934683 0.934668
2 0.571324 0.571245
3 0.9115 22
0 0.222579 fgmjj
4 0.942676 0.942671
4 0.571037 0.571014
1 0.207896
0 0.003806 ypjgd
4 0.792333 0.792296
0 0.273211 aoxjc
3 0.57006 39
3 0.571096 40
0 0.640987 oydnw
1 0.071923
3 0.762552 36
4 0.586283 0.586264
3 0.523759 33
4 0.800904 0.80095
4 0.91069 0.910601
1 0.327882
0 0.222165 kcynq
3 0.008542 44
3 0.225339 9
2 0.984325 0.984325
1 0.051996
0 0.719947 dsnhv
2 0.433119 0.433191
1 0.189654
3 0.741992 39
1 0.977701
1 0.612834
1 0.077923
3 0.507941 31
1 0.008618
1 0.702759
4 0.076864 0.07687
3 0.638193 7
1 0.289014
1 0.386847
2 0.167227 0.167229
0 0.90922 bdxzn
4 0.171607 0.171701
0 0.616155 yyxup
3 0.303482 34
1 0.247039
2 0.375811 0.37572
0 0.49155 dgdqg
0 0.650915 aqtdg
1 0.183132
2 0.157896 0.157847
2 0.529635 0.52961
3 0.008541 35
1 0.367925
3 0.447289 35
3 0.26936 49
0 0.517002 ihwdz
2 0.463161 0.463219
3 0.646293 30
4 0.523794 0.523818
0 0.765719 fresm
0 0.190293 kpyar
2 0.477691 0.477652
1 0.873412
2 0.800138 0.800212
0 0.571466 naghx
4 0.305085 0.305179
0 0.132564 ymtet
4 0.262387 0.262322
3 0.584219 28
4 0.53886 0.538793
0 0.412272 ikoyz
3 0.078685 43
0 0.125221 cdxwj
3 0.138057 6
3 0.916796 22
3 0.501015 0
2 0.556227 0.556158
4 0.484852 0.484868
4 0.75005 0.750001
2 0.03082 0.030769
4 0.850956 0.851002
1 0.168789
0 0.899339 admmb
0 0.082695 qvlau
4 0.712332 0.712424
0 0.225361 bjece
4 0.677171 0.677257
1 0.653349
2 0.424796 0.424779
1 0.448713
3 0.562009 37
4 0.571061 0.571042
4 0.081926 0.081867
3 0.794258 3
0 0.535971 iuxhl
4 0.425084 0.425088
2 0.594785 0.594811
4 0.031154 0.031115
2 0.260817 0.260816
1 0.728216
2 0.069188 0.069157
3 0.009167 27
2 0.948992 0.948975
0 0.87069 alqra
0 0.711667 chwmw
2 0.337096 0.337096
3 0.261897 18
3 0.331085 2
1 0.670609
1 0.669566
1 0.078729
3 0.172135 0
3 0.140555 15
3 0.733297 35
3 0.920825 31
0 0.139508 ihmfc
3 0.266957 28
2 0.113833 0.113746
4 0.783399 0.783423
3 0.91831 30
4 0.92391 0.923942
4 0.887336 0.887321
0 0.391998 umfsy
3 0.02616 47
3 0.401941 4
3 0.633973 40
1 0.936367
4 0.574322 0.574364
1 0.182452
2 0.082712 0.082748
3 0.179881 36
3 0.477973 39
4 0.696668 0.696579
3 0.551256 2
0 0.583936 wchgx
3 0.167236 13
0 0.001078 ddttp
1 0.91736
2 0.768429 0.768372
0 0.010352 trgxi
3 0.987689 10
1 0.116362
3 0.458564 6
4 0.438178 0.438155
2 0.576593 0.576635
0 0.314072 kumpe
1 0.149459
1 0.332139
1 0.358
4 0.120751 0.120779
0 0.041812 ikgdi
4 0.008827 0.008919
1 0.267294
1 0.916401
1 0.804436
1 0.32915
2 0.36382 0.363864
4 0.498448 0.498365
0 0.856448 ifscc
0 0.434892 nvsnq
4 0.6823 0.682203
0 0.571267 txjmy
3 0.897459 49
1 0.234242
1 0.541787
2 0.336573 0.336558
4 0.347099 0.347191
1 0.11888
4 0.881438 0.881355
2 0.938687 0.938771
1 0.056754
0 0.196474 nkgvr
4 0.421651 0.421582
3 0.822214 6
2 0.158788 0.158812
1 0.022239
1 0.459452
1 0.664298
0 0.800655 snbrl
1 0.032394
4 0.289016 0.288977
2 0.477785 0.477738
4 0.745905 0.745894
3 0.557861 33
3 0.449737 0
3 0.418154 4
1 0.598804
2 0.843116 0.843027
1 0.501959
2 0.340812 0.340779
3 0.801072 1
4 0.078141 0.078201
2 0.287636 0.287619
0 0.458895 yipkm
0 0.372074 tbcfc
4 0.230458 0.230433
3 0.57127 10
2 0.888694 0.888683
1 0.580671
1 0.326834
1 0.673471
0 0.478119 duvdm
0 0.459472 xlobi
1 0.518891
2 0.841907 0.841969
2 0.218949 0.218957
3 0.60719 29
2 0.450376 0.450438
3 0.064847 12
1 0.170916
3 0.897831 31
1 0.116615
0 0.132781 reokm
3 0.921999 37
0 0.140948 brguq
2 0.68369 0.683649
1 0.169952
4 0.466982 0.466937
2 0.565614 0.565525
1 0.314948
0 0.526568 xayrj
1 0.169614
4 0.050614 0.050603
0 0.831457 vhgkj
0 0.639933 mlhil
0 0.234193 oqpve
4 0.791948 0.791968
0 0.689916 ztfhu
2 0.47311 0.47312
2 0.535786 0.535747
0 0.894528 wlmje
0 0.755549 ijxqu
3 0.854325 46
2 0.445363 0.445415
4 0.087016 0.086993
4 0.560126 0.560093
1 0.612264
4 0.692212 0.692304
3 0.692317 45
4 0.790899 0.790939
1 0.640026
0 0.571429 zychd
0 0.345933 uecsb
3 0.742427 22
3 0.790603 36
0 0.594052 qoagf
1 0.552582
2 0.784327 0.784278
0 0.31422 kfsbe
1 0.990007
1 0.510026
1 0.168732
4 0.173851 0.173935
3 0.318689 38
3 0.206923 48
2 0.466498 0.466538
4 0.013402 0.013383
3 0.884937 42
3 0.97576 34
1 0.354094
0 0.094673 tcooc
2 0.886896 0.88698
2 0.924532 0.924586
1 0.080781
1 0.316661
3 0.270291 13
4 0.827201 0.827201
1 0.52938
2 0.389523 0.389569
2 0.945333 0.945262
4 0.043874 0.043777
4 0.755331 0.75526
4 0.637599 0.63754
1 0.533405
2 0.676914 0.676827
0 0.890387 gbgwu
0 0.741563 xbhxe
4 0.952323 0.952268
2 0.479067 0.479143
4 0.510134 0.510087
3 0.664085 8
4 0.116535 0.116458
2 0.399623 0.399616
4 0.453207 0.453116
1 0.41758
1 0.159386
0 0.02652 toqej
3 0.782401 39
2 0.808887 0.808848
0 0.472972 lkntl
2 0.954601 0.954699
2 0.886847 0.886889
3 0.625601 30
0 0.168473 tocyy
1 0.799828
2 0.521746 0.521731
1 0.376911
0 0.171965 lnrha
1 0.890172
2 0.727724 0.727754
2 0.415066 0.415086
1 0.754985
4 0.667359 0.667312
0 0.004945 pyaji
0 0.349525 vskbj
4 0.552251 0.552311
3 0.934151 34
0 0.807093 bznju
1 0.65494
2 0.06981 0.069816
4 0.520678 0.520627
3 0.755434 15
0 0.773094 sflwz
1 0.794176
0 0.230876 upoub
0 0.977674 jwyhy
0 0.920458 pkcnm
3 0.810585 21
4 0.195241 0.195222
4 0.272605 0.272645
2 0.319457 0.319473
4 0.0786 0.078581
2 0.381725 0.381745
2 0.945561 0.945587
3 0.030076 34
2 0.607884 0.607825
4 0.544861 0.544814
4 0.254933 0.254941
0 0.478552 klihj
0 0.035093 ubmzi
4 0.498931 0.498882
1 0.009337
1 0.842732
0 0.322805 mqkdu
3 0.710948 44
3 0.200568 38
0 0.525996 dvcpu
0 0.900054 jgpzb
1 0.599315
2 0.419023 0.419012
2 0.440239 0.440307
2 0.078568 0.078646
1 0.819875
3 0.597894 42
4 0.121044 0.120993
3 0.994076 7
0 0.89413 owtco
1 0.377051
1 0.268551
4 0.159305 0.159262
2 0.574359 0.574431
4 0.078154 0.078154
1 0.670046
2 0.991191 0.991142
0 0.985267 finbs
4 0.247824 0.247773
3 0.141228 9
1 0.071042
2 0.528561 0.528484
1 0.236934
3 0.981055 38
4 0.171655 0.171661
1 0.421663
1 0.624818
2 0.230012 0.229977
1 0.216453
0 0.988018 pvvob
1 0.1929
0 0.338513 ikvvb
2 0.093228 0.093322
3 0.523701 1
1 0.008812
2 0.327621 0.327552
0 0.544074 hqymc
1 0.589299
2 0.355813 0.355815
0 0.600642 cbvft
3 0.683861 19
1 0.497562
0 0.212191 ldaad
0 0.983219 qfxhn
2 0.197029 0.197024
0 0.627293 xhise
0 0.877514 tjfai
0 0.481413 lpxlv
3 0.423716 42
0 0.164623 qcsdz
2 0.807077 0.807163
0 0.084267 fnqxb
1 0.549434
0 0.923761 zogab
0 0.168747 hjnci
0 0.653255 qtcox
1 0.83642
2 0.681886 0.681861
0 0.106314 nfuke
0 0.590731 zyvam
0 0.124942 culom
3 0.560356 40
2 0.011421 0.011515
2 0.704383 0.704415
0 0.169118 dkwav
2 0.623126 0.623047
0 0.075773 krbte
3 0.219087 12
3 0.779444 4
1 0.790865
0 0.93712 hapyq
4 0.593315 0.59326
2 0.163403 0.163445
2 0.302882 0.302904
2 0.886878 0.886851
1 0.416179
0 0.13902 gayfv
2 0.202176 0.202204
4 0.114904 0.114934
2 0.56345 0.563548
3 0.144063 3
0 0.963825 butan
2 0.998721 0.998757
0 0.4149 cevbz
3 0.171785 20
0 0.322506 fhenj
1 0.345804
3 0.510196 42
3 0.543466 38
2 0.743085 0.743026
3 0.075711 12
0 0.063708 gzwtb
4 0.558405 0.558439
2 0.880911 0.880824
0 0.078699 fxnzb
1 0.915957
4 0.663018 0.662923
1 0.682522
3 0.183253 29
1 0.561334
3 0.043949 37
2 0.14958 0.149622
2 0.298822 0.298817
1 0.914617
2 0.008798 0.008872
1 0.385811
0 0.425812 xuzmd
0 0.277326 ihimo
3 0.538064 47
4 0.008607 0.008703
3 0.392764 32
1 0.060141
4 0.717285 0.717224
0 0.032146 dkvof
2 0.570997 0.571085
0 0.940385 acdas
3 0.692952 25
4 0.3265 0.32654
2 0.391018 0.390937
3 0.108304 45
4 0.14045 0.140518
1 0.114761
2 0.434193 0.434138
4 0.03023 0.030284
4 0.172431 0.172372
1 0.028474
2 0.442629 0.442707
3 0.357146 29
0 0.200643 xldat
4 0.236756 0.236713
1 0.867869
2 0.087939 0.087914
3 0.118169 31
2 0.292676 0.292605
4 0.077916 0.077903
4 0.54387 0.543811
0 0.339717 rklfg
1 0.036507
3 0.123716 3
4 0.996774 0.996729
4 0.269707 0.269773
1 0.523457
0 0.319994 jziyn
1 0.041122
1 0.886909
2 0.287486 0.287423
4 0.150759 0.150736
4 0.274475 0.274551
3 0.787601 23
0 0.573661 lvwda
1 0.812721
0 0.395444 xeteh
4 0.703135 0.70312
3 0.506973 30
2 0.197065 0.197006
2 0.512467 0.512454
2 0.963187 0.963261
2 0.59213 0.592222
1 0.057419
3 0.393208 36
2 0.188131 0.188175
1 0.025477
4 0.032096 0.032108
4 0.802499 0.802462
4 0.17224 0.172302
1 0.980139
1 0.127094
1 0.541968
3 0.916546 0
2 0.497032 0.497011
2 0.89024 0.890233
1 0.594723
2 0.523963 0.523962
1 0.072411
0 0.196957 hhhcg
2 0.986282 0.986231
4 0.044603 0.044532
0 0.695053 wehxj
4 0.008547 0.008532
1 0.048862
1 0.903692
3 0.078334 21
0 0.695437 lpnei
4 0.291456 0.291447
0 0.571016 zwnbp
4 0.530289 0.530238
1 0.579151
4 0.18291 0.182986
3 0.410082 11
0 0.704832 zkjax
0 0.673522 yruul
2 0.815317 0.815359
2 0.820707 0.82063
4 0.867348 0.867376
0 0.887561 akrnr
3 0.524676 48
1 0.43434
1 0.922266
2 0.014016 0.013995
4 0.108404 0.108337
3 0.440073 9
3 0.777132 39
2 0.64448 0.644413
4 0.607331 0.607264
1 0.47803
3 0.065817 1
1 0.170265
2 0.687617 0.687653
1 0.795479
4 0.535332 0.535412
3 0.592151 34
3 0.088713 37
0 0.113652 coxrx
4 0.765336 0.765374
2 0.172364 0.172432
0 0.760094 uryuk
1 0.533407
2 0.525247 0.525188
3 0.97488 24
2 0.717998 0.718074
3 0.105595 49
3 0.616876 38
2 0.431466 0.431468
3 0.458305 31
3 0.008656 3
1 0.803253
2 0.434298 0.434237
2 0.475897 0.475969
0 0.967129 kohae
0 0.779023 vuulj
1 0.529611
0 0.5765 hjbit
1 0.773008
4 0.717139 0.71707
1 0.1972
2 0.830141 0.83006
2 0.899965 0.900047
2 0.195341 0.19527
2 0.855455 0.855366
1 0.437023
2 0.343571 0.343496
4 0.412067 0.412062
4 0.703069 0.703115
3 0.979788 37
4 0.755324 0.755366
4 0.596849 0.596925
1 0.013167
0 0.892115 inodq
4 0.53369 0.533712
2 0.063566 0.063618
2 0.957671 0.957759
1 0.134617
1 0.034891
4 0.543296 0.543308
1 0.169576
0 0.174934 auaib
0 0.643279 sounn
2 0.371508 0.371534
4 0.329179 0.329193
2 0.463796 0.463892
3 0.525202 44
2 0.706433 0.706433
4 0.71671 0.716653
0 0.401327 jasea
3 0.754981 12
4 0.491597 0.491617
0 0.441512 dppbv
2 0.939349 0.939256
4 0.162134 0.162089
0 0.878844 dhkzh
0 0.461159 glzhm
1 0.229604
2 0.241013 0.240922
1 0.675012
0 0.477796 etgmt
2 0.558997 0.558954
2 0.965008 0.964941
3 0.997681 7
0 0.562689 gytyq
3 0.983491 31
0 0.304353 afymo
0 0.27607 beymg
1 0.443198
3 0.049378 34
4 0.171999 0.171968
0 0.233853 vziht
1 0.96187
0 0.310413 ilcqs
3 0.315739 5
4 0.216825 0.216891
0 0.082918 cafdx
1 0.698418
2 0.639714 0.639623
3 0.91056 8
2 0.07858 0.078523
3 0.399543 49
3 0.00783 10
0 0.631885 ohdug
0 0.697492 bqodt
2 0.22131 0.221358
2 0.648223 0.648166
1 0.599167
2 0.88903 0.889106
3 0.804925 28
1 0.88729
2 0.017316 0.017374
1 0.91931
4 0.598296 0.598298
1 0.473883
4 0.603633 0.603721
3 0.341295 37
2 0.50587 0.505916
3 0.105037 35
0 0.481914 gtqyn
2 0.078501 0.078563
1 0.48991
3 0.859025 15
4 0.332908 0.332952
4 0.897149 0.89711
2 0.407838 0.407777
2 0.894936 0.895022
2 0.350273 0.350232
1 0.315647
1 0.8949
1 0.571517
2 0.018784 0.018751
3 0.508695 48
3 0.648112 48
4 0.220556 0.22064
0 0.074047 vlwho
4 0.662015 0.662071
2 0.294521 0.294466
0 0.705773 mlnmt
3 0.422628 32
0 0.887056 zvqct
2 0.289982 0.290068
2 0.801405 0.801336
3 0.46342 25
2 0.274293 0.274212
3 0.980066 4
3 0.650375 47
2 0.339468 0.339544
1 0.053609
3 0.092259 13
2 0.169246 0.169278
3 0.703577 20
3 0.504982 39
3 0.484754 17
1 0.759047
0 0.203684 aankv
3 0.245309 30
4 0.81527 0.815235
4 0.747483 0.747466
2 0.295209 0.295221
2 0.078408 0.078408
4 0.469799 0.469817
4 0.293816 0.293775
1 0.751066
0 0.527092 oewic
1 0.721704
4 0.009863 0.009824
0 0.757347 kbwzm
0 0.252963 oppty
3 0.275141 19
0 0.009267 uexdx
3 0.01871 26
3 0.556602 1
2 0.500162 0.500242
1 0.230283
4 0.238893 0.238939
2 0.330901 0.330987
2 0.793779 0.793783
0 0.41015 bkbcj
3 0.370312 41
0 0.571329 elegn
4 0.041821 0.041827
0 0.280714 sexok
3 0.193495 41
4 0.881296 0.881199
3 0.193887 33
3 0.080551 26
3 0.703178 32
4 0.587983 0.588075
3 0.525018 15
0 0.196574 wvgrw
4 0.962676 0.962661
1 0.327277
3 0.086223 25
0 0.611258 tdhld
1 0.364951
2 0.774166 0.77418
0 0.973881 pyurg
3 0.91423 12
1 0.346964
3 0.078566 32
1 0.050243
2 0.326276 0.32629
1 0.447513
3 0.338569 37
1 0.526588
3 0.728801 26
4 0.654697 0.654694
0 0.990789 jibxw
1 0.528091
0 0.886831 xxclm
0 0.369586 kndxp
1 0.83304
1 0.753412
0 0.168341 bebxg
3 0.123407 39
1 0.832952
0 0.308585 piwse
4 0.466498 0.466429
0 0.832769 fptaj
2 0.172343 0.172381
0 0.907139 qnlfw
1 0.680482
0 0.782938 fsfoi
1 0.28446
1 0.723288
4 0.002481 0.002515
1 0.813903
1 0.733678
4 0.32225 0.322211
4 0.887102 0.887128
0 0.661475 rddlf
3 0.873435 24
2 0.001952 0.001945
2 0.566938 0.566843
4 0.56942 0.56945
2 0.899675 0.899672
2 0.794764 0.794818
1 0.433643
2 0.108242 0.108149
0 0.477878 msnyy
2 0.83018 0.830137
4 0.189288 0.189247
0 0.788035 mwhvk
1 0.387186
3 0.818075 0
1 0.454944
2 0.970807 0.970716
4 0.428928 0.428996
3 0.745358 45
4 0.078687 0.078695
1 0.828426
1 0.588233
2 0.813273 0.813333
4 0.617739 0.617753
0 0.521277 ngnhy
4 0.465553 0.465538
1 0.410833
3 0.399009 41
0 0.691615 pyzsw
0 0.570813 aqjvx
2 0.144853 0.144943
0 0.186277 wakvj
4 0.358383 0.358294
4 0.56635 0.566301
2 0.380752 0.380735
3 0.539932 38
2 0.831926 0.831958
2 0.170951 0.170934
4 0.245677 0.245709
3 0.886964 35
3 0.070656 10
1 0.197235
0 0.503852 ukgkm
1 0.803423
4 0.82651 0.826509
0 0.186342 vpolx
4 0.215759 0.215781
3 0.181859 34
0 0.151572 vpfrg
3 0.172177 22
4 0.234913 0.234818
3 0.577775 48
0 0.764118 bxwei
3 0.973029 33
1 0.154888
2 0.795953 0.795892
2 0.422269 0.422317
4 0.664382 0.66447
1 0.088643
0 0.571594 aavjp
1 0.001172
4 0.351075 0.350986
4 0.609153 0.609171
2 0.003501 0.003494
2 0.799455 0.799475
1 0.738076
0 0.778581 bddns
4 0.083257 0.08317
1 0.765406
4 0.570984 0.571012
1 0.021322
1 0.160956
2 0.873035 0.87302
4 0.67249 0.672403
0 0.410566 tjgow
4 0.69776 0.69778
3 0.340748 17
4 0.476659 0.476568
3 0.385963 36
4 0.571217 0.571192
0 0.690811 vkckm
4 0.471968 0.471875
0 0.317696 grphc
0 0.830271 dqkjb
0 0.970798 qsotd
3 0.251747 24
1 0.089791
3 0.821834 11
1 0.160028
1 0.077923
1 0.441313
4 0.405988 0.406024
0 0.731499 awiqc
2 0.708757 0.708678
4 0.563871 0.563953
1 0.807897
3 0.025913 25
4 0.484976 0.484903
4 0.623119 0.623102
0 0.078106 fdgae
4 0.981621 0.981572
2 0.071828 0.071914
4 0.133007 0.133067
2 0.842641 0.842675
1 0.409176
4 0.002138 0.002041
0 0.409211 lzueh
0 0.885744 htucp
0 0.219894 fxojw
4 0.197101 0.197038
2 0.192898 0.192912
0 0.506796 thzzd
2 0.417575 0.417587
3 0.793634 12
4 0.031907 0.032001
1 0.251802
4 0.344915 0.344939
1 0.691496
1 0.177623
2 0.1689 0.168821
1 0.171994
0 0.466742 uziud
2 0.988057 0.988091
1 0.938221
0 0.476051 birdd
4 0.944333 0.944286
0 0.121956 zozyl
3 0.039985 22
0 0.93964 fmzcq
4 0.197047 0.197137
4 0.313883 0.31381
2 0.868223 0.868295
1 0.812557
2 0.650294 0.650229
1 0.70731
0 0.056952 zztgf
1 0.731423
3 0.580319 23
3 0.595765 9
3 0.478056 17
0 0.338531 vzrxi
0 0.027667 kfzfh
1 0.531928
3 0.631787 11
3 0.22191 30
3 0.754215 46
3 0.156493 29
4 0.421147 0.421195
1 0.27603
1 0.571157
4 0.134179 0.134122
2 0.052818 0.052807
0 0.101098 kdyad
0 0.769489 ejisi
3 0.269383 18
0 0.061765 rwvfv
4 0.418263 0.418164
1 0.136052
2 0.390717 0.39064
1 0.172211
2 0.291264 0.291332
1 0.466654
2 0.757195 0.757106
2 0.481425 0.481449
2 0.405325 0.405415
2 0.478048 0.477969
1 0.855968
3 0.012276 17
4 0.148329 0.148365
4 0.078201 0.078281
2 0.529564 0.529563
0 0.51257 ctdiq
4 0.512336 0.512331
1 0.763195
1 0.856205
1 0.285174
1 0.369485
3 0.388872 16
4 0.551176 0.5512
4 0.571164 0.571071
3 0.150019 49
0 0.060779 upein
2 0.527389 0.527473
2 0.956595 0.956554
1 0.758121
2 0.136546 0.136612
0 0.170712 hjcox
1 0.6297
3 0.351301 19
2 0.478379 0.478413
1 0.160209
2 0.137828 0.137878
3 0.064033 47
4 0.831094 0.831112
4 0.96764 0.967676
1 0.654704
3 0.657629 42
0 0.390209 wtwpf
1 0.826971
2 0.009389 0.009483
1 0.232739
4 0.094581 0.094653
3 0.67105 18
1 0.831599
3 0.888747 0
4 0.863531 0.863613
2 0.184648 0.184605
2 0.135465 0.135388
4 0.382353 0.382268
2 0.078052 0.078056
0 0.928352 zgltt
1 0.771086
3 0.558287 47
3 0.03974 11
1 0.178822
0 0.455901 eaijr
4 0.541079 0.540982
2 0.400549 0.400549
3 0.437466 5
4 0.886936 0.886849
1 0.80157
0 0.174814 qxqnh
0 0.625053 nzonr
1 0.002267
2 0.59024 0.590209
3 0.01244 0
2 0.879345 0.879361
2 0.285536 0.285536
1 0.418414
0 0.078743 cmdgu
3 0.380152 13
2 0.408699 0.408705
0 0.410966 caiyg
2 0.339998 0.340086
3 0.989672 26
3 0.971733 40
3 0.772451 21
2 0.766845 0.766788
2 0.74252 0.742544
3 0.171892 21
3 0.983167 40
3 0.566217 40
4 0.678059 0.678101
4 0.185599 0.185659
1 0.978675
3 0.812441 18
3 0.584893 39
3 0.86809 46
0 0.61061 lcieg
1 0.570846
2 0.709243 0.709331
4 0.903655 0.903737
3 0.605606 44
2 0.584282 0.584306
3 0.2908 44
3 0.834741 47
4 0.540239 0.540299
1 0.190214
0 0.482096 eckqy
2 0.755363 0.755387
4 0.686705 0.686775
3 0.270987 44
3 0.078139 38
2 0.91288 0.912916
1 0.969472
3 0.325187 36
3 0.807283 14
0 0.586737 jmzpy
3 0.25016 20
2 0.008522 0.008457
3 0.870862 6
2 0.858089 0.858052
0 0.467167 yhhgl
2 0.811613 0.811572
2 0.661671 0.661741
3 0.137615 43
2 0.387775 0.387712
1 0.411516
0 0.944246 yxdzs
3 0.477485 34
2 0.313433 0.31339
4 0.594794 0.594709
2 0.472635 0.472618
0 0.415157 ecauh
3 0.156764 4
0 0.617362 lyqlz
0 0.261662 iquzu
1 0.231749
0 0.344627 agyjx
0 0.571433 tnghe
4 0.330694 0.330752
1 0.29814
3 0.495164 2
4 0.878515 0.878514
4 0.091651 0.091693
0 0.415934 zertf
1 0.011951
2 0.720452 0.720365
3 0.541894 39
0 0.171784 towze
3 0.816085 14
4 0.424088 0.424031
1 0.840022
3 0.310271 24
4 0.765618 0.76567
1 0.499747
1 0.047483
0 0.77285 xljkq
2 0.450033 0.450085
4 0.171871 0.171903
3 0.111425 41
4 0.467799 0.467819
2 0.037025 0.037089
0 0.547529 rlucw
3 0.185421 20
2 0.225753 0.225692
4 0.675786 0.675852
1 0.06339
4 0.543222 0.5433
1 0.886849
0 0.98773 yaaie
2 0.737632 0.73768
4 0.73673 0.736766
3 0.686202 20
1 0.250863
2 0.454219 0.454138
0 0.033961 qagwb
2 0.997592 0.997598
2 0.985322 0.98536
0 0.078398 hkdlx
3 0.268462 37
4 0.530543 0.530545
1 0.501114
4 0.674503 0.674531
1 0.752425
0 0.087883 aqtzm
4 0.506082 0.506025
0 0.402904 vvtjs
4 0.353284 0.353191
3 0.88769 41
3 0.639622 44
1 0.920423
2 0.607151 0.607092
0 0.188218 cmycw
4 0.487058 0.48715
0 0.125355 xidwg
0 0.99868 qxsrr
0 0.481217 sibnl
1 0.090128
1 0.477851
3 0.523522 9
3 0.697778 14
0 0.702684 osnun
0 0.408207 hobei
3 0.915644 39
3 0.838618 40
3 0.404431 48
4 0.200232 0.200189
4 0.483091 0.48301
2 0.477488 0.477477
0 0.686962 pszgh
2 0.755887 0.755838
1 0.982577
0 0.240835 xkskf
4 0.515655 0.515735
4 0.741279 0.741208
1 0.181033
4 0.135174 0.135194
3 0.693284 34
2 0.197278 0.197316
2 0.503786 0.503699
3 0.486364 33
4 0.597541 0.597492
2 0.927447 0.927495
3 0.959455 28
2 0.700734 0.700786
3 0.39812 33
3 0.721592 26
4 0.732026 0.731957
3 0.88708 33
1 0.976464
1 0.246922
4 0.785167 0.785183
0 0.344931 bgryh
4 0.464805 0.464774
4 0.862925 0.862989
4 0.584517 0.584474
1 0.832895
4 0.072184 0.07226
4 0.478144 0.478067
4 0.941665 0.941691
4 0.302481 0.302557
0 0.590744 snbjk
0 0.593436 mkltr
1 0.29431
3 0.153812 44
4 0.087996 0.087989
2 0.782738 0.782822
1 0.240755
0 0.887362 gibtf
3 0.857472 7
2 0.056369 0.056429
1 0.872487
3 0.911086 0
0 0.793933 yvygd
0 0.572491 qksjy
0 0.077935 irznj
2 0.199568 0.199592
3 0.82588 1
0 0.172502 psoqm
3 0.075135 42
0 0.443149 jhdxr
2 0.64175 0.641796
2 0.490164 0.490222
2 0.206084 0.206118
0 0.031965 ltbat
2 0.164603 0.164657
0 0.17062 usibn
1 0.291701
1 0.196385
0 0.397635 hgfeq
0 0.398571 dtzqa
4 0.604377 0.60432
4 0.774997 0.77498
0 0.924812 tjotp
3 0.891635 20
1 0.091846
1 0.196443
1 0.118825
2 0.197295 0.197232
3 0.341689 17
4 0.946066 0.946142
4 0.237416 0.237323
4 0.67858 0.678565
0 0.04824 tbpbo
2 0.222623 0.222532
2 0.519742 0.519673
4 0.651415 0.651441
3 0.553331 40