1 0.462148
3 0.235646 10
4 0.876541 0.231546
0 0.654123 askjh
3 0.846213 25
1 0.894517
0 0.312548 sdlkj
1 0.234851
4 0.568712 0.984563
4 0.987453 0.254128
2 0.462160 0.032165
3 0.657841 16
0 0.321458 aslkj
1 0.261486
4 0.365897 0.487512
3 0.384561 32
2 0.265874 0.458215
1 0.654781 
0 0.311254 qwoij
4 0.325487 0.368456
2 0.462110 0.584321
3 0.124578 3
0 0.312548 soixc
2 0.129875 0.123454
3 0.321458 9
1 0.786954
2 0.612487 0.054871
4 0.698751 0.154872
2 0.632584 0.168421
4 0.215874 0.336584
1 0.462140
0 0.531827 vnudfk
2 0.286412 0.684213
4 0.485952 0.463215
3 0.423688 7
2 0.248956 0.003215
1 0.157466
0 0.335577 vxoiu
2 0.994422 0.003659
4 0.327452 0.841253
4 0.462145 0.485123
3 0.119856 18
2 0.315421 0.078451
1 0.321541
0 0.385214 vxcnmi
3 0.625841 25
2 0.652147 0.004851
1 0.362451
4 0.842158 0.316497
1 0.215483
