1 0.812847
1 0.374033
2 0.271585 0.271506
1 0.716035
3 0.585181 23
2 0.993393 0.993415
3 0.008845 20
1 0.210889
1 0.717619
0 0.916705 joexb
1 0.138854
0 0.496668 paxih
3 0.152886 39
4 0.469309 0.469246
4 0.294331 0.294377
0 0.820453 dojas
4 0.923355 0.923371
3 0.495475 5
1 0.150682
0 0.780351 jtcsr
1 0.389331
0 0.561927 fhkro
3 0.006128 8
2 0.370589 0.370683
0 0.651755 zlrmd
1 0.100859
3 0.282947 4
3 0.216295 49
1 0.929518
1 0.956748
2 0.417575 0.417532
1 0.603251
2 0.248549 0.24847
0 0.147109 ospjh
3 0.883342 19
4 0.90229 0.902318
0 0.185238 lolug
1 0.259117
0 0.371553 kpprw
3 0.405675 23
2 0.901996 0.90206
3 0.566424 6
1 0.449766
1 0.613753
2 0.786954 0.787012
2 0.866589 0.866677
4 0.083123 0.083088
0 0.34224 dsaob
3 0.59335 10
3 0.386623 4
1 0.41825
3 0.195473 44
1 0.809226
3 0.842928 36
0 0.709517 liaun
2 0.204247 0.204222
1 0.146421
4 0.518096 0.518025
2 0.255351 0.255445
1 0.894602
3 0.418452 27
4 0.93485 0.934845
2 0.777778 0.77782
4 0.487295 0.487224
0 0.796287 fpnef
3 0.685456 26
1 0.94158
3 0.440188 24
1 0.33479
3 0.93277 20
2 0.08391 0.083912
0 0.671918 wvxey
0 0.962107 qiqsa
0 0.823812 hzlmr
3 0.094983 17
3 0.562756 4
2 0.818952 0.818859
2 0.420128 0.420065
0 0.460132 yiexd
1 0.450462
4 0.957364 0.957343
2 0.434499 0.434527
0 0.663356 qpnyt
4 0.974391 0.974374
4 0.005188 0.005091
3 0.968934 31
4 0.559999 0.560085
0 0.113171 ianpj
0 0.991487 ahneu
3 0.968266 35
0 0.923962 pazpl
3 0.47073 0
2 0.563268 0.563263
0 0.305477 gfpqw
2 0.135203 0.135257
4 0.375361 0.375294
2 0.343627 0.343679
0 0.635461 xqbyz
1 0.271695
2 0.472143 0.472098
1 0.272152
0 0.306128 njjjb
3 0.74462 20
1 0.749239
0 0.721195 fmchl
4 0.058126 0.05819
3 0.329821 41
1 0.614518
3 0.935442 22
2 0.309034 0.309033
2 0.81325 0.813207
0 0.824375 gustm
2 0.126833 0.126758
2 0.779056 0.7791
3 0.56532 27
0 0.146764 tunwe
3 0.592682 14
0 0.310256 qaifc
1 0.085497
4 0.618122 0.618138
2 0.566678 0.566663
2 0.713654 0.713619
2 0.089524 0.089473
3 0.596265 22
3 0.196878 15
2 0.713844 0.713942
4 0.46511 0.465027
4 0.452884 0.452928
2 0.538382 0.5384
4 0.95915 0.959152
3 0.717897 28
3 0.387665 47
2 0.689169 0.689189
4 0.702491 0.702398
4 0.826959 0.826906
3 0.765257 17
1 0.59714
3 0.965925 34
0 0.020659 apvjh
2 0.214566 0.21463
3 0.956978 18
0 0.503103 ltsot
1 0.11169
0 0.545718 napyh
1 0.64402
2 0.926637 0.926556
1 0.315623
4 0.580869 0.58083
4 0.21415 0.214129
4 0.355671 0.3556
2 0.46971 0.469651
1 0.506602
1 0.497676
3 0.467284 29
4 0.574293 0.574359
3 0.734665 10
2 0.874846 0.874783
3 0.55033 35
2 0.998649 0.998562
3 0.587551 10
0 0.717924 dhmcc
0 0.023584 fvcpm
3 0.798166 11
3 0.673012 27
1 0.739695
2 0.403243 0.403339
1 0.490312
2 0.180312 0.180316
3 0.14517 9
1 0.32454
3 0.153572 6
0 0.535217 hqzdh
0 0.73141 vuejl
2 0.364743 0.36467
4 0.20699 0.206953
3 0.245145 9
4 0.231609 0.231609
3 0.156631 14
1 0.62159
1 0.48552
4 0.405958 0.406002
2 0.964046 0.964003
1 0.024152
0 0.149905 psmbe
2 0.81429 0.814217
1 0.517722
2 0.576478 0.576443
0 0.036094 gawdc
4 0.19145 0.191502
3 0.506222 48
2 0.272354 0.272366
4 0.043654 0.043696
1 0.954881
1 0.986424
4 0.00924 0.009286
3 0.10207 33
4 0.654517 0.654446
1 0.469547
4 0.68363 0.683543
1 0.324434
2 0.24945 0.249389
4 0.71967 0.719597
3 0.279676 18
2 0.234558 0.234529
1 0.345812
1 0.853847
3 0.643992 30
2 0.298509 0.298506
0 0.284408 uybec
0 0.311521 ypqvg
3 0.006856 27
0 0.418409 wvnfy
3 0.971407 7
4 0.043162 0.043133
2 0.715447 0.715479
2 0.696063 0.696083
4 0.007584 0.007543
2 0.241919 0.242015
1 0.140879
3 0.189354 7
1 0.923561
1 0.405347
4 0.450781 0.450803
3 0.870238 8
1 0.06852
1 0.092003
4 0.664895 0.664913
4 0.243009 0.243063
0 0.279746 ewkzl
1 0.270463
0 0.418271 mfify
4 0.970778 0.97079
0 0.039298 rkyhf
3 0.246871 7
1 0.526618
3 0.287061 0
4 0.224573 0.224609
3 0.829415 10
0 0.731112 sucgm
3 0.639786 35
0 0.27237 ygive
3 0.032016 6
1 0.319078
1 0.01352
3 0.995794 25
4 0.430857 0.430867
1 0.999325
4 0.615325 0.615292
1 0.690844
1 0.463836
4 0.405807 0.405758
1 0.85597
0 0.316892 clzgc
2 0.086424 0.086444
4 0.432001 0.43191
1 0.792412
2 0.654838 0.654747
4 0.323172 0.323264
0 0.663995 kqxgp
4 0.822528 0.822624
1 0.49564
1 0.797868
1 0.339581
4 0.584353 0.584268
1 0.294544
3 0.14141 18
1 0.011653
0 0.19776 zkstv
1 0.733602
3 0.278867 32
0 0.99344 ngdiv
4 0.772498 0.772594
2 0.583394 0.58344
2 0.241365 0.24133
0 0.361735 bxsqd
0 0.024066 rwaff
0 0.164545 rkdle
0 0.04301 ucafl
4 0.934649 0.934636
1 0.812736
0 0.371617 qscik
1 0.87495
3 0.485748 47
0 0.602291 sjxao
3 0.411589 30
2 0.462519 0.462595
3 0.383284 47
4 0.887996 0.88804
3 0.838412 47
3 0.812895 7
4 0.917055 0.917067
1 0.17495
0 0.720628 nsycy
2 0.641984 0.641925
3 0.43426 15
4 0.657509 0.657563
0 0.809053 shopw
4 0.498839 0.498786
3 0.617189 17
1 0.308491
3 0.405886 43
3 0.199818 22
2 0.077578 0.077598
4 0.149195 0.149249
3 0.194701 36
4 0.694886 0.694855
1 0.547201
3 0.363316 42
4 0.152886 0.15292
1 0.554663
0 0.390248 jzsfb
0 0.057181 oxgvp
0 0.150851 difqs
3 0.163658 11
4 0.316545 0.316498
1 0.38756
3 0.126109 32
2 0.389542 0.389495
2 0.369146 0.36923
2 0.426327 0.426234
4 0.717973 0.718059
4 0.987888 0.987942
4 0.78823 0.788207
0 0.951889 kaqmg
1 0.047509
2 0.269678 0.269627
1 0.824777
0 0.578432 cauej
0 0.257614 guxco
2 0.88925 0.889163
4 0.101532 0.101507
4 0.949308 0.949237
0 0.769052 hsybh
3 0.999191 31
0 0.849749 vdvrn
1 0.389959
2 0.191613 0.191604
4 0.681244 0.681243
4 0.936917 0.936943
1 0.402577
0 0.957299 raimt
0 0.683961 olats
4 0.69725 0.697167
3 0.244579 48
4 0.143795 0.143887
0 0.536886 zbbra
3 0.997321 10
4 0.663641 0.663735
4 0.919436 0.919456
2 0.769466 0.769371
2 0.259153 0.259148
1 0.961406
1 0.092069
2 0.034931 0.034993
3 0.571817 24
2 0.588207 0.588192
1 0.21802
1 0.446798
1 0.455329
3 0.77688 15
0 0.147121 jgzce
2 0.23486 0.234781
4 0.563197 0.563207
1 0.895167
0 0.176382 danxu
3 0.381933 45
2 0.953478 0.953403
0 0.735943 lirge
1 0.248384
2 0.485579 0.485675
4 0.866733 0.866652
3 0.138476 15
4 0.964663 0.964679
4 0.041574 0.041628
4 0.230469 0.230543
2 0.712596 0.712537
2 0.32046 0.320433
4 0.811742 0.811828
0 0.576478 pjqqj
0 0.543819 edqps
1 0.902882
2 0.350271 0.350264
3 0.604878 4
2 0.628132 0.628148
2 0.349341 0.34933
3 0.018759 39
4 0.690107 0.690171
4 0.025531 0.025615
1 0.749087
4 0.451577 0.451518
0 0.387581 agdvq
0 0.984842 symkz
4 0.615542 0.615445
1 0.681328
1 0.218975
3 0.694387 11
4 0.959827 0.959859
3 0.996986 49
0 0.890185 zbqrx
0 0.808347 srrsd
2 0.006454 0.006496
3 0.961183 19
3 0.171922 30
4 0.131749 0.131813
4 0.645087 0.645024
4 0.051624 0.051603
0 0.021455 ntfko
2 0.06525 0.065159
3 0.89518 24
2 0.187506 0.187522
0 0.903118 lbgxm
1 0.646505
1 0.895863
4 0.510317 0.510405
1 0.864577
1 0.492432
1 0.319204
1 0.608787
2 0.738069 0.738002
1 0.334202
0 0.406542 exrwy
0 0.130924 xyjxd
0 0.661122 udtyl
2 0.523221 0.523126
1 0.26129
4 0.090175 0.090219
0 0.540464 qqnzu
4 0.222118 0.22216
1 0.732389
0 0.052084 uccjz
1 0.65261
0 0.534795 gjnla
4 0.533157 0.533195
0 0.405016 cssgf
4 0.175427 0.175461
1 0.227511
4 0.931247 0.93121
0 0.609514 gzyha
0 0.656893 gzimt
4 0.22316 0.223188
2 0.58523 0.585173
1 0.075454
1 0.742837
0 0.068047 eczgs
3 0.122205 12
4 0.872153 0.872054
2 0.872901 0.87283
3 0.214622 30
4 0.954134 0.954144
2 0.801328 0.801311
1 0.151164
2 0.850205 0.85016
1 0.339903
0 0.960258 xadtr
0 0.370468 nrdfa
0 0.909347 wvosk
0 0.53202 wvszr
4 0.394591 0.394536
4 0.871201 0.871188
3 0.293033 27
3 0.34291 35
3 0.621236 10
1 0.046935
0 0.317798 aygmj
0 0.291167 uuvvt
0 0.672951 rgymx
0 0.977983 rvmpr
1 0.877651
1 0.550506
1 0.423156
1 0.957615
0 0.366996 yqscu
3 0.615611 29
3 0.7448 32
2 0.654865 0.654848
2 0.771952 0.771915
0 0.026628 kqjke
0 0.888103 bwqep
1 0.919278
1 0.683098
3 0.139722 19
2 0.620502 0.620481
2 0.816119 0.816028
1 0.360656
1 0.529659
2 0.935456 0.935506
3 0.498366 48
3 0.369738 24
0 0.342474 dsxav
0 0.329876 rxbpl
2 0.185398 0.185299
0 0.626508 ddyuv
1 0.955259
1 0.946421
4 0.471918 0.471823
3 0.589137 2
1 0.905806
3 0.102202 35
3 0.842298 26
1 0.273567
1 0.956845
4 0.958587 0.958595
1 0.520551
2 0.152216 0.15225
3 0.247354 5
2 0.235624 0.235621
3 0.824761 5
4 0.246919 0.246914
3 0.768104 19
1 0.46453
0 0.929935 kiqob
0 0.21352 eggwk
4 0.805761 0.805744
4 0.184966 0.184996
4 0.336497 0.336547
2 0.590231 0.590237
1 0.686262
4 0.344751 0.344686
2 0.33652 0.336614
0 0.475854 sxxif
0 0.884002 kyhsl
4 0.913353 0.913415
1 0.546335
3 0.39202 38
2 0.445809 0.44572
2 0.599578 0.599569
4 0.349074 0.34909
4 0.161756 0.161663
4 0.334698 0.334706
4 0.120235 0.120303
4 0.343042 0.342945
4 0.786507 0.786448
2 0.332842 0.332846
2 0.779532 0.779544
3 0.054621 36
2 0.182583 0.182528
1 0.786399
4 0.913864 0.913956
0 0.764914 xjxhc
4 0.10997 0.109917
2 0.497411 0.497413
0 0.537648 lcgwo
1 0.671782
4 0.068704 0.068794
3 0.971245 6
0 0.936256 nqxcq
1 0.649908
1 0.464789
0 0.199711 yolkm
1 0.172446
4 0.211081 0.211038
2 0.886248 0.886163
0 0.857494 peqln
0 0.794238 unilc
4 0.587078 0.587063
0 0.476195 plrjz
3 0.681326 47
4 0.244678 0.244774
4 0.397526 0.397568
3 0.054809 44
4 0.6036 0.603668
4 0.797847 0.797812
1 0.525438
1 0.830781
3 0.962361 4
4 0.309318 0.309245
4 0.828489 0.828541
4 0.675303 0.675333
2 0.306354 0.30641
4 0.575749 0.575732
3 0.374329 9
4 0.34765 0.347593
2 0.585416 0.585321
3 0.93255 11
4 0.995604 0.995519
0 0.97973 jmqix
4 0.837975 0.83797
3 0.975596 5
0 0.505161 hzfkn
2 0.911834 0.911904
0 0.867014 zygcu
2 0.682297 0.682216
1 0.980845
2 0.945662 0.945734
2 0.841335 0.841355
4 0.615826 0.615745
2 0.38577 0.38586
4 0.146535 0.146486
3 0.280858 24
2 0.274903 0.274953
2 0.248676 0.24875
1 0.831776
2 0.636694 0.636621
4 0.582356 0.582311
4 0.423692 0.423675
0 0.55587 gyubu
4 0.384889 0.384888
2 0.030665 0.030671
3 0.380867 3
0 0.431099 ywnxk
1 0.585731
3 0.612985 42
0 0.724962 piwpo
0 0.520335 mxpim
3 0.408111 43
0 0.355562 klclp
0 0.480716 pzevc
4 0.517477 0.517414
1 0.270029
4 0.543575 0.543635
2 0.787386 0.787434
4 0.240202 0.240143
4 0.221054 0.221128
1 0.622612
1 0.531991
4 0.391091 0.391084
2 0.281897 0.281844
2 0.558296 0.55839
4 0.292512 0.292592
1 0.426183
0 0.902756 gswga
0 0.628109 wthyt
3 0.843581 25
2 0.061145 0.061219
0 0.071224 qdimj
1 0.026718
3 0.333864 9
3 0.851006 35
3 0.715686 16
3 0.343795 49
4 0.083396 0.083468
4 0.717399 0.71736
1 0.950773
1 0.7549
1 0.079625
0 0.375683 pcylb
3 0.541289 20
3 0.495963 6
4 0.668708 0.668712
0 0.4233 qrjlk
2 0.15078 0.150824
0 0.665246 wzgjx
2 0.577473 0.57746
0 0.635115 kiall
3 0.8075 27
3 0.397768 43
4 0.302561 0.302526
3 0.769594 6
1 0.29319
1 0.972385
1 0.495883
1 0.972999
4 0.758647 0.758693
4 0.339382 0.339339
4 0.119778 0.119771
4 0.927278 0.927193
0 0.325047 yrkau
4 0.422571 0.42252
4 0.7761 0.776188
3 0.392431 5
3 0.009347 10
4 0.990851 0.990945
2 0.560982 0.560909
0 0.447252 acgep
3 0.668411 39
2 0.581965 0.581902
3 0.305062 13
1 0.92457
1 0.686798
0 0.972059 cgxvc
1 0.604042
0 0.386835 vhbte
2 0.085408 0.08548
4 0.667373 0.667286
3 0.488787 2
1 0.929709
4 0.032237 0.032237
0 0.538041 ynowl
2 0.824424 0.824383
4 0.727611 0.727524
3 0.884215 47
2 0.006597 0.00656
3 0.421885 32
0 0.395187 zryhm
4 0.256849 0.256861
3 0.627103 7
3 0.404865 34
1 0.996746
0 0.512663 xxawc
2 0.410356 0.410446
2 0.006696 0.006615
3 0.802735 21
0 0.295154 wrihu
0 0.850338 hdszx
2 0.607253 0.60719
2 0.011012 0.01108
4 0.421369 0.42131
2 0.769962 0.769929
2 0.030095 0.030173
4 0.125517 0.125486
3 0.248865 45
4 0.052743 0.052658
2 0.585153 0.585205
2 0.651212 0.651298
2 0.438327 0.438395
0 0.868195 dpqni
0 0.311792 ngakt
1 0.455443
1 0.211902
3 0.858675 46
1 0.374513
1 0.533715
1 0.144059
2 0.900186 0.900175
2 0.03308 0.033164
4 0.508316 0.508245
1 0.820108
4 0.194558 0.194461
3 0.69426 33
2 0.302246 0.302284
2 0.185806 0.185868
4 0.2074 0.207434
4 0.619866 0.619821
1 0.036404
3 0.492585 35
4 0.659181 0.659128
0 0.430669 sscwh
3 0.472994 34
1 0.439732
2 0.815359 0.815427
2 0.917453 0.917446
3 0.615966 4
1 0.652371
2 0.159298 0.159306
3 0.81848 11
1 0.765501
4 0.84935 0.849321
3 0.010382 19
4 0.890917 0.890862
1 0.267696
4 0.867277 0.867367
0 0.105395 dogub
4 0.788466 0.788421
0 0.123298 xkizu
4 0.200917 0.200884
1 0.671396
2 0.387106 0.387099
0 0.083473 vglsy
3 0.138887 7
0 0.768055 afibs
0 0.994365 nhmyk
0 0.453098 ugtjy
3 0.817694 49
0 0.591788 holku
4 0.524351 0.524254
0 0.071605 zuunc
3 0.581296 22
0 0.000953 oijgo
0 0.323426 hjann
1 0.960238
1 0.884337
2 0.68882 0.68882
2 0.898909 0.898896
2 0.17343 0.173347
3 0.229652 43
4 0.255325 0.255324
1 0.315703
3 0.576236 31
4 0.191643 0.191604
0 0.824412 lwcga
1 0.86724
0 0.770754 bqmjm
3 0.668645 23
3 0.873399 4
3 0.529157 43
4 0.969966 0.970004
1 0.820318
1 0.176507
1 0.553707
2 0.297581 0.297591
4 0.497399 0.497483
0 0.12898 jpcgo
3 0.069122 26
0 0.846691 tdwvt
0 0.327719 fbauw
1 0.429873
1 0.45834
2 0.718897 0.718921
2 0.847878 0.847833
4 0.893368 0.893422
1 0.929571
3 0.936771 36
1 0.749216
3 0.005318 1
4 0.919374 0.91942
2 0.387138 0.387121
4 0.817011 0.816928
1 0.00135
1 0.852715
2 0.966611 0.966671
1 0.9235
2 0.795695 0.795793
1 0.248818
4 0.675034 0.675068
4 0.196704 0.19674
1 0.116079
2 0.885423 0.885354
1 0.848574
2 0.609235 0.60917
3 0.727968 33
2 0.86731 0.86732
2 0.071866 0.07194
4 0.299064 0.299156
4 0.40675 0.406723
4 0.385975 0.385944
2 0.113513 0.113523
1 0.998936
1 0.651437
3 0.343264 24
3 0.697547 42
3 0.370848 20
3 0.273423 36
0 0.196634 dbhuo
2 0.23633 0.236267
1 0.349843
0 0.111017 vurbz
4 0.862923 0.862991
4 0.652336 0.652267
2 0.830947 0.830987
3 0.10437 28
0 0.603848 ullow
2 0.910079 0.910022
2 0.021096 0.021184
4 0.299903 0.29982
0 0.355735 nylru
3 0.982042 27
3 0.602764 5
3 0.903769 36
3 0.089789 22
2 0.814536 0.814572
4 0.613781 0.613797
2 0.647555 0.647536
0 0.673702 bnqba
0 0.092976 rarmd
2 0.380149 0.380225
2 0.98629 0.986388
4 0.800826 0.800739
0 0.558146 tagsm
1 0.378131
3 0.365288 6
3 0.930361 33
1 0.451827
2 0.294771 0.294787
1 0.191272
4 0.353223 0.353285
0 0.633744 yjimb
4 0.389449 0.389368
2 0.320682 0.320746
0 0.202322 plaax
0 0.135094 toaiu
0 0.389384 qcsgq
3 0.088888 27
4 0.931369 0.93129
3 0.184686 1
1 0.523909
1 0.307823
2 0.408916 0.408956
1 0.491248
0 0.921924 bbpkg
0 0.301533 zavwj
3 0.902307 48
3 0.471055 1
1 0.511316
2 0.183771 0.183799
3 0.349512 37
3 0.662727 11
1 0.472241
3 0.287822 26
0 0.105707 najoy
3 0.375837 6
2 0.153426 0.153512
3 0.962856 0
0 0.314785 lyyko
0 0.934486 ylkiw
3 0.459819 37
0 0.790687 klguc
1 0.208827
2 0.391799 0.391762
1 0.841749
2 0.619968 0.619889
3 0.406561 27
0 0.436253 yicwh
0 0.645899 ifbaj
2 0.963823 0.963734
1 0.789798
0 0.821989 ipknj
2 0.010041 0.010032
3 0.746168 36
1 0.297714
4 0.161207 0.161235
0 0.957119 bgwmy
3 0.066397 12
3 0.172337 3
2 0.636378 0.63639
3 0.468398 36
4 0.278507 0.278553
2 0.033896 0.033956
3 0.44052 17
1 0.375453
4 0.39195 0.392026
2 0.405804 0.405804
4 0.447878 0.447892
2 0.136568 0.136586
1 0.772946
2 0.463154 0.463109
3 0.305563 4
4 0.89414 0.894192
4 0.813136 0.813111
4 0.629307 0.629385
3 0.021258 4
0 0.86748 blsyl
0 0.822531 jplwt
1 0.152098
0 0.263096 nzygv
1 0.005034
4 0.485354 0.485398
1 0.062765
1 0.397051
3 0.32729 28
0 0.528604 bxfcd
3 0.78744 37
4 0.288934 0.289012
1 0.910757
2 0.67045 0.670377
1 0.8946
3 0.740536 6
0 0.108079 cpktn
3 0.998263 8
0 0.254168 nwgah
0 0.9471 yevdv
2 0.283881 0.283935
4 0.48599 0.485939
3 0.491801 6
2 0.617541 0.617585
0 0.615804 tywrp
0 0.949886 pepmg
0 0.774534 sucyq
4 0.78208 0.78216
0 0.482425 mddes
3 0.927331 23
1 0.083758
0 0.285884 jlnth
1 0.568146
4 0.71465 0.714656
0 0.881789 empnn
3 0.261412 23
3 0.622531 14
1 0.803654
0 0.781416 qlggk
4 0.641112 0.641023
0 0.903039 pqiax
1 0.778971
3 0.698512 25
1 0.851137
0 0.982249 brddl
3 0.832071 39
2 0.014549 0.014538
4 0.506991 0.50694
0 0.567578 prwzh
2 0.607361 0.607415
1 0.603458
4 0.064939 0.064947
3 0.597358 11
2 0.911193 0.911174
0 0.579385 xewcc
4 0.27785 0.277769
2 0.763583 0.763637
2 0.460666 0.460625
0 0.93672 gfmaw
3 0.360301 2
1 0.567268
1 0.016352
1 0.441105
1 0.102477
0 0.887919 qvqlx
1 0.380515
3 0.8979 10
0 0.302834 lduyw
1 0.980371
3 0.202346 15
3 0.781085 38
0 0.922564 wudgj
1 0.609884
2 0.174894 0.174916
4 0.628756 0.628788
3 0.461839 47
3 0.380208 6
2 0.876931 0.876916
3 0.496796 20
3 0.165717 4
1 0.389642
3 0.807815 25
2 0.602194 0.602135
1 0.777088
3 0.241505 46
3 0.52771 35
2 0.024596 0.024501
3 0.092463 29
3 0.879028 27
3 0.212277 45
0 0.387208 ngzeh
2 0.834764 0.834701
0 0.062097 pwjru
4 0.239326 0.239392
3 0.848141 47
1 0.72717
0 0.935257 lewsd
4 0.459441 0.45941
2 0.807046 0.807106
4 0.158162 0.158139
1 0.867369
4 0.163078 0.163027
3 0.402404 17
3 0.766898 15
2 0.01042 0.010512
4 0.466219 0.466285
3 0.971683 37
2 0.431125 0.431054
2 0.754523 0.754492
1 0.912685
2 0.084025 0.08396
0 0.36898 ebtvk
0 0.163852 svmbw
2 0.76567 0.765609
0 0.608635 qnefe
0 0.666698 cqtdn
2 0.664646 0.664666
0 0.952383 iwekq
2 0.652107 0.652193
0 0.592169 vzvrw
4 0.7807 0.780708
2 0.77676 0.776665
4 0.072426 0.072474
4 0.737073 0.737093
4 0.205808 0.205834
4 0.729179 0.72909
0 0.350308 jzane
3 0.181037 47
0 0.101233 faobq
0 0.55256 okgrd
0 0.994052 ycgwv
4 0.269175 0.269185
1 0.323879
0 0.26125 pggmo
1 0.317847
1 0.781113
2 0.355374 0.355339
2 0.110458 0.110425
4 0.341147 0.341235
3 0.651675 24
3 0.780453 33
1 0.628964
2 0.414327 0.414341
0 0.874863 jrycu
4 0.733582 0.733662
0 0.701169 pbthj
1 0.789809
3 0.524518 18
0 0.161439 mkage
2 0.488505 0.488599
0 0.780924 ftewk
4 0.644776 0.64485
4 0.753431 0.753406
2 0.882575 0.882488
0 0.407093 ljcdf
2 0.589868 0.589894
2 0.594725 0.594745
4 0.85228 0.852239
2 0.578657 0.578693
3 0.522264 11
4 0.260056 0.260132
0 0.794966 hcmax
0 0.327728 cmicq
1 0.648135
0 0.086751 czqiy
4 0.634041 0.633956
0 0.833785 qaxdr
2 0.332244 0.332326
3 0.771505 9
3 0.235047 7
3 0.248558 45
4 0.90576 0.905695
2 0.092101 0.092191
4 0.637847 0.637764
4 0.283727 0.283658
4 0.427251 0.427281
4 0.849389 0.849294
0 0.046123 huofr
1 0.346219
3 0.745875 28
0 0.56659 zqswq
2 0.951449 0.951469
1 0.197356
1 0.073543
2 0.426712 0.42675
3 0.989187 44
3 0.580871 40
3 0.064415 11
3 0.326642 39
4 0.072899 0.072981
0 0.28366 kmlnv
3 0.444002 11
4 0.867907 0.867933
2 0.8179 0.817835
3 0.09819 37
0 0.943826 loszy
3 0.985597 25
0 0.730072 vhfks
1 0.207761
4 0.715918 0.715843
3 0.716855 27
3 0.961371 20
2 0.790411 0.790457
1 0.085865
0 0.99821 yjxmg
2 0.170835 0.170887
1 0.496459
1 0.527417
0 0.02529 qpcbw
2 0.294295 0.294276
3 0.283064 11
0 0.097982 jpikb
0 0.557016 ihwxr
1 0.195366
4 0.947198 0.947204
2 0.955008 0.95508
4 0.698991 0.698972
0 0.404344 knpwu
0 0.244322 vfgbw
0 0.981093 xcguu
3 0.994208 38
1 0.163439
0 0.240107 wajye
2 0.095443 0.095475
4 0.339765 0.339835
2 0.841729 0.841749
2 0.900709 0.900644
0 0.61771 fldpp
1 0.477682
4 0.383842 0.383769
4 0.14788 0.147875
2 0.089718 0.089792
2 0.69115 0.691188
3 0.744421 42
4 0.915393 0.915334
4 0.067458 0.067464
1 0.868565
3 0.887112 32
2 0.24619 0.246123
1 0.630033
2 0.185714 0.185641
1 0.963555
3 0.498865 28
1 0.567056
3 0.589419 48
2 0.504812 0.504872
3 0.088622 16
4 0.957187 0.957209
3 0.503971 19
4 0.04479 0.044842
4 0.00923 0.009171
1 0.459529
4 0.244175 0.244221
4 0.089173 0.089175
2 0.194944 0.194941
0 0.699756 wtwix
2 0.279203 0.2792
0 0.565374 gwwjh
2 0.493106 0.493081
1 0.468987
1 0.147497
1 0.501888
0 0.69196 jsayt
3 0.392887 3
2 0.188443 0.188451
2 0.753817 0.753847
0 0.186496 lcaqq
1 0.906643
2 0.765939 0.76591
0 0.262955 gelhj
0 0.613886 guowl
0 0.663318 tpgcy
4 0.091047 0.091091
1 0.514043
3 0.68463 22
3 0.463938 41
3 0.935205 1
3 0.314541 21
3 0.423026 28
3 0.522579 31
3 0.386695 43
0 0.046463 qbaju
0 0.713722 ulpdd
1 0.74518
1 0.100101
3 0.415942 26
0 0.110023 acydn
0 0.675756 bwzqz
4 0.122021 0.122107
4 0.352095 0.352072
2 0.593785 0.593754
0 0.899059 seduy
1 0.443409
2 0.171332 0.171426
1 0.184539
0 0.882128 qjuoh
3 0.172081 47
4 0.019456 0.01952
1 0.676806
2 0.963265 0.963301
3 0.449882 10
3 0.862845 21
2 0.550529 0.550512
3 0.735069 20
2 0.56588 0.565974
2 0.752975 0.752977
1 0.925056
4 0.369672 0.369736
1 0.822553
0 0.29697 hwvnm
4 0.271631 0.271578
4 0.205576 0.205553
0 0.940645 uzztp
1 0.503039
4 0.700909 0.700949
3 0.678126 6
4 0.332148 0.332224
2 0.065507 0.065446
4 0.889511 0.8895
1 0.781863
4 0.586066 0.586094
4 0.80653 0.806507
3 0.829408 10
0 0.605261 tfsdr
1 0.16655
4 0.316445 0.316523
3 0.898304 40
3 0.787815 3
4 0.08603 0.086042
1 0.393385
3 0.957028 44
3 0.92204 6
0 0.527301 jlyod
2 0.386803 0.386734
4 0.412033 0.41195
4 0.133973 0.133991
1 0.861176
2 0.971772 0.971683
1 0.365157
4 0.730767 0.730803
1 0.957212
2 0.287936 0.287871
2 0.118953 0.118912
0 0.608258 fpagg
1 0.058257
4 0.500781 0.50073
0 0.847033 ritax
1 0.520068
1 0.574567
0 0.862245 hbqqr
4 0.813565 0.813615
3 0.184753 26
4 0.759363 0.759288
0 0.219714 zntdm
4 0.891428 0.891468
2 0.204209 0.204202
2 0.582806 0.582904
4 0.038169 0.038241
0 0.952825 jbdbw
3 0.677161 36
1 0.717696
0 0.549416 ghdze
2 0.476625 0.476624
1 0.648262
3 0.739604 38
2 0.804376 0.804432
2 0.646061 0.646038
4 0.726648 0.726577
2 0.920161 0.920104
1 0.750949
1 0.567256
2 0.213253 0.213214
2 0.197045 0.197131
2 0.385046 0.385138
2 0.155854 0.15595
2 0.481183 0.481158
0 0.759337 fmmgi
4 0.086047 0.086131
2 0.836996 0.837048
2 0.990589 0.990673
4 0.101096 0.101009
1 0.429706
4 0.114153 0.114243
0 0.586602 tddwl
2 0.280251 0.280251
0 0.452678 wblcw
2 0.48732 0.487281
4 0.429065 0.429099
4 0.634654 0.634633
1 0.580712
2 0.716135 0.716135
1 0.784776
4 0.361913 0.361824
3 0.642165 39
3 0.094843 27
0 0.20961 xbwfu
2 0.1098 0.109719
3 0.260806 4
4 0.841518 0.841532
3 0.757021 14
0 0.902381 rclvd
4 0.354313 0.354411
1 0.563924
1 0.467654
4 0.581796 0.581743
1 0.207948
1 0.091601
4 0.630292 0.6303
2 0.968706 0.968645
1 0.63622
1 0.152889
0 0.056942 iwlof
0 0.540628 gsgac
2 0.982392 0.982414
0 0.073993 opfqy
4 0.797799 0.79775
3 0.120484 11
3 0.060475 5
4 0.259935 0.260007
4 0.330061 0.330099
0 0.924329 vjolb
4 0.363705 0.363751
4 0.303658 0.303559
3 0.803673 48
2 0.678658 0.678692
0 0.629646 itmcx
2 0.49321 0.49328
2 0.973674 0.973587
2 0.764641 0.764723
1 0.054353
4 0.139299 0.13923
3 0.411196 7
3 0.584394 46
1 0.394429
3 0.866398 40
3 0.060026 39
1 0.174013
0 0.301811 htkwp
2 0.258963 0.258985
4 0.83607 0.836154
4 0.993419 0.993469
3 0.521772 48
2 0.432553 0.432504
2 0.213844 0.213787
3 0.674635 0
3 0.628637 12
1 0.556313
4 0.585583 0.5855
4 0.844546 0.844489
3 0.196969 42
2 0.34258 0.342517
2 0.483465 0.483454
1 0.916018
2 0.726903 0.726965
0 0.465433 aprma
2 0.505801 0.505702
1 0.270784
0 0.535047 rhanz
1 0.832334
0 0.966044 hzxfo
0 0.371795 tzqei
4 0.406723 0.406751
0 0.097224 xubiu
2 0.547393 0.547425
3 0.379728 22
4 0.997412 0.997335
1 0.179847
3 0.223696 38
1 0.32729
3 0.406279 5
3 0.585372 35
1 0.818767
4 0.236006 0.235915
4 0.786791 0.786708
3 0.393175 8
3 0.984148 27
2 0.075877 0.075824
4 0.06803 0.068032
3 0.606821 44
3 0.529452 49
3 0.716795 44
4 0.773527 0.773482
2 0.740918 0.740863
0 0.621653 ktnye
3 0.266392 15
4 0.082586 0.082632
3 0.020671 19
2 0.455419 0.455491
4 0.204988 0.204905
2 0.6761 0.676023
4 0.652731 0.652781
4 0.742087 0.742084
1 0.297725
2 0.440784 0.440773
2 0.223528 0.223554
3 0.306115 24
1 0.843138
1 0.176496
0 0.89452 gjdga
2 0.863848 0.863819
1 0.957584
1 0.762835
2 0.548693 0.548745
4 0.386204 0.386145
4 0.872082 0.872067
4 0.074359 0.074375
0 0.599855 kqdco
3 0.528996 10
0 0.909196 kjtij
3 0.554508 36
1 0.813437
3 0.072196 25
3 0.328256 34
2 0.460158 0.460067
3 0.890618 18
0 0.857328 ceice
1 0.966826
2 0.218154 0.218071
0 0.289014 ajyoj
2 0.700019 0.700018
2 0.260016 0.259931
3 0.018875 3
1 0.827655
1 0.263094
0 0.821823 bnfdy
1 0.154818
3 0.271826 39
2 0.337704 0.337716
3 0.384658 31
2 0.575651 0.575592
4 0.787749 0.787672
3 0.504241 34
1 0.283688
4 0.523955 0.524047
3 0.288612 27
0 0.271423 csbtx
3 0.026798 40
3 0.01503 17
1 0.064241
1 0.110574
0 0.71632 pohyq
1 0.927652
4 0.098688 0.098768
0 0.886463 lslgx
2 0.178262 0.178193
0 0.709644 dnbjs
1 0.188448
1 0.927056
3 0.023236 25
3 0.720996 3
2 0.566988 0.566951
2 0.260442 0.260444
4 0.411906 0.411875
1 0.590168
0 0.103048 dqrop
0 0.965821 vvqjd
2 0.764055 0.764014
1 0.27694
4 0.767602 0.767606
1 0.808711
1 0.902494
1 0.191838
3 0.908858 37
3 0.534448 4
3 0.570708 15
0 0.795415 nxnkc
0 0.011211 jjpqs
3 0.561726 43
4 0.357612 0.357662
2 0.065802 0.065779
1 0.47017
1 0.384853
4 0.923363 0.923348
0 0.005887 gpeob
2 0.670067 0.670042
2 0.423082 0.423154
1 0.984809
2 0.987675 0.987602
2 0.419229 0.419154
2 0.759642 0.759625
2 0.46967 0.469597
3 0.855976 10
0 0.749936 rjzla
0 0.33465 skozj
3 0.801611 27
3 0.220841 2
2 0.980483 0.980464
0 0.131339 aodsm
3 0.668379 42
1 0.029303
0 0.787902 yztlj
2 0.622714 0.622667
4 0.700277 0.700317
1 0.029787
1 0.998848
4 0.905415 0.905499
4 0.116828 0.116779
0 0.682004 aturg
3 0.192277 20
3 0.116777 13
2 0.139297 0.139357
4 0.719073 0.71902
3 0.74886 31
1 0.919016
1 0.968147
0 0.017877 dtdmk
0 0.52056 gciwg
0 0.204184 mqocp
1 0.855523
0 0.729346 txret
1 0.272438
4 0.432437 0.432467
1 0.013892
0 0.773371 lykss
1 0.201745
2 0.521922 0.521875
0 0.650453 gabzh
0 0.38691 qtfnz
2 0.91106 0.911112
1 0.924952
2 0.295006 0.2951
4 0.858222 0.858242
1 0.72695
0 0.911498 krhgq
2 0.604783 0.604795
4 0.383554 0.383525
2 0.862177 0.862126
2 0.289589 0.289586
0 0.730893 vnfcw
3 0.485395 19
4 0.294996 0.294929
2 0.979938 0.979931
4 0.98137 0.98146
1 0.886064
2 0.168611 0.168685
4 0.475662 0.475571
1 0.559418
1 0.365209
1 0.659495
4 0.139441 0.139485
4 0.29458 0.294666
0 0.964266 mymth
0 0.867555 nbkhm
3 0.328275 8
1 0.887693
1 0.210708
1 0.194597
2 0.539402 0.539361
1 0.680591
2 0.940962 0.940933
0 0.884279 qkyxt
3 0.619351 10
4 0.106369 0.106409
1 0.818677
2 0.93909 0.939011
0 0.855403 xvuqc
1 0.289529
2 0.17493 0.174911
0 0.065164 xcllc
3 0.869774 31
3 0.272209 42
4 0.376463 0.376497
0 0.036658 stkuz
1 0.974396
4 0.411173 0.411251
0 0.363256 tmxoz
3 0.384984 11
1 0.675267
2 0.95199 0.951947
1 0.138319
1 0.249265
4 0.83232 0.83232
0 0.418682 xbhkg
3 0.027005 42
4 0.224481 0.224535
1 0.547536
3 0.949202 24
3 0.827261 14
3 0.349612 35
2 0.488049 0.487982
0 0.372486 cwvuk
1 0.657465
4 0.437264 0.437255
3 0.178097 14
4 0.725633 0.725635
4 0.373859 0.373871
2 0.457723 0.457789
2 0.196258 0.196288
1 0.645926
0 0.616082 yaidg
4 0.917619 0.917635
0 0.926224 zsgmh
2 0.481409 0.481425
2 0.645501 0.645462
0 0.675558 ppnbr
1 0.714493
1 0.549084
4 0.496313 0.49628
0 0.686372 ofdgh
1 0.491963
0 0.718398 uhipc
1 0.705537
2 0.15956 0.159624
4 0.518363 0.518421
0 0.067447 xwwds
2 0.876605 0.876592
2 0.346397 0.346433
1 0.960767
0 0.281129 zkypc
3 0.280073 36
2 0.81295 0.812901
0 0.516831 bbqce
0 0.972613 rdqug
3 0.679992 2
4 0.25289 0.252825
2 0.08342 0.083486
0 0.363494 nrnjy
0 0.465367 gsgfa
0 0.250843 ufern
1 0.285191
2 0.821087 0.821089
3 0.886054 19
0 0.7659 tmuet
2 0.447448 0.447407
3 0.212572 49
3 0.957567 42
0 0.07539 zxscc
2 0.086054 0.08609
1 0.249809
1 0.667222
3 0.371192 31
2 0.364684 0.364722
1 0.812132
1 0.776065
4 0.901282 0.901302
3 0.178124 1
3 0.166613 31
3 0.092534 0
0 0.694941 lxyvw
0 0.685796 lvpjg
2 0.374633 0.374731
2 0.166882 0.1669
0 0.861358 mmrtp
3 0.215104 35
1 0.510843
3 0.792901 12
4 0.435233 0.435241
4 0.943816 0.943729
4 0.333436 0.333492
0 0.535187 renvm
2 0.867162 0.867186
4 0.702171 0.702205
4 0.018107 0.018022
4 0.096547 0.096585
1 0.572011
1 0.220721
1 0.046739
0 0.17905 ktfyd
0 0.226062 cmptq
4 0.09409 0.09417
3 0.185985 11
2 0.995294 0.995195
3 0.567306 22
1 0.993984
2 0.904181 0.904215
2 0.190649 0.190608
4 0.228925 0.228922
1 0.185891
1 0.079958
4 0.660769 0.660791
0 0.152962 qyylz
4 0.036474 0.036536
2 0.140395 0.140441
4 0.560928 0.56096
3 0.751577 23
3 0.496854 26
1 0.682745
4 0.280644 0.28065
3 0.022719 8
4 0.129081 0.129046
1 0.101204
2 0.206414 0.206395
4 0.121826 0.12184
2 0.301052 0.301146
4 0.124268 0.124197
2 0.506836 0.506811
0 0.223874 enzge
0 0.789839 kmqpu
4 0.374395 0.37433
1 0.107215
1 0.603884
2 0.447276 0.447348
0 0.665699 rmfrg
4 0.983787 0.983885
0 0.141129 wqvey
0 0.831834 yicla
3 0.871856 49
4 0.206605 0.206528
3 0.14927 27
2 0.631475 0.631529
2 0.716679 0.716674
1 0.393125
1 0.240558
3 0.327314 4
3 0.6755 2
1 0.530552
1 0.387711
3 0.810275 11
4 0.01688 0.01697
2 0.682503 0.682436
1 0.562601
0 0.475727 pclxg
1 0.941029
0 0.878427 cfmlt
3 0.904074 43
0 0.740687 pzcoa
0 0.906898 wbwpv
4 0.173722 0.173711
0 0.273863 tjqzg
3 0.219443 4
3 0.930046 19
1 0.000722
4 0.856794 0.85685
2 0.141291 0.141345
1 0.66331
0 0.167967 fhfyy
4 0.164905 0.164943
4 0.954719 0.95469
4 0.174162 0.174127
0 0.794358 woyhs
4 0.787506 0.787437
0 0.36454 gczge
0 0.986212 qsbcl
1 0.522895
4 0.796351 0.79632
4 0.107061 0.107014
0 0.216291 uplkb
0 0.209026 akwbe
4 0.48675 0.486806
1 0.620226
4 0.90209 0.902021
2 0.394023 0.394043
3 0.62599 31
2 0.27917 0.279145
1 0.38699
3 0.228653 2
3 0.43768 14
0 0.685638 sodow
2 0.648934 0.648994
3 0.244426 4
2 0.956922 0.957006
4 0.704107 0.704109
1 0.080332
0 0.918031 kbneq
4 0.295177 0.295199
4 0.918017 0.918029
3 0.867361 16
4 0.763773 0.763724
1 0.962927
3 0.280847 7
2 0.930055 0.930018
2 0.253221 0.253309
3 0.610784 42
4 0.251781 0.251857
0 0.063311 muayc
2 0.464431 0.464505
0 0.865032 osgdz
0 0.07559 awrqs
2 0.182708 0.182768
4 0.889099 0.889006
2 0.585471 0.585432
3 0.529604 9
0 0.510387 fnkco
3 0.0281 37
0 0.620042 amjaq
4 0.938432 0.9385
3 0.827531 11
3 0.844323 16
3 0.919362 1
4 0.593674 0.5937
4 0.923801 0.923748
2 0.904154 0.904149
4 0.294931 0.294884
1 0.051611
4 0.436586 0.436567
3 0.89137 39
3 0.235254 3
3 0.079577 21
1 0.998939
2 0.548563 0.54855
3 0.370705 33
4 0.94067 0.940581
4 0.758762 0.758782
2 0.439623 0.439655
3 0.876209 3
3 0.76758 43
1 0.002834
1 0.534372
1 0.439167
3 0.597702 41
3 0.406475 43
0 0.374483 epguq
0 0.946393 wnstx
1 0.285955
2 0.643882 0.643841
3 0.178254 4
2 0.924255 0.924261
3 0.218818 26
4 0.941971 0.941991
2 0.316454 0.316498
0 0.716735 oxfue
3 0.211637 7
0 0.494865 kogog
0 0.431653 bdsuz
0 0.057949 wrgpn
1 0.687291
3 0.03585 6
3 0.658246 47
3 0.310804 42
0 0.123596 hxmil
0 0.151506 szbfc
2 0.799453 0.79942
0 0.424605 pulrm
3 0.617529 34
2 0.306474 0.306528
3 0.842107 16
0 0.628332 eghue
4 0.067149 0.067054
1 0.333243
4 0.71818 0.718208
4 0.585471 0.585515
3 0.258021 47
3 0.857707 5
2 0.094861 0.094921
1 0.655827
2 0.167183 0.167142
2 0.382996 0.382971
3 0.663115 24
3 0.581842 17
0 0.816374 ntrdp
2 0.787758 0.787818
1 0.632011
4 0.944514 0.944586
0 0.600342 rlrqo
1 0.208037
4 0.627387 0.627314
1 0.353457
3 0.746722 4
4 0.738585 0.738593
3 0.366392 0
4 0.153267 0.153275
3 0.974247 32
3 0.574589 21
0 0.516177 nhiis
2 0.937184 0.937127
1 0.040164
0 0.568093 kxdpo
0 0.895288 hjthd
4 0.130052 0.130112
0 0.981473 zgdrx
1 0.21138
3 0.464945 5
3 0.033038 31
1 0.625191
0 0.915456 sfvzw
4 0.053902 0.053883
3 0.930362 30
3 0.11029 19
0 0.246372 iqtnn
3 0.485903 13
4 0.342282 0.342197
2 0.73185 0.731882
1 0.031917
4 0.268119 0.268116
2 0.285638 0.28568
1 0.80972
2 0.684306 0.684396
3 0.44703 39
0 0.650497 cmpbb
4 0.702644 0.702589
1 0.867142
1 0.197511
0 0.847765 zndpu
4 0.593693 0.593668
2 0.433883 0.43379
0 0.110724 phjae
3 0.322783 46
4 0.446491 0.446392
1 0.010486
4 0.381422 0.381373
4 0.248549 0.248542
3 0.394367 43
3 0.966944 38
4 0.968837 0.968822
0 0.404867 mzeqj
3 0.400225 38
4 0.530225 0.53013
0 0.693129 ufgip
3 0.193317 43
0 0.97936 buskw
3 0.603954 22
0 0.529632 ojlxc
4 0.341024 0.340995
1 0.068193
1 0.623124
1 0.920674
2 0.217868 0.217936
4 0.71358 0.713592
1 0.745079
3 0.083193 44
4 0.386972 0.386971
1 0.454287
0 0.541441 dutve
3 0.375134 47
2 0.399685 0.399662
4 0.133905 0.133814
1 0.847485
3 0.891342 16
3 0.490887 13
0 0.201713 gihjy
2 0.10101 0.101026
0 0.343762 ujjhq
3 0.858731 43
1 0.856942
1 0.820282
1 0.465947
0 0.271876 uhhjg
3 0.840873 25
0 0.792014 evuqo
2 0.997967 0.997975
4 0.61451 0.614413
4 0.780051 0.780131
3 0.561039 27
1 0.832915
2 0.182478 0.182421
4 0.661695 0.66163
4 0.436172 0.436268
3 0.955474 32
0 0.526541 rcmtm
4 0.420481 0.420549
3 0.56262 6
0 0.629472 xeqah
3 0.890911 0
4 0.843435 0.843483
2 0.798909 0.798939
0 0.32545 ibxpx
0 0.681281 ptuwo
0 0.651931 cghyp
4 0.920655 0.920648
2 0.467135 0.467229
0 0.716063 abbdk
0 0.762249 llxrn
3 0.531616 48
0 0.097422 qgwjc
4 0.444931 0.44488
4 0.272125 0.272173
4 0.41458 0.414656
3 0.882485 17
2 0.233054 0.233064
1 0.331697
3 0.147898 4
4 0.577889 0.577943
1 0.462565
1 0.253315
4 0.57577 0.575755
0 0.695673 fkhjd
0 0.448976 zezrc
1 0.568018
3 0.317037 1
4 0.216444 0.216444
3 0.652515 16
1 0.482849
3 0.215958 21
1 0.65596
3 0.845583 20
0 0.424085 ulipk
1 0.288563
1 0.082699
2 0.948399 0.948394
1 0.451051
0 0.101819 byfjh
2 0.990767 0.99073
0 0.83635 isntg
2 0.51637 0.516404
3 0.321285 32
4 0.443237 0.443156
4 0.297986 0.297953
4 0.358785 0.358845
1 0.780502
4 0.075707 0.075715
2 0.283093 0.283
3 0.896206 40
1 0.496265
1 0.44961
2 0.900731 0.900819
2 0.650765 0.650748
1 0.832847
3 0.107847 32
4 0.982984 0.983076
2 0.279839 0.279863
4 0.148096 0.148021
4 0.80388 0.803886
3 0.480372 24
3 0.084468 34
0 0.501551 lflkg
1 0.354898
3 0.483848 37
4 0.64174 0.641814
3 0.895016 20
3 0.314049 9
0 0.567007 talhv
3 0.546664 35
4 0.211278 0.21133
2 0.685753 0.685821
2 0.784428 0.784444
4 0.866088 0.866096
0 0.743938 yesdt
4 0.686607 0.68656
4 0.649926 0.649936
4 0.8986 0.898694
2 0.957722 0.957816
3 0.895388 0
1 0.638701
0 0.540569 zujom
1 0.657327
2 0.005533 0.005617
3 0.208492 33
3 0.858419 46
2 0.273371 0.273463
1 0.234988
1 0.883548
4 0.299234 0.299227
2 0.975015 0.975043
4 0.033235 0.033178
4 0.351746 0.351762
2 0.227146 0.227145
3 0.537159 43
3 0.772074 14
4 0.712146 0.712182
1 0.491673
1 0.101169
0 0.992766 nmwfv
0 0.963499 lbyhf
4 0.655206 0.655135
0 0.471151 qyuej
4 0.46173 0.461729
0 0.258616 dvxir
3 0.254206 1
0 0.985061 ahixj
1 0.671345
4 0.813142 0.813188
0 0.337163 qvbvt
4 0.424961 0.424922
2 0.22767 0.227585
1 0.233379
3 0.408533 21
4 0.189536 0.189536
3 0.802137 36
4 0.473482 0.473512
4 0.257082 0.257005
2 0.566909 0.566981
0 0.96683 gaycq
2 0.616809 0.616722
3 0.596152 22
1 0.076908
0 0.251616 tbotu
1 0.144709
4 0.959314 0.959283
4 0.900307 0.90029
3 0.788067 49
2 0.614264 0.614227
3 0.99532 27
3 0.107824 1
0 0.184732 vpreu
4 0.452043 0.451964
3 0.668009 45
1 0.32534
2 0.261635 0.261592
2 0.302235 0.302317
3 0.76733 44
3 0.295101 42
4 0.050671 0.050683
3 0.607485 0
4 0.616997 0.616954
0 0.585392 eebrb
0 0.376025 canix
2 0.288745 0.288761
0 0.140633 pgfnf
4 0.142097 0.142173
2 0.194614 0.194589
0 0.781163 dwpys
3 0.930701 9
2 0.968468 0.968502
1 0.257213
0 0.596857 vmkne
2 0.256765 0.25676
4 0.351907 0.351836
1 0.468845
2 0.921891 0.921834
4 0.584265 0.584355
3 0.812984 46
4 0.354605 0.354635
1 0.12817
3 0.07708 16
1 0.156956
2 0.014174 0.014198
3 0.210731 20
2 0.601902 0.601809
2 0.042781 0.042865
0 0.753991 rjmga
3 0.283467 18
2 0.59469 0.594687
4 0.637059 0.63699
1 0.072603
0 0.788462 ypcab
2 0.838545 0.838559
4 0.137617 0.137612
1 0.845132
1 0.618505
2 0.752247 0.752339
0 0.153309 zdkhq
0 0.555824 oxukw
1 0.172045
1 0.484766
4 0.47013 0.470166
1 0.104448
3 0.9529 3
2 0.705147 0.70505
2 0.956618 0.95663
0 0.80278 aqxkp
0 0.821073 hhzbm
4 0.804773 0.80472
0 0.117341 uwpxn
0 0.880256 zqufr
1 0.563614
0 0.11027 fqrrd
3 0.473949 40
1 0.684773
1 0.416831
1 0.235899
3 0.295097 38
2 0.412507 0.412601
2 0.177218 0.177284
4 0.744709 0.744777
4 0.630906 0.630996
3 0.391633 15
2 0.380332 0.38034
1 0.243224
1 0.872824
1 0.08805
3 0.101594 41
1 0.147273
3 0.1882 20
0 0.365418 scclq
1 0.753096
1 0.165372
1 0.394818
1 0.215171
1 0.305281
0 0.488398 rapeb
3 0.71828 18
1 0.114433
0 0.958679 jonpm
1 0.859975
0 0.52427 niarc
4 0.150252 0.150177
3 0.124692 28
1 0.754059
1 0.186586
4 0.239729 0.239783
0 0.18565 nfxep
2 0.754292 0.754241
2 0.802983 0.802989
1 0.066845
3 0.690025 47
0 0.384694 okegb
0 0.287671 lbwyw
1 0.29339
4 0.596387 0.59638
4 0.767857 0.767909
0 0.902792 hejwq
1 0.336734
3 0.567086 36
3 0.962793 27
1 0.114581
3 0.376045 34
3 0.159861 26
2 0.272601 0.272568
2 0.040458 0.040421
4 0.504054 0.504126
1 0.58565
0 0.760181 jzdfv
1 0.443148
1 0.031563
4 0.703932 0.703992
0 0.22689 vzepa
2 0.913233 0.913295
1 0.417287
2 0.525175 0.525231
1 0.356644
3 0.469913 28
1 0.414932
0 0.677065 hoebm
2 0.141663 0.141564
3 0.468343 24
0 0.157357 ixcjl
0 0.162403 eyxht
3 0.422831 3
2 0.610181 0.610199
3 0.345446 16
0 0.929903 itcmj
2 0.474357 0.474298
3 0.453404 41
3 0.615807 19
0 0.679676 oaelt
2 0.126585 0.126629
2 0.988383 0.988322
0 0.509407 yjutx
4 0.97879 0.978707
1 0.823701
1 0.867076
2 0.931414 0.931486
3 0.024987 45
0 0.02504 bwxkm
1 0.845377
2 0.68212 0.682101
0 0.488302 ekbpq
2 0.599988 0.600036
4 0.401583 0.401548
1 0.849349
4 0.185442 0.185365
3 0.360376 17
1 0.184741
2 0.256419 0.256437
4 0.938539 0.93845
4 0.943193 0.943227
2 0.182978 0.18305
4 0.6159 0.61596
2 0.728067 0.727972
4 0.618933 0.618977
3 0.147268 10
1 0.510536
4 0.163267 0.163238
3 0.936038 49
3 0.390929 39
4 0.334122 0.334047
2 0.033453 0.033406
3 0.649353 10
2 0.893772 0.893717
1 0.029058
2 0.902333 0.902236
2 0.620898 0.620865
4 0.300518 0.30058
2 0.236556 0.23657
2 0.627486 0.627483
2 0.47796 0.478038
1 0.027765
2 0.335159 0.33514
2 0.753246 0.753203
0 0.122329 ughnt
4 0.185536 0.185618
4 0.130012 0.129947
3 0.228826 42
4 0.934181 0.934187
1 0.342959
2 0.545727 0.54569
3 0.739198 26
1 0.342793
1 0.884177
0 0.075872 btsxe
0 0.006829 rwupr
3 0.766483 38
2 0.625795 0.625768
1 0.535884
3 0.055456 10
1 0.398249
4 0.985804 0.985848
1 0.4607
0 0.929917 bsyhx
3 0.156396 38
3 0.780794 31
4 0.491622 0.49165
4 0.291528 0.29154
4 0.346984 0.346961
0 0.745234 yvutt
3 0.712632 13
0 0.782996 eeyms
0 0.88573 cnllp
2 0.079354 0.079392
1 0.574073
0 0.390192 wovys
1 0.76054
1 0.276358
2 0.789177 0.789229
4 0.686209 0.686295
1 0.088291
0 0.776378 xhmht
4 0.820655 0.820689
4 0.418987 0.419043
2 0.167827 0.167907
0 0.718491 plaai
0 0.233116 vojdj
0 0.362089 rbqie
3 0.729617 9
2 0.006074 0.0061
1 0.100506
3 0.867202 15
2 0.35983 0.359765
0 0.912347 bbxys
2 0.99732 0.997301
2 0.40586 0.405862
1 0.68149
2 0.73629 0.736241
4 0.742364 0.742337
2 0.842871 0.842887
4 0.414988 0.415016
1 0.474553
0 0.909838 fjvbf
0 0.270609 sjehe
4 0.783694 0.783683
1 0.152953
1 0.47804
0 0.137924 kayww
2 0.324264 0.324334
4 0.552221 0.552245
3 0.269134 49
2 0.695766 0.695852
4 0.472788 0.472781
4 0.772834 0.772852
2 0.292819 0.292849
2 0.006867 0.006818
2 0.288927 0.288989
3 0.649607 31
4 0.436478 0.43653
2 0.311354 0.311364
2 0.004405 0.004328
3 0.639592 19
1 0.911099
3 0.187488 19
2 0.996659 0.99656
1 0.651835
2 0.412908 0.412916
1 0.480683
2 0.509679 0.509701
2 0.301232 0.301197
1 0.786042
2 0.062557 0.062629
2 0.702149 0.702058
1 0.1296
1 0.607089
4 0.594118 0.594071
3 0.948894 27
2 0.878155 0.878068
3 0.358838 7
2 0.231561 0.231565
4 0.081248 0.081256
4 0.660682 0.660665
1 0.665629
1 0.909184
0 0.462866 mdjpw
2 0.716637 0.716729
0 0.212757 hmtvj
3 0.135295 4
1 0.187503
0 0.57779 iwyyo
2 0.647456 0.647518
1 0.773043
4 0.382446 0.382496
2 0.415851 0.415903
1 0.496923
1 0.718028
3 0.242387 19
3 0.234043 28
3 0.524768 18
3 0.381986 40
1 0.148388
0 0.958222 pkvjy
2 0.824374 0.824444
2 0.257562 0.257517
3 0.101081 3
4 0.45033 0.450374
3 0.674942 2
3 0.31611 32
2 0.233403 0.233501
0 0.995698 gxruc
0 0.660709 jgnmq
4 0.784991 0.785003
4 0.870831 0.870885
0 0.109427 njgnq
4 0.834852 0.834884
3 0.249036 29
3 0.153829 49
3 0.814538 47
0 0.891319 sxfeh
4 0.412232 0.412201
1 0.521659
2 0.111938 0.111847
2 0.927868 0.927924
1 0.493552
1 0.670676
0 0.994081 inchb
4 0.771548 0.771562
4 0.894534 0.894471
0 0.71448 xmobp
2 0.87515 0.875077
0 0.962058 eqznu
1 0.451093
3 0.919283 2
2 0.799512 0.799453
4 0.571061 0.571036
3 0.902094 27
2 0.482162 0.482131
0 0.269253 fkihc
1 0.335099
3 0.256374 49
0 0.707468 fgkne
1 0.216928
3 0.364206 48
2 0.112798 0.112749
2 0.488585 0.488574
3 0.294605 30
0 0.797711 juypq
2 0.59536 0.595337
4 0.769925 0.769971
3 0.744003 29
2 0.805493 0.805531
0 0.848931 ziacy
3 0.118057 21
3 0.629187 14
4 0.600279 0.600186
1 0.59351
0 0.131472 znqcw
2 0.325882 0.325978
0 0.527779 qtair
3 0.324428 3
2 0.613151 0.613193
3 0.215937 24
3 0.951533 32
1 0.651694
4 0.090838 0.090848
2 0.614258 0.614264
0 0.158054 lvdln
0 0.904315 wpqhk
0 0.728598 rugzr
3 0.657016 27
3 0.729827 32
0 0.05132 xrkkf
0 0.509381 siuiv
3 0.883937 34
1 0.541854
4 0.613854 0.613952
1 0.781536
0 0.655145 stdun
1 0.611031
4 0.781666 0.781601
1 0.807399
1 0.641861
2 0.143534 0.143604
2 0.543823 0.543879
3 0.085677 40
3 0.614715 38
4 0.366129 0.366165
1 0.153475
0 0.810234 vmaqh
3 0.038829 4
1 0.197043
2 0.954885 0.95482
4 0.498709 0.498688
0 0.584386 phxrv
2 0.445336 0.445374
3 0.46941 16
0 0.477689 grstk
1 0.28647
4 0.461603 0.461548
4 0.902199 0.902263
2 0.921131 0.921128
4 0.880875 0.880887
1 0.698284
1 0.991934
0 0.231047 bqyug
4 0.138988 0.138901
2 0.220085 0.220076
3 0.19804 14
3 0.616591 31
2 0.537723 0.537807
3 0.93495 48
1 0.633234
4 0.378956 0.378895
1 0.980222
2 0.453106 0.453112
4 0.651867 0.651949
3 0.352419 19
2 0.496369 0.496358
1 0.956624
2 0.070019 0.069962
0 0.097255 kqnlw
0 0.21741 knoxb
3 0.620875 26
4 0.021987 0.021997
2 0.890758 0.890729
4 0.902633 0.902685
4 0.880657 0.880648
0 0.494264 tbyjl
0 0.429353 qirev
2 0.680185 0.680253
1 0.218524
3 0.47502 32
4 0.402071 0.402133
1 0.212709
4 0.636346 0.636364
0 0.248665 zzcsf
2 0.151608 0.151658
0 0.210918 gjumw
0 0.820289 hmpvg
2 0.049931 0.04984
3 0.659649 18
3 0.279983 34
4 0.537738 0.537836
4 0.035979 0.035995
4 0.036029 0.036006
4 0.917552 0.917469
2 0.723828 0.7239
1 0.975443
3 0.131008 22
1 0.180939
3 0.373576 40
3 0.379245 23
2 0.824879 0.824818
3 0.12004 41
4 0.083161 0.083183
4 0.787672 0.787672
2 0.901706 0.901734
2 0.711844 0.711821
0 0.359204 sipjj
3 0.078543 29
1 0.586462
3 0.22502 30
0 0.952013 jdxfm
2 0.918546 0.918531
4 0.336604 0.336509
3 0.151071 4
0 0.035794 wcktd
0 0.92794 jlupl
2 0.570532 0.570562
3 0.478711 46
0 0.397257 ulxcb
0 0.921127 gvzdd
0 0.904584 czfri
4 0.776111 0.77607
1 0.913789
0 0.272522 jwefv
2 0.984779 0.984752
4 0.422259 0.422299
1 0.526204
3 0.513771 26
2 0.176278 0.176259
0 0.766725 zzmsl
2 0.088966 0.088986
1 0.067255
2 0.18718 0.187234
2 0.923982 0.923915
0 0.267886 uuuoo
3 0.11384 0
3 0.240967 25
0 0.423552 xrzgn
2 0.146474 0.146474
4 0.333655 0.333709
3 0.781995 22
0 0.882414 gqikc
2 0.85464 0.854601
4 0.216737 0.21672
4 0.641346 0.641263
1 0.405011
3 0.114238 0
2 0.016538 0.016604
4 0.394345 0.394266
1 0.389769
2 0.790421 0.79038
0 0.751347 qycxk
1 0.281897
1 0.294388
3 0.292949 0
1 0.906127
3 0.570711 32
2 0.086777 0.086686
4 0.264357 0.264455
0 0.465429 dwfrz
4 0.372252 0.372197
3 0.447061 2
4 0.223311 0.223292
2 0.389898 0.389875
0 0.421056 nevul
1 0.967121
3 0.004356 2
1 0.271195
4 0.154567 0.154613
0 0.526819 ogong
4 0.370025 0.369936
1 0.631198
2 0.916079 0.916177
0 0.248601 vcpxl
1 0.634503
4 0.955819 0.95573
1 0.974717
4 0.757266 0.757195
0 0.731146 ozuxq
1 0.028905
4 0.264278 0.264275
1 0.279992
0 0.263478 ecthz
2 0.993581 0.993597
4 0.558905 0.558808
0 0.635729 ntrqu
1 0.305903
4 0.573672 0.573659
2 0.917427 0.917388
0 0.925465 hxydc
1 0.860084
1 0.865843
4 0.165522 0.165475
2 0.780962 0.781022
3 0.335022 11
4 0.879788 0.879854
3 0.969812 29
1 0.88724
1 0.199578
0 0.873493 xzyrp
0 0.599119 zemxc
4 0.731815 0.731829
1 0.887805
1 0.585458
0 0.424465 ynldl
1 0.099738
3 0.570726 3
3 0.413239 8
0 0.012359 nfxob
4 0.94107 0.94107
2 0.828876 0.828912
1 0.670282
3 0.965941 47
3 0.13949 40
3 0.931375 43
2 0.61553 0.615521
1 0.148589
4 0.707632 0.707678
1 0.517337
1 0.840237
3 0.063071 37
0 0.891947 zfkpt
4 0.154394 0.154329
0 0.00984 werll
1 0.714229
0 0.081935 qizll
1 0.328399
4 0.067039 0.066992
2 0.65063 0.650601
1 0.232867
3 0.620572 33
0 0.122954 fkaoz
2 0.497605 0.497683
1 0.295239
0 0.322187 yzajw
4 0.793982 0.793941
2 0.609263 0.609244
4 0.597874 0.597831
4 0.304876 0.304926
2 0.408874 0.408888
2 0.191902 0.19192
2 0.83288 0.832829
4 0.072146 0.072087
1 0.86723
1 0.37423
3 0.996717 15
1 0.482059
3 0.604513 21
4 0.992308 0.992241
1 0.503058
0 0.638157 wutzg
2 0.401193 0.401245
0 0.472904 oojwc
2 0.37468 0.374645
3 0.658827 48
4 0.066882 0.066825
1 0.296165
2 0.096458 0.096532
2 0.548047 0.548133
4 0.767175 0.767205
0 0.456027 kaoye
4 0.29583 0.295848
3 0.649382 15
3 0.787358 29
3 0.025161 32
0 0.095328 mcsqr
4 0.429118 0.429204
4 0.401497 0.401503
0 0.231877 jhnrr
1 0.664667
1 0.938875
2 0.721991 0.721912
3 0.688921 42
3 0.007049 37
0 0.012863 rpjkb
1 0.960687
2 0.10806 0.108102
4 0.218016 0.218044
0 0.757287 hkicr
0 0.311105 mrnps
1 0.922734
4 0.460972 0.460943
2 0.419305 0.419315
4 0.813583 0.813582
4 0.003922 0.003853
4 0.494238 0.494294
2 0.355552 0.355529
4 0.455209 0.455229
4 0.760139 0.760149
0 0.017087 prhfq
3 0.404802 11
0 0.039316 qimhn
2 0.255573 0.255661
0 0.139323 yfgqr
1 0.567739
1 0.350608
0 0.571144 yrsww
1 0.77925
2 0.539664 0.539682
4 0.657321 0.657403
1 0.912894
0 0.522573 llqvu
4 0.592163 0.592098
2 0.283853 0.283871
1 0.188688
0 0.973771 ndcfn
0 0.381197 oqpzi
2 0.298511 0.298607
0 0.939257 krzyy
1 0.825099
3 0.050237 19
1 0.755277
2 0.702654 0.702656
4 0.603423 0.603332
4 0.372455 0.372519
0 0.664745 vxxkm
4 0.701211 0.701277
3 0.850056 48
4 0.675155 0.675213
3 0.885277 40
0 0.328819 gxcfw
2 0.278478 0.278467
4 0.828342 0.828416
0 0.372277 gzske
0 0.597675 pqynq
4 0.269806 0.269892
3 0.009103 37
3 0.832142 20
3 0.626972 31
4 0.971666 0.971659
4 0.357193 0.357239
3 0.887249 38
1 0.118516
1 0.614155
3 0.021726 18
4 0.696185 0.69616
1 0.215816
0 0.726215 ohvgs
4 0.293724 0.293784
1 0.237143
4 0.605824 0.605785
3 0.672362 27
2 0.61671 0.616657
0 0.716928 pgxpz
0 0.37664 rsgjw
3 0.690593 25
3 0.357271 20
4 0.963096 0.963035
0 0.15181 lafiq
0 0.330747 wqeot
0 0.344841 kesqw
0 0.819742 pcpex
2 0.126342 0.126428
2 0.216668 0.216746
1 0.369643
3 0.08572 10
4 0.206315 0.206371
4 0.14253 0.142433
2 0.653286 0.653213
1 0.768668
4 0.441666 0.441623
3 0.087329 40
0 0.761418 adcpu
1 0.781057
3 0.048289 16
4 0.254604 0.254676
0 0.913487 idpml
4 0.187896 0.18791
2 0.634551 0.634508
2 0.971232 0.971219
4 0.289651 0.2896
3 0.497247 13
0 0.459816 zidyl
2 0.923904 0.923988
1 0.275674
1 0.267239
3 0.225527 3
3 0.860078 48
2 0.347662 0.347601
1 0.637313
0 0.564907 dausi
2 0.135186 0.135095
1 0.414248
4 0.386661 0.386693
0 0.392021 cqaep
3 0.647376 41
1 0.524238
0 0.495306 qzxwh
2 0.910436 0.910512
3 0.478028 49
3 0.327034 38
4 0.681424 0.681403
2 0.073445 0.073489
3 0.562291 25
2 0.994907 0.994923
2 0.703652 0.703577
4 0.977304 0.977346
4 0.339388 0.339347
3 0.451316 25
3 0.258415 10
2 0.138656 0.138561
3 0.587329 7
3 0.871673 17
3 0.147534 46
0 0.239094 tirjh
1 0.681759
0 0.001404 clpkn
2 0.434863 0.434943
4 0.583471 0.583462
3 0.321876 34
0 0.267626 ohmwr
1 0.448764
2 0.480215 0.480309
2 0.009324 0.009406
2 0.267287 0.267301
2 0.202863 0.202869
2 0.277095 0.27705
4 0.938656 0.938563
0 0.471891 lcmzg
3 0.247102 5
4 0.30669 0.306712
4 0.220029 0.220029
2 0.84286 0.842894
4 0.594278 0.594215
1 0.715711
0 0.855803 gbknr
3 0.576556 34
0 0.069365 jympp
1 0.570524
4 0.091546 0.091592
1 0.800133
3 0.823255 31
3 0.16897 38
4 0.567092 0.56714
0 0.141116 dikgo
0 0.939931 ffvou
4 0.149459 0.1494
2 0.346215 0.346307
2 0.16947 0.169544
1 0.854793
4 0.817862 0.817936
2 0.460531 0.460553
4 0.117999 0.118079
0 0.652528 sobvz
1 0.216789
2 0.743195 0.743243
2 0.08941 0.089317
4 0.775232 0.775165
2 0.630025 0.629992
0 0.276599 buloy
3 0.124594 30
4 0.744719 0.744815
4 0.02654 0.026616
3 0.49622 23
2 0.696674 0.696641
0 0.588474 mzarh
3 0.683794 5
3 0.99292 47
2 0.204825 0.204734
0 0.315255 bmtjg
4 0.47263 0.472634
2 0.352453 0.35238
1 0.838038
4 0.994306 0.994245
0 0.500376 fofjk
0 0.430632 zbzrc
3 0.516041 37
2 0.849915 0.849848
3 0.678239 22
2 0.686886 0.686896
1 0.31671
2 0.593776 0.593705
0 0.094152 agbts
0 0.249537 bijgy
0 0.146186 zgvle
3 0.361216 13
1 0.194278
3 0.362358 0
3 0.45651 0
4 0.635848 0.635946
2 0.307815 0.307843
4 0.037156 0.037214
1 0.133331
2 0.449951 0.450041
3 0.703176 20
0 0.764895 bkokm
1 0.065368
1 0.868697
3 0.968202 47
1 0.136164
4 0.021547 0.021488
0 0.468705 obmyv
4 0.950729 0.95071
1 0.084084
2 0.155987 0.155898
3 0.44661 26
2 0.204789 0.204764
0 0.172991 cawfa
4 0.400559 0.400496
1 0.932463
3 0.547745 9
2 0.498474 0.498504
0 0.409423 ukesf
1 0.586021
2 0.569331 0.569363
1 0.242605
3 0.903019 43
4 0.927238 0.927292
0 0.326496 maibd
1 0.258459
3 0.78214 38
1 0.456652
1 0.103084
0 0.902508 ezvpw
0 0.644436 toois
2 0.913794 0.913886
4 0.437174 0.43726
1 0.695633
4 0.959973 0.9599
3 0.416625 29
4 0.361298 0.361362
2 0.12381 0.123828
3 0.024707 35
2 0.562843 0.562933
4 0.770744 0.770647
1 0.20089
1 0.678636
0 0.118527 wuwsz
2 0.749419 0.749366
3 0.110717 19
0 0.234528 suhgr
0 0.448697 gquzw
0 0.363301 vzqwj
3 0.562619 28
0 0.248498 kzzea
4 0.162673 0.162648
0 0.603423 livph
3 0.617113 3
4 0.69638 0.696319
4 0.410527 0.410567
3 0.956106 11
0 0.532184 lgrla
0 0.26485 wvjxg
1 0.561954
3 0.988574 42
1 0.058431
2 0.941635 0.94163
0 0.127827 jcnsc
3 0.298621 8
0 0.869726 wpglq
0 0.635875 mqcop
2 0.45214 0.452156
0 0.773364 xgytn
0 0.34261 phank
3 0.377578 38
3 0.340911 30
0 0.709532 gdwyo
0 0.722667 hloiq
2 0.14734 0.147368
4 0.250738 0.250788
0 0.169109 guomc
1 0.004113
3 0.202726 3
0 0.61467 vhjfg
1 0.808223
2 0.141779 0.141704
3 0.151259 1
3 0.090109 42
4 0.651989 0.651995
2 0.018689 0.018737
1 0.539154
2 0.253577 0.253518
4 0.435812 0.435814
2 0.211235 0.211136
1 0.597324
4 0.927033 0.926978
2 0.416228 0.416242
3 0.672513 25
2 0.097907 0.097923
3 0.513212 7
2 0.564063 0.564052
1 0.333992
0 0.581195 mvkgz
1 0.469636
2 0.211548 0.211465
1 0.627777
2 0.127685 0.127775
0 0.849384 zkito
2 0.991825 0.991887
0 0.325817 yzslr
3 0.314041 3
1 0.598556
0 0.53161 fcsxz
4 0.372216 0.37229
1 0.098053
3 0.145832 47
3 0.167347 47
3 0.810184 45
2 0.457593 0.457548
0 0.287987 vwxea
0 0.837044 lyzap
2 0.966867 0.96683
3 0.581273 26
3 0.406287 20
2 0.297796 0.297779
0 0.271741 oswjq
4 0.858744 0.858677
1 0.695788
0 0.375563 zykah
1 0.964723
3 0.190289 38
1 0.032029
0 0.994583 hhein
1 0.389911
1 0.413546
4 0.235858 0.23588
3 0.92705 35
0 0.103446 yfvvj
0 0.438612 ygpdm
4 0.489518 0.489566
1 0.864359
4 0.466391 0.46631
4 0.863982 0.863955
3 0.81313 42
2 0.856396 0.856436
4 0.704151 0.704153
2 0.032981 0.032985
1 0.163151
4 0.849532 0.849511
0 0.690181 pchnd
1 0.767784
0 0.095643 bbovr
0 0.679101 nymrb
4 0.604011 0.604025
0 0.441644 ysxlp
0 0.01888 dscwn
3 0.315787 39
1 0.438718
0 0.326042 sradt
1 0.88339
4 0.953377 0.953381
4 0.911373 0.91133
3 0.559551 21
0 0.585996 qnfuk
2 0.327797 0.327837
3 0.068167 32
0 0.25936 kvsyf
1 0.47927
0 0.285082 snuyi
0 0.439545 melhk
3 0.881677 16
2 0.539517 0.539486
1 0.039751
2 0.282979 0.282997
0 0.816212 gvlwz
0 0.483983 owjev
2 0.563931 0.564001
1 0.496792
4 0.356145 0.356096
3 0.360176 28
0 0.08977 otysw
2 0.469988 0.469925
3 0.004122 1
0 0.259551 thgjp
1 0.726172
3 0.738352 17
2 0.207121 0.207076
0 0.231993 cglji
4 0.739489 0.739503
2 0.13901 0.139046
0 0.27186 dldru
0 0.150782 fxgmw
3 0.581875 2
1 0.342677
2 0.64769 0.647631
0 0.003054 alrnn
4 0.910271 0.910285
3 0.315918 1
2 0.515796 0.515711
2 0.524774 0.524866
0 0.788457 lqfjr
3 0.187577 10
4 0.947489 0.947462
0 0.71856 akbcp
2 0.827843 0.827748
0 0.859991 xvtfl
0 0.068144 dtfeg
2 0.018231 0.018327
1 0.802258
3 0.838241 16
4 0.923542 0.923447
1 0.435467
2 0.042544 0.042554
0 0.375001 fjjgk
4 0.885311 0.885393
2 0.174932 0.174855
2 0.193163 0.19309
3 0.995421 26
0 0.83099 hmpep
4 0.29567 0.295617
4 0.175931 0.175937
4 0.87732 0.877243
4 0.902785 0.902807
4 0.585717 0.585636
1 0.593973
0 0.023506 gatgm
3 0.36342 45
4 0.800164 0.800186
0 0.500217 gnykp
3 0.222337 44
0 0.145651 jwsgl
0 0.975721 ffwfk
0 0.437819 kalem
3 0.716282 7
1 0.526455
0 0.736756 cenwt
4 0.656421 0.656386
0 0.632142 qeqix
0 0.588289 lefbe
3 0.049317 10
2 0.364927 0.364898
0 0.917289 aafvl
4 0.374044 0.373965
2 0.562775 0.562766
1 0.369319
3 0.995243 10
2 0.849628 0.849625
0 0.150685 utlpx
1 0.637973
1 0.087061
0 0.092811 ymwtc
1 0.825467
0 0.256202 yivnu
3 0.283136 17
3 0.099298 34
1 0.771111
1 0.282137
2 0.849209 0.849158
2 0.458372 0.458363
0 0.971337 sgsvf
0 0.790958 dgijg
2 0.090665 0.090701
1 0.869878
1 0.406224
3 0.999429 36
4 0.88498 0.88499
2 0.425041 0.424966
4 0.993656 0.993672
4 0.387738 0.387687
2 0.178696 0.178605
2 0.007969 0.00789
4 0.664213 0.664257
2 0.058774 0.058699
0 0.923572 nepts
4 0.055887 0.055955
1 0.583733
4 0.408458 0.408476
2 0.983061 0.983014
1 0.273604
4 0.85708 0.857045
1 0.037645
0 0.41586 rawxf
3 0.231736 23
3 0.813709 4
1 0.697056
2 0.460745 0.460811
2 0.13116 0.131081
4 0.496623 0.49654
1 0.353703
3 0.837877 0
0 0.253737 bprjn
3 0.066349 8
4 0.830167 0.830227
3 0.60348 11
4 0.408095 0.408165
1 0.045726
0 0.878414 mkljn
4 0.250682 0.250643
0 0.738792 ghjxz
2 0.801526 0.801505
4 0.8907 0.890605
3 0.676929 8
2 0.601377 0.601455
0 0.994262 gtqsh
4 0.265579 0.265599
1 0.004371
2 0.468104 0.468106
4 0.062058 0.061969
1 0.002531
1 0.410171
3 0.245374 2
1 0.828038
1 0.908165
3 0.006842 2
1 0.259404
4 0.876133 0.876118
3 0.063953 16
2 0.687682 0.687752
4 0.921979 0.922059
1 0.44145
3 0.917187 23
2 0.678913 0.678888
3 0.506951 7
0 0.787622 lmrki
4 0.282881 0.282806
0 0.279347 dgdgn
4 0.330532 0.330509
2 0.247719 0.247767
1 0.442984
1 0.411135
0 0.818885 tenlw
2 0.826169 0.826162
4 0.432576 0.432616
1 0.259198
3 0.815356 17
2 0.634957 0.634858
2 0.016421 0.016491
3 0.552628 4
4 0.480115 0.480074
4 0.190695 0.190767
0 0.319296 lunzn
0 0.711564 ixnjw
1 0.023374
1 0.101454
1 0.328747
3 0.351421 3
2 0.831536 0.831582
3 0.538584 20
3 0.374232 35
0 0.552401 hnvkn
3 0.86623 44
0 0.980941 iivyn
3 0.822948 27
4 0.21125 0.21125
0 0.767297 bevcm
2 0.631169 0.631181
4 0.714397 0.714348
0 0.580627 nqrob
3 0.408265 15
1 0.231213
4 0.218758 0.218824
1 0.447471
1 0.345577
3 0.614402 45
4 0.082931 0.082995
3 0.972713 11
2 0.739323 0.739234
3 0.106477 8
1 0.02254
3 0.360836 5
2 0.592049 0.592051
0 0.485368 baqbb
3 0.680325 20
3 0.374416 30
1 0.613696
0 0.137291 idpbf
4 0.056484 0.056481
2 0.096106 0.09611
1 0.870838
2 0.751124 0.751035
4 0.495959 0.496019
2 0.692636 0.692668
1 0.906258
0 0.405827 mohjg
4 0.824517 0.824559
1 0.397353
0 0.056643 mpgch
0 0.97369 quotn
4 0.117921 0.118017
0 0.512309 xcjor
0 0.396942 cklty
2 0.416603 0.416653
1 0.374169
4 0.49751 0.49751
3 0.612544 20
1 0.955879
3 0.053747 1
4 0.633885 0.63381
3 0.571103 44
0 0.484398 bilwy
4 0.667293 0.667256
1 0.041462
3 0.987821 24
0 0.216889 xphmc
4 0.415074 0.41516
2 0.50253 0.50256
2 0.986928 0.986919
3 0.448615 47
2 0.851284 0.851243
1 0.264842
0 0.708026 ezjvd
1 0.794183
2 0.821194 0.821216
2 0.924133 0.924042
0 0.008308 omiil
3 0.373382 27
0 0.763375 shgot
4 0.7563 0.756261
4 0.687436 0.68751
4 0.024982 0.025078
1 0.816687
0 0.755029 nqodc
0 0.210734 gwycb
3 0.15356 13
2 0.87469 0.874677
3 0.756426 2
2 0.431325 0.431409
4 0.196928 0.197
1 0.951958
2 0.765216 0.765216
4 0.656864 0.656894
1 0.105241
1 0.836809
3 0.716754 7
4 0.333432 0.333411
4 0.355798 0.355723
2 0.0656 0.065602
3 0.800384 28
1 0.868208
4 0.519711 0.5197
3 0.267711 17
4 0.839694 0.839752
2 0.195862 0.19593
0 0.371256 prliu
4 0.315312 0.315332
4 0.111167 0.111074
1 0.596245
2 0.997794 0.997729
3 0.831557 5
2 0.674575 0.674566
3 0.253933 6
0 0.186453 jpwpk
0 0.969272 gzqvd
1 0.78066
0 0.125968 azddw
1 0.195588
1 0.388469
4 0.785159 0.785108
4 0.821313 0.821222
1 0.915486
4 0.733136 0.733077
4 0.069892 0.069811
0 0.405368 xgvtg
3 0.283284 35
3 0.127038 26
1 0.031859
2 0.020231 0.020293
1 0.841544
3 0.900287 31
0 0.149776 sbork
1 0.922779
1 0.735425
0 0.844197 tqorz
4 0.147975 0.147954
0 0.711449 upzsu
1 0.930237
2 0.50087 0.500841
2 0.776645 0.77658
0 0.215777 ltujh
4 0.243597 0.243574
4 0.699743 0.699829
4 0.874609 0.874602
4 0.10241 0.102367
2 0.147802 0.147834
2 0.558227 0.558224
1 0.664781
3 0.501017 21
0 0.48874 ukzgz
0 0.146569 vbjmd
0 0.9543 nqbss
3 0.959966 16
0 0.975321 nqkyt
2 0.823027 0.823035
4 0.27253 0.272527
2 0.532692 0.532683
4 0.807823 0.807899
4 0.278475 0.278529
0 0.232415 mfkwc
0 0.928576 eyyqg
3 0.697397 32
2 0.87379 0.873755
0 0.647145 nuyfz
0 0.998585 hpsfy
2 0.417584 0.417602
2 0.680445 0.680469
2 0.554815 0.554863
0 0.768565 aubxf
2 0.239679 0.239642
3 0.085269 2
0 0.600206 lkubt
3 0.862454 33
4 0.051972 0.052064
1 0.745448
0 0.343145 iqaon
0 0.373396 cwaid
2 0.565805 0.56571
4 0.364205 0.364249
4 0.563448 0.563498
0 0.419404 vwvre
4 0.150719 0.150654
4 0.316901 0.316824
2 0.441199 0.441287
3 0.321528 38
0 0.450468 wxkmc
3 0.296938 34
3 0.232694 8
2 0.1885 0.18853
2 0.268226 0.268228
2 0.724085 0.724082
4 0.231137 0.231082
4 0.627938 0.627903
4 0.921193 0.921255
2 0.108895 0.108941
0 0.185617 wilst
3 0.460441 22
0 0.033733 riyzg
3 0.161925 18
0 0.306215 samjr
3 0.047764 23
4 0.719052 0.719106
4 0.20363 0.203611
3 0.404551 44
1 0.826675
0 0.929975 xlwef
3 0.108428 9
4 0.300498 0.300431
2 0.703126 0.703103
1 0.750102
4 0.555481 0.555537
3 0.759111 26
3 0.680014 20
1 0.023042
2 0.535362 0.535382
0 0.18609 olvfj
2 0.003011 0.003019
4 0.22249 0.222459
2 0.972592 0.972505
0 0.602048 gpemt
4 0.923112 0.923142
1 0.974827
2 0.848951 0.848985
3 0.126156 17
0 0.475199 mkean
2 0.374099 0.374173
3 0.049677 25
3 0.500751 1
4 0.631839 0.631839
3 0.302322 22
2 0.029224 0.029199
4 0.293065 0.292984
1 0.736287
2 0.618327 0.61823
0 0.302672 wpwtw
3 0.717777 4
4 0.021659 0.021616
2 0.136624 0.136559
4 0.742769 0.742811
1 0.733648
2 0.927245 0.927339
4 0.420177 0.420251
3 0.41605 48
1 0.665859
4 0.548633 0.548598
2 0.37245 0.372397
2 0.907509 0.907573
3 0.915521 40
0 0.449807 adedt
3 0.807204 2
3 0.64523 48
3 0.785928 9
2 0.652484 0.652528
3 0.607974 39
3 0.133871 44
3 0.71803 3
1 0.289668
0 0.16351 uasha
4 0.682231 0.682192
4 0.608031 0.608113
4 0.691342 0.691305
0 0.323287 wdyeh
1 0.199028
0 0.886431 mwsmz
0 0.25478 nqaxt
1 0.342712
1 0.541531
0 0.926455 waayv
2 0.562218 0.562215
1 0.085418
2 0.912659 0.912683
1 0.106119
1 0.629718
1 0.268688
0 0.928462 rspew
3 0.00974 39
0 0.941349 gqvin
0 0.458726 vpkkq
2 0.275516 0.27553
1 0.544204
4 0.315923 0.315886
3 0.494178 3
1 0.530258
2 0.99421 0.994157
1 0.876672
4 0.249085 0.249028
2 0.479473 0.479509
2 0.084097 0.084119
2 0.442492 0.442461
3 0.946958 42
3 0.224458 17
2 0.558286 0.558332
0 0.951539 fupzw
3 0.067916 12
0 0.500452 sbnln
4 0.562794 0.562779
0 0.486177 yndpl
3 0.571925 34
0 0.467481 imdsf
2 0.577998 0.577953
1 0.861371
2 0.575894 0.575865
4 0.156268 0.15628
0 0.695487 cphlb
2 0.431314 0.431382
3 0.272028 22
3 0.678709 16
4 0.732749 0.732777
4 0.481447 0.481491
1 0.805764
0 0.440062 uxchx
4 0.813385 0.813322
3 0.115571 18
2 0.69304 0.693086
3 0.227992 39
0 0.593388 nfusp
0 0.082424 syqjb
4 0.911117 0.911102
3 0.240854 30
3 0.356426 48
2 0.565818 0.565862
0 0.310162 vgezd
2 0.356884 0.356888
3 0.131283 19
2 0.711446 0.711522
0 0.613932 wwign
3 0.095278 39
1 0.661096
3 0.064208 8
4 0.897951 0.89786
3 0.314437 5
4 0.325741 0.325751
2 0.572612 0.572573
0 0.238988 frdsi
3 0.497735 45
1 0.370714
4 0.365919 0.365929
2 0.85353 0.853449
1 0.392473
4 0.752138 0.752168
3 0.077879 40
2 0.166843 0.166764
4 0.405831 0.405746
2 0.136317 0.136387
3 0.702762 8
3 0.916989 25
3 0.763555 38
0 0.133437 aeiyh
2 0.833679 0.833612
2 0.789629 0.789691
1 0.564098
4 0.414196 0.414264
3 0.769219 33
0 0.621977 rpogb
1 0.132183
1 0.006189
2 0.824235 0.824218
0 0.192927 yxkio
3 0.70768 48
2 0.451648 0.451637
1 0.762531
4 0.096568 0.096642
0 0.731956 uhqqu
2 0.565361 0.565286
1 0.389596
2 0.652747 0.652769
1 0.451574
1 0.098559
4 0.076925 0.076842
2 0.483688 0.483762
0 0.114977 voyba
2 0.996046 0.9961
4 0.423624 0.423692
4 0.888885 0.888901
3 0.094019 40
2 0.929784 0.929854
3 0.84052 47
3 0.451422 35
3 0.857559 15
4 0.513571 0.51356
2 0.304436 0.304514
3 0.395043 9
4 0.567363 0.5673
2 0.129279 0.129216
1 0.27372
1 0.813469
2 0.857688 0.857645
4 0.293764 0.293747
1 0.524714
2 0.069941 0.069999
3 0.074205 7
1 0.485135
3 0.493231 45
2 0.060594 0.060652
1 0.189874
2 0.083953 0.083983
1 0.233452
2 0.128587 0.12854
3 0.422351 15
4 0.947065 0.947159
3 0.110523 42
3 0.601533 30
3 0.383436 12
3 0.91256 6
4 0.077792 0.077822
3 0.28328 32
0 0.296785 xzzcc
0 0.43891 cbrsw
1 0.422238
3 0.201957 24
0 0.781175 llwtd
4 0.318233 0.318331
2 0.768665 0.768592
0 0.805673 xayjd
4 0.87563 0.875569
3 0.387554 24
4 0.348888 0.348888
2 0.646416 0.646329
1 0.603972
3 0.307362 32
1 0.25486
1 0.107168
0 0.167306 kdpid
0 0.121092 amwfk
3 0.770968 24
2 0.283325 0.283333
2 0.09235 0.092376
4 0.581734 0.581812
2 0.503511 0.503557
4 0.187169 0.187209
2 0.101443 0.101416
3 0.825985 21
0 0.200737 fbtlh
0 0.639849 snzff
4 0.136254 0.136296
4 0.883869 0.883899
0 0.525696 qkfbe
2 0.796273 0.79624
1 0.101087
2 0.937057 0.937131
1 0.572975
0 0.106478 dzyee
0 0.887573 ckhyh
4 0.652275 0.652178
4 0.795766 0.795667
2 0.006705 0.006644
1 0.103089
1 0.738537
0 0.994546 gaogw
2 0.962854 0.96295
2 0.750905 0.750945
1 0.361132
0 0.626808 bzqix
1 0.123473
2 0.336125 0.336211
4 0.211777 0.211795
0 0.863953 tntgg
2 0.599333 0.599375
0 0.783374 qfntb
3 0.662287 5
1 0.593835
0 0.129255 qmojg
0 0.773596 xqtci
2 0.851225 0.851172
0 0.622719 ujvhq
0 0.147379 fbxrq
3 0.812092 11
3 0.958816 8
0 0.162348 ikeam
0 0.770585 inzlf
2 0.287211 0.287182
4 0.045995 0.045944
1 0.958246
3 0.465986 3
3 0.278078 17
2 0.101531 0.101484
4 0.351214 0.351268
1 0.90709
4 0.236801 0.23672
2 0.282226 0.28224
1 0.583858
1 0.244565
2 0.777073 0.777141
0 0.251671 ljlvq
2 0.383034 0.38309
2 0.009496 0.009568
0 0.524219 llqsg
3 0.84951 19
3 0.580588 36
2 0.874013 0.874067
0 0.125684 uiphx
3 0.393072 25
1 0.54113
3 0.896524 4
3 0.420744 18
4 0.469981 0.469914
0 0.462242 izelb
0 0.679247 seukn
1 0.888178
0 0.633103 qbssj
1 0.076671
1 0.67387
3 0.206151 45
2 0.489829 0.48974
4 0.354094 0.354025
3 0.813535 24
0 0.746464 qokvq
3 0.146376 31
1 0.955244
2 0.610292 0.610372
3 0.901432 34
0 0.966639 kxwjz
4 0.418732 0.418635
2 0.407772 0.407701
2 0.154237 0.154291
1 0.151158
2 0.588145 0.588088
0 0.059741 hykgd
3 0.106334 16
1 0.448205
4 0.56803 0.568076
1 0.503115
0 0.56406 mqwah
1 0.40306
1 0.039862
2 0.780938 0.780907
0 0.727481 trehv
2 0.409886 0.409849
1 0.494269
0 0.157447 mxpko
2 0.0061 0.006079
0 0.40916 todqo
1 0.450535
3 0.606917 43
0 0.628078 zhfgq
1 0.652631
0 0.130456 tdadp
2 0.063949 0.063914
1 0.565463
4 0.131047 0.131095
2 0.097935 0.097957
2 0.930928 0.930972
0 0.448488 zjdjk
1 0.405111
4 0.216751 0.216732
0 0.651969 zwyha
2 0.554226 0.55427
1 0.269551
4 0.66015 0.660057
4 0.171146 0.171081
3 0.424993 42
3 0.93423 45
2 0.855694 0.855669
0 0.907613 cqfzy
3 0.986772 14
2 0.450702 0.450782
0 0.203268 jozie
4 0.629821 0.629774
3 0.080404 43
0 0.936098 qqnqs
3 0.76487 34
3 0.267995 0
0 0.715747 yelss
1 0.519528
3 0.327789 36
2 0.147231 0.147164
3 0.600824 15
0 0.167317 xhfom
3 0.358881 30
3 0.440221 29
2 0.66585 0.665908
0 0.611098 gwkir
4 0.015023 0.014926
1 0.56939
1 0.179633
0 0.186231 noqtp
0 0.513307 doade
2 0.447221 0.447291
3 0.745799 30
2 0.912485 0.912539
4 0.974942 0.974986
2 0.670927 0.670979
1 0.017877
3 0.194199 6
4 0.796129 0.796129
0 0.916738 ldtny
0 0.127505 tbtgp
1 0.760179
4 0.794786 0.794792
1 0.65559
4 0.229815 0.229845
0 0.315773 vydcz
4 0.065985 0.065962
0 0.977492 jztry
2 0.266851 0.266855
4 0.884224 0.884266
2 0.776472 0.776478
0 0.719602 xacry
4 0.86261 0.862535
4 0.689533 0.689446
3 0.517544 35
0 0.473059 ukoxy
2 0.112352 0.11237
4 0.691994 0.692036
2 0.369652 0.369686
1 0.59346
2 0.663791 0.663847
4 0.610166 0.610079
2 0.065806 0.065743
1 0.792043
3 0.973196 5
1 0.229458
3 0.602205 15
0 0.550975 arbrx
4 0.677737 0.677741
4 0.008957 0.008944
1 0.755705
4 0.619159 0.619066
2 0.589822 0.589781
4 0.856495 0.856547
3 0.975052 19
0 0.526027 yhbyq
1 0.490587
4 0.711205 0.711118
0 0.663152 fdfmp
0 0.386796 auafs
3 0.991108 34
2 0.809184 0.809212
1 0.622034
0 0.162802 dodjj
1 0.685603
4 0.795129 0.795034
1 0.164666
2 0.002146 0.002081
2 0.682684 0.68277
3 0.151565 37
0 0.171067 uspsp
4 0.854445 0.854533
2 0.998404 0.998353
3 0.484205 30
0 0.583906 rqmks
4 0.41155 0.411602
2 0.670951 0.670971
0 0.56519 osdyy
0 0.983095 ebpyo
1 0.496379
3 0.960713 38
0 0.210077 mbyib
1 0.560671
0 0.890473 zgsjm
1 0.128977
4 0.54043 0.540442
3 0.095757 49
2 0.135289 0.135307
3 0.275079 33
1 0.497634
0 0.484993 lpcab
4 0.594253 0.594238
4 0.256487 0.256583
2 0.901817 0.901889
3 0.779429 25
0 0.74108 xjqev
2 0.620796 0.620818
0 0.576762 yvjws
1 0.328096
3 0.470301 9
0 0.311632 avosa
0 0.983488 yhmbv
0 0.160185 xxxbe
4 0.800538 0.800519
3 0.644986 32
4 0.856802 0.856725
3 0.340314 9
4 0.452898 0.452887
2 0.745108 0.745144
2 0.604084 0.604075
4 0.799454 0.799548
4 0.057621 0.05758
4 0.136625 0.136558
4 0.879444 0.879506
2 0.986829 0.986802
4 0.440558 0.440558
0 0.689567 qzmgu
1 0.375958
4 0.496347 0.496304
0 0.342601 ezqhu
4 0.820804 0.820896
1 0.966464
3 0.405563 23
1 0.382016
1 0.341298
0 0.107375 lodja
1 0.449145
4 0.820783 0.820849
2 0.603145 0.603215
3 0.009546 25
0 0.516693 apfqq
3 0.440693 1
4 0.615013 0.615041
4 0.123544 0.123507
3 0.524385 5
3 0.243722 39
4 0.564656 0.564742
0 0.544809 ovswx
0 0.288825 hjcwh
1 0.917143
2 0.043106 0.043031
0 0.083843 gmvrt
1 0.78776
2 0.953382 0.953285
0 0.823244 itwzi
3 0.922492 23
3 0.22704 33
1 0.146601
1 0.876889
4 0.652658 0.652627
0 0.63382 ahkor
1 0.313963
1 0.335373
0 0.074292 xvwxz
1 0.851159
4 0.195014 0.195106
2 0.956285 0.956204
2 0.125583 0.125589
2 0.737015 0.736924
2 0.603637 0.603715
0 0.204701 qpipb
3 0.259211 15
2 0.289392 0.289468
3 0.000758 19
1 0.473395
0 0.59982 ejniw
4 0.014166 0.014137
3 0.904904 9
3 0.109605 20
1 0.371302
2 0.464936 0.465014
4 0.27068 0.270673
0 0.271438 tktvq
4 0.947387 0.947387
4 0.769987 0.770061
0 0.888068 cwure
0 0.407705 cxeuw
4 0.005578 0.005483
1 0.863363
3 0.009164 12
1 0.923483
4 0.470921 0.471013
3 0.184248 20
2 0.323532 0.323481
2 0.593387 0.593475
4 0.001092 0.00115
2 0.680863 0.680856
2 0.185364 0.185279
4 0.91842 0.918419
4 0.917338 0.917356
1 0.096468
3 0.030102 11
1 0.730702
3 0.331765 35
1 0.431454
2 0.471976 0.472072
1 0.928434
0 0.845929 yfjxp
0 0.920432 ikbvn
4 0.139033 0.139093
3 0.324881 45
1 0.895468
1 0.45924
0 0.522458 qmehg
3 0.049453 34
4 0.673032 0.673031
3 0.406277 23
1 0.796155
0 0.436573 dygpq
0 0.652651 efrsz
1 0.421085
2 0.25628 0.256286
1 0.856781
4 0.232585 0.232641
3 0.545092 21
1 0.343947
3 0.124733 13
4 0.51307 0.513045
2 0.280524 0.280594
1 0.371505
3 0.82582 34
4 0.763258 0.763264
1 0.647864
4 0.45914 0.459216
4 0.328648 0.328684
2 0.137272 0.137255
4 0.00447 0.004472
4 0.142616 0.142688
1 0.063144
4 0.342562 0.342586
3 0.9505 47
0 0.780227 trdwj
2 0.818499 0.818571
1 0.425035
4 0.823998 0.824002
3 0.34482 6
0 0.487437 zwbbf
2 0.281402 0.281333
3 0.231902 16
3 0.370695 17
2 0.558927 0.559023
3 0.6256 22
4 0.053216 0.053288
0 0.669372 isgdj
3 0.744467 8
3 0.585749 12
0 0.250297 wavkq
4 0.844467 0.844386
3 0.629963 29
0 0.820505 rvgok
1 0.782389
3 0.063181 8
3 0.050652 10
0 0.569292 fzyfd
4 0.969061 0.969151
0 0.726944 gieha
2 0.298506 0.298574
3 0.919714 23
1 0.218455
1 0.294432
1 0.406974
3 0.957945 33
2 0.035296 0.035386
3 0.347982 3
4 0.943598 0.943598
0 0.269995 yoheg
3 0.292024 16
1 0.53414
2 0.13996 0.139871
3 0.294603 38
2 0.458454 0.458538
0 0.646359 bpfzx
2 0.331964 0.331937
1 0.015673
1 0.940856
3 0.203915 22
0 0.254407 eupzm
0 0.41175 piekw
0 0.031618 ldxhm
1 0.139688
2 0.383202 0.383244
3 0.103469 17
0 0.874229 sawod
3 0.325702 7
3 0.568402 15
0 0.763794 utwrt
0 0.067594 vmibr
3 0.893718 1
0 0.815423 zylza
4 0.153594 0.15362
4 0.579776 0.579818
1 0.783461
3 0.628043 22
0 0.247208 htxvk
2 0.656122 0.656109
3 0.695414 36
0 0.716219 ohtoz
1 0.791943
4 0.805707 0.805688
1 0.272048
0 0.819954 txdyz
2 0.069828 0.069779
0 0.040096 scarj
1 0.238063
4 0.311244 0.3113
3 0.925208 16
2 0.097167 0.097203
0 0.496419 zjlbk
4 0.591934 0.591988
1 0.139672
0 0.745358 twaty
0 0.958876 qkeny
4 0.761072 0.761013
4 0.529375 0.529459
4 0.980654 0.980692
4 0.402208 0.40223
1 0.482863
1 0.361812
1 0.194201
0 0.389918 zmbzx
3 0.106274 30
3 0.053803 4
2 0.061184 0.061103
1 0.951089
0 0.55959 epozw
0 0.454693 vgmpf
0 0.559678 zysix
4 0.927712 0.927629
0 0.098766 xszqh
4 0.139531 0.139492
0 0.38837 dzuhq
3 0.761585 46
3 0.448045 28
0 0.757131 xfzqn
1 0.670407
4 0.435611 0.43557
0 0.276407 bgalv
1 0.399393
4 0.097745 0.097793
0 0.902538 nducs
4 0.875724 0.875689
2 0.231785 0.231702
1 0.594601
1 0.863729
4 0.493253 0.493305
2 0.703337 0.703322
2 0.334496 0.334504
3 0.948593 8
0 0.491783 kxapt
1 0.497435
0 0.65004 dikev
3 0.138324 10
0 0.871763 nsexy
1 0.853641
0 0.950229 rayuy
3 0.075346 4
2 0.798113 0.798084
2 0.78537 0.78541
3 0.367229 47
1 0.917498
2 0.978359 0.978336
0 0.883407 nymew
0 0.760896 vwonm
1 0.873192
4 0.291397 0.29136
1 0.523437
0 0.88589 myubw
0 0.031957 esvav
2 0.55318 0.553248
2 0.00655 0.00664
2 0.046247 0.046253
2 0.779538 0.779594
4 0.2982 0.298155
1 0.700442
2 0.805449 0.805487
0 0.155187 wlnzl
3 0.4958 24
0 0.518268 osqle
4 0.57049 0.57057
1 0.185645
2 0.159234 0.159171
0 0.020666 femrm
0 0.195405 qiykq
0 0.08303 anmku
2 0.382171 0.382098
0 0.764903 xbiqr
3 0.715013 26
3 0.167061 30
1 0.082449
2 0.496101 0.496038
2 0.514657 0.514608
0 0.452779 anmny
4 0.529705 0.529704
4 0.491893 0.491844
0 0.835456 ommyk
3 0.630277 7
4 0.039522 0.039598
0 0.839385 rtyle
0 0.913914 dcgmd
0 0.923959 rejeg
0 0.499253 yzsyb
4 0.360985 0.360906
4 0.206075 0.20601
0 0.536648 izzam
0 0.240976 dilvk
4 0.550967 0.551033
0 0.852462 kzqlf
2 0.876672 0.876744
1 0.097142
4 0.153733 0.15367
4 0.213726 0.21379
4 0.072636 0.072543
0 0.374628 trjya
2 0.429542 0.42961
3 0.059775 4
2 0.720562 0.720475
4 0.258686 0.258736
3 0.519237 31
3 0.316436 45
2 0.497371 0.49732
4 0.299989 0.299958
4 0.345575 0.345617
3 0.942128 22
0 0.423848 dsjds
2 0.958809 0.958734
4 0.947959 0.948023
1 0.389272
0 0.438671 kkifa
4 0.452431 0.452334
0 0.566667 illpe
1 0.88649
0 0.262112 dgetc
4 0.093904 0.093819
0 0.048927 wmoma
4 0.806697 0.80661
1 0.121055
0 0.71963 sclip
1 0.97707
1 0.650409
1 0.387558
1 0.595105
1 0.446226
2 0.941471 0.941521
4 0.435981 0.435997
4 0.709482 0.709469
3 0.725868 18
4 0.96185 0.961912
2 0.290976 0.291018
1 0.679272
0 0.562159 eitkg
2 0.445002 0.444929
2 0.936789 0.936843
1 0.753613
3 0.823684 27
3 0.270105 23
4 0.094067 0.094052
0 0.524961 hrcdj
0 0.793082 qxnmn
4 0.941626 0.941543
4 0.902318 0.902289
4 0.549657 0.549695
4 0.95058 0.950531
3 0.259095 36
0 0.60504 namlr
2 0.369424 0.369516
4 0.349695 0.349749
4 0.807673 0.807763
0 0.20244 hpvgz
3 0.098499 38
4 0.009281 0.009319
4 0.136483 0.136507
4 0.857276 0.857269
1 0.2267
1 0.618892
2 0.630258 0.630175
3 0.166848 38
3 0.133979 30
4 0.357988 0.35803
0 0.972839 ubfyo
2 0.497246 0.497268
4 0.949437 0.949402
4 0.840441 0.840469
3 0.470699 11
1 0.153899
2 0.234977 0.235055
2 0.205011 0.204992
4 0.108228 0.108286
1 0.862504
0 0.786972 qamrp
3 0.389969 10
1 0.034689
4 0.238124 0.238212
3 0.473101 19
0 0.194465 relhy
3 0.466798 17
2 0.980228 0.980133
4 0.48322 0.483217
1 0.3167
1 0.697139
2 0.387406 0.387325
0 0.116908 ggdrr
1 0.586478
3 0.119872 27
3 0.28507 27
3 0.726259 7
0 0.055768 wadnq
4 0.445352 0.445339
0 0.324136 aqujy
2 0.928208 0.928272
1 0.496283
1 0.335468
0 0.800043 tpbho
4 0.699476 0.699562
4 0.808598 0.8086
3 0.133064 20
1 0.19121
3 0.977097 30
1 0.557207
4 0.242076 0.241981
3 0.993937 15
2 0.903939 0.903886
3 0.092992 9
4 0.637923 0.637838
1 0.371784
1 0.08718
3 0.355652 0
4 0.063214 0.063201
4 0.267545 0.26752
3 0.916436 1
3 0.594208 10
4 0.354095 0.354046
4 0.705525 0.705619
3 0.157564 17
1 0.300042
4 0.609604 0.609581
2 0.965256 0.965233
3 0.02847 39
2 0.812367 0.812381
0 0.728803 bptvr
2 0.39026 0.390259
2 0.294123 0.294092
2 0.145592 0.145545
4 0.368846 0.368795
2 0.65945 0.659391
3 0.520754 30
2 0.962558 0.962461
3 0.025719 1
0 0.213786 qeimo
2 0.982479 0.982402
2 0.787852 0.78786
0 0.340097 jllcf
3 0.633401 25
2 0.97225 0.972165
3 0.523551 12
4 0.916374 0.916428
1 0.301924
0 0.308866 sdavp
2 0.564959 0.564987
2 0.421408 0.421321
2 0.21185 0.211839
4 0.973173 0.973235
4 0.514456 0.514391
1 0.269526
4 0.242088 0.242029
0 0.07917 xfkuf
0 0.183017 vfcir
1 0.424311
3 0.828894 23
4 0.437628 0.437674
3 0.993712 31
3 0.74751 21
2 0.304626 0.304718
3 0.662496 24
3 0.64678 24
1 0.712375
4 0.279023 0.279101
3 0.062661 40
1 0.891555
3 0.703543 36
1 0.150749
4 0.016501 0.016579
1 0.227646
4 0.275535 0.275551
2 0.366609 0.36655
2 0.892085 0.892157
4 0.247639 0.247592
3 0.019614 9
0 0.835866 mqlvs
4 0.04474 0.044715
4 0.930025 0.929972
4 0.924063 0.924103
2 0.537115 0.537066
4 0.3133 0.313386
1 0.318211
0 0.960576 djpjl
3 0.200424 20
1 0.992833
2 0.020446 0.020504
1 0.532908
3 0.469474 35
0 0.267757 gglgy
0 0.007714 hzzqn
2 0.764218 0.764274
1 0.367241
4 0.073954 0.073881
3 0.687564 36
1 0.454805
1 0.433787
0 0.545993 xbplu
3 0.294944 49
1 0.196922
2 0.063028 0.06312
0 0.660502 qgenz
0 0.101444 ouqqr
0 0.870345 vwqxz
4 0.943055 0.942998
2 0.669104 0.669192
1 0.113308
4 0.398119 0.39805
1 0.083554
3 0.844784 6
2 0.801045 0.801083
0 0.223798 eidhg
4 0.052246 0.052209
0 0.511654 hbgpg
1 0.226304
2 0.86254 0.862513
2 0.323788 0.323846
0 0.168572 pjjpp
2 0.101121 0.101191
1 0.265501
3 0.697261 34
4 0.833407 0.833388
0 0.724942 krgem
3 0.569702 36
4 0.129102 0.129162
4 0.342361 0.34228
1 0.501479
4 0.849452 0.849458
1 0.21656
0 0.37399 gygjr
0 0.0969 mwddm
4 0.45595 0.455998
1 0.069362
4 0.700783 0.700827
1 0.718614
0 0.43356 fvfei
2 0.79554 0.795614
3 0.002938 44
0 0.342664 oidov
1 0.284734
2 0.601904 0.60199
0 0.287 sitis
3 0.474541 28
4 0.507923 0.507943
0 0.888279 nqtea
0 0.443262 irwcd
1 0.771109
2 0.786272 0.786223
2 0.387044 0.38713
2 0.966962 0.967028
3 0.991238 36
4 0.879517 0.879565
1 0.361458
4 0.687992 0.687969
3 0.469407 30
0 0.066459 sechy
4 0.780786 0.780866
4 0.574785 0.574732
1 0.923737
0 0.107006 bzxsl
3 0.94071 1
3 0.688465 10
0 0.36922 sxamv
3 0.854611 38
3 0.64294 23
4 0.590708 0.590693
0 0.490443 tuowa
0 0.219113 zcwye
1 0.593469
0 0.941289 iumqy
3 0.286736 2
3 0.983351 34
1 0.239543
4 0.515612 0.515563
2 0.631098 0.631112
2 0.719998 0.720028
3 0.497363 6
2 0.643949 0.644005
1 0.083461
4 0.576098 0.576097
0 0.047643 fqvyn
3 0.761183 35
1 0.491932
0 0.325656 mcogk
4 0.328084 0.328075
4 0.650641 0.650719
0 0.430839 qpfes
1 0.858958
0 0.593811 fddpv
2 0.879989 0.879926
1 0.441995
1 0.278949
0 0.077428 yihus
0 0.133057 cusje
2 0.129087 0.129099
2 0.062548 0.062584
1 0.592347
4 0.534186 0.534115
4 0.138908 0.138863
4 0.687771 0.687698
1 0.408807
4 0.56446 0.564524
4 0.213869 0.213895
4 0.183947 0.183934
1 0.529336
0 0.839899 cvxom
3 0.689983 19
2 0.365085 0.365006
4 0.902641 0.902697
2 0.041805 0.041754
4 0.998621 0.998564
3 0.886247 13
2 0.78246 0.78246
4 0.80776 0.807709
3 0.411961 40
0 0.608509 humny
3 0.242692 2
0 0.875689 cbyys
2 0.820785 0.820811
0 0.664684 xozoh
0 0.750762 ywdek
1 0.67775
3 0.685668 1
4 0.141579 0.141564
1 0.15154
4 0.482093 0.482034
0 0.800808 gmezs
1 0.003764
2 0.567368 0.567329
4 0.401892 0.401811
3 0.955758 34
1 0.157779
0 0.071081 cajym
2 0.137062 0.137154
1 0.437206
2 0.338297 0.338331
3 0.214625 0
2 0.928202 0.928246
4 0.46931 0.469336
2 0.722111 0.722121
0 0.396242 cokrn
0 0.513254 bwglj
1 0.126485
4 0.703136 0.703146
0 0.8773 prtgi
2 0.068635 0.068733
1 0.369846
4 0.64282 0.642777
2 0.566839 0.566867
3 0.21129 47
3 0.999478 20
1 0.642315
1 0.146742
0 0.984041 auphz
4 0.273919 0.273882
2 0.520497 0.520462
1 0.163317
4 0.831991 0.832033
2 0.0062 0.006248
4 0.418821 0.418899
1 0.862427
3 0.059573 22
0 0.559966 pbqnh
0 0.154696 dctyo
3 0.598969 42
0 0.793791 posqg
2 0.133578 0.133487
1 0.710771
4 0.418534 0.418538
1 0.556385
4 0.398181 0.3981
3 0.932786 25
3 0.156337 40
2 0.211879 0.211784
1 0.475179
0 0.549342 mzztz
2 0.03458 0.034662
3 0.822321 12
2 0.497602 0.497648
4 0.408016 0.407995
0 0.310643 wpppl
3 0.155543 27
1 0.221237
3 0.045631 18
0 0.399497 mshps
3 0.387655 47
1 0.08459
0 0.400903 qjffk
0 0.780954 aibda
4 0.065853 0.06578
2 0.981702 0.981661
4 0.520433 0.520334
0 0.511029 swfmo
0 0.695406 xnrax
0 0.104608 ctzuq
0 0.196959 kgavk
4 0.675376 0.675279
4 0.186405 0.186402
2 0.450449 0.450459
4 0.281911 0.281981
3 0.708792 17
1 0.137628
4 0.519804 0.519902
4 0.657584 0.657575
4 0.914889 0.914862
1 0.106587
1 0.021824
1 0.152651
1 0.101533
0 0.485219 ougkp
3 0.044764 45
1 0.698744
2 0.42025 0.420292
1 0.077834
3 0.338595 25
0 0.685043 possi
4 0.099342 0.099356
0 0.732037 sjjwb
0 0.371536 rzisn
1 0.955467
3 0.972812 47
3 0.104826 33
1 0.232977
0 0.935203 ncmkb
2 0.818704 0.818758
0 0.967279 jlauv
4 0.297805 0.297837
2 0.761541 0.761442
0 0.387442 tjqsk
2 0.469884 0.469843
3 0.050592 11
0 0.869296 ypocr
2 0.36423 0.364161
4 0.178387 0.178389
1 0.45628
3 0.159524 36
2 0.219695 0.219717
2 0.267267 0.267232
4 0.903195 0.903184
3 0.15563 10
4 0.70643 0.70647
4 0.569931 0.570005
1 0.7625
3 0.714658 4
0 0.170938 vukka
1 0.186299
3 0.205933 43
0 0.392252 knisf
3 0.150816 36
2 0.339405 0.339491
3 0.054063 43
0 0.741354 nhuqn
2 0.350515 0.35047
2 0.16531 0.165227
0 0.281291 fubbj
1 0.448901
4 0.659603 0.659516
3 0.51536 25
1 0.150723
3 0.811919 27
3 0.976135 34
2 0.32665 0.32668
0 0.008312 qmqpb
2 0.767636 0.767575
0 0.216537 nbekq
2 0.133251 0.133216
0 0.904292 vxmut
1 0.493615
4 0.496216 0.496163
4 0.153697 0.153789
1 0.152324
0 0.812049 ianeq
0 0.584881 gfabe
3 0.853013 28
1 0.34944
1 0.075726
4 0.557427 0.557334
2 0.19218 0.192101
0 0.495811 xjiif
1 0.842173
1 0.038812
4 0.415433 0.415352
0 0.131491 cvpga
4 0.590103 0.590034
1 0.094748
3 0.445869 29
3 0.867745 46
2 0.770602 0.770616
2 0.370796 0.370697
3 0.745081 34
4 0.060676 0.060601
0 0.229284 mfydm
0 0.835044 wktkf
2 0.267547 0.267563
2 0.615461 0.615521
3 0.470289 34
0 0.961488 gzysu
2 0.20868 0.20873
0 0.272451 lefst
2 0.109016 0.109092
4 0.327784 0.327739
1 0.869296
3 0.911585 30
1 0.873073
4 0.187339 0.187294
4 0.660006 0.66005
2 0.878308 0.878219
4 0.360295 0.360254
2 0.90258 0.902602
0 0.055872 iiste
4 0.514623 0.514647
4 0.669403 0.669378
4 0.95786 0.957876
1 0.451361
2 0.627105 0.627062
1 0.713046
3 0.587178 40
0 0.965468 rllva
3 0.259277 49
2 0.618783 0.61871
3 0.804538 0
0 0.27875 pnodj
0 0.227924 lrcun
3 0.348389 10
3 0.897427 41
1 0.213
0 0.033911 ynmyb
0 0.539877 fxapu
3 0.210903 14
2 0.785469 0.785448
2 0.598744 0.598681
2 0.069662 0.069704
0 0.999413 kjpmi
0 0.38027 yeogi
1 0.627148
2 0.371286 0.371328
1 0.341653
3 0.805244 22
0 0.417762 kcjtq
2 0.651817 0.651915
0 0.924029 xwghw
2 0.82361 0.823692
1 0.714916
0 0.300955 rfnto
2 0.995042 0.995035
4 0.22628 0.226332
0 0.013997 pdiyn
0 0.886235 buwpw
1 0.91709
4 0.624198 0.624284
1 0.56008
3 0.094928 1
3 0.13768 1
0 0.074107 fzevh
0 0.699815 cytcw
2 0.46678 0.466878
0 0.295541 brzyd
1 0.554549
2 0.902871 0.902804
4 0.352352 0.352261
2 0.767299 0.767309
2 0.467115 0.467199
0 0.756394 ssuwo
4 0.721835 0.721915
3 0.157926 1
0 0.154097 ctdyr
1 0.937732
1 0.294349
3 0.594235 7
0 0.04537 gbwkf
4 0.55672 0.55674
1 0.8332
3 0.827293 3
1 0.98139
3 0.045118 12
3 0.77679 10
1 0.607211
4 0.282981 0.282914
0 0.216884 bbtvy
2 0.564201 0.564299
4 0.913753 0.91374
4 0.510107 0.510106
4 0.456867 0.456848
3 0.602741 9
1 0.202699
3 0.67434 30
0 0.381902 qmksp
1 0.700962
1 0.917652
2 0.440463 0.440475
1 0.466922
4 0.345408 0.345319
3 0.087678 32
0 0.148809 ugwuh
1 0.590161
3 0.888688 2
0 0.126512 qivxs
0 0.301972 olnkz
0 0.371352 yjvdn
0 0.040079 uqccc
0 0.618197 rjjqf
2 0.741492 0.741477
2 0.401578 0.401644
1 0.665694
2 0.910215 0.910148
2 0.495454 0.495359
1 0.503653
2 0.282782 0.282697
4 0.259534 0.259501
2 0.417887 0.417844
4 0.721592 0.721567
3 0.925159 49
3 0.436025 46
2 0.813425 0.813364
2 0.302939 0.303007
2 0.152183 0.15211
1 0.951317
3 0.892362 43
3 0.470235 2
4 0.190438 0.190437
2 0.626463 0.626364
2 0.95624 0.956227
4 0.775532 0.775451
3 0.927715 4
4 0.879032 0.879019
3 0.963375 43
2 0.148658 0.148696
1 0.076074
2 0.372203 0.372263
4 0.806088 0.806075
3 0.948904 13
0 0.421496 hfwgo
3 0.237113 35
2 0.888378 0.888464
3 0.118321 33
3 0.957711 16
4 0.308083 0.308107
4 0.440086 0.440122
3 0.374845 32
4 0.163297 0.163218
2 0.154176 0.154169
3 0.548827 3
2 0.572215 0.572245
2 0.116701 0.116616
4 0.780136 0.780186
0 0.451352 sruay
4 0.935548 0.935628
0 0.140712 gujah
2 0.41794 0.417996
4 0.09558 0.095493
1 0.728633
4 0.822517 0.822448
0 0.41985 gvcpb
2 0.658465 0.658551
2 0.78193 0.782028
2 0.743614 0.743674
1 0.441891
2 0.578263 0.57824
4 0.083981 0.084001
4 0.753335 0.753373
3 0.82471 38
1 0.825627
1 0.74117
0 0.684278 cksmr
0 0.441532 euhfa
3 0.128178 48
0 0.494825 jlyfu
0 0.444705 bzqsp
0 0.009501 svnjn
0 0.861483 wdjlv
2 0.602978 0.602931
0 0.868811 zwmje
3 0.650831 27
4 0.13172 0.131689
3 0.310526 40
1 0.447217
3 0.659518 34
3 0.037354 49
3 0.495728 19
0 0.371157 mvxzu
3 0.392467 5
3 0.36195 23
1 0.154442
1 0.546439
0 0.826707 nejjh
0 0.531112 xkzon
2 0.994139 0.994076
2 0.48393 0.483982
2 0.562889 0.562937
2 0.247137 0.247207
1 0.897974
1 0.922722
1 0.621736
4 0.105094 0.105106
0 0.896794 hwkxw
4 0.579518 0.579568
4 0.148047 0.148014
4 0.248706 0.248744
0 0.259311 ogrna
0 0.579165 nktcw
4 0.676594 0.676638
2 0.043702 0.043758
4 0.139572 0.13963
0 0.287619 wggzt
2 0.544969 0.545045
2 0.728878 0.728839
0 0.0044 dxyju
1 0.365158
1 0.418444
0 0.337789 nqjoj
2 0.054751 0.054658
1 0.595093
3 0.351968 49
1 0.893411
1 0.290479
1 0.903189
2 0.463675 0.463767
4 0.566186 0.56625
1 0.787499
4 0.079785 0.079877
4 0.027709 0.027747
2 0.591961 0.592003
1 0.822104
0 0.811664 mfyis
2 0.358756 0.358663
1 0.338784
3 0.44218 20
2 0.791209 0.79118
3 0.593633 49
2 0.686344 0.686255
0 0.794657 ffefv
3 0.214355 47
1 0.55786
2 0.282482 0.282429
0 0.621266 gfgfl
2 0.192743 0.192791
3 0.851379 49
0 0.537723 ncpif
0 0.820486 lbbyz
4 0.771112 0.771126
2 0.064504 0.064457
3 0.711101 39
2 0.903845 0.903756
0 0.755224 lkvbd
0 0.674754 duwhz
3 0.253014 24
2 0.196328 0.196398
4 0.123442 0.123407
0 0.372275 dnjes
3 0.068112 24
2 0.454094 0.454073
0 0.645201 lolgu
2 0.594669 0.594713
1 0.790997
1 0.47016
1 0.214501
3 0.940032 41
2 0.568614 0.568666