1 0.186151
0 0.704887 ibsie
2 0.196587 0.196506
0 0.890134 tunqe
1 0.917128
0 0.255013 dlxoc
1 0.115939
3 0.447707 40
4 0.152594 0.152628
3 0.228003 45
2 0.771397 0.771431
0 0.494238 fmmiz
2 0.945314 0.945247
4 0.200327 0.200337
4 0.99092 0.990883
2 0.517901 0.517872
1 0.48196
4 0.595922 0.595915
1 0.374317
0 0.222653 vqczk
1 0.915992
3 0.905767 31
2 0.851081 0.85103
2 0.56776 0.567699
3 0.55868 48
3 0.592933 27
1 0.074893
4 0.092183 0.092183
0 0.4665 yiowi
2 0.432267 0.432208
1 0.963123
3 0.990308 5
1 0.482659
4 0.106723 0.106795
3 0.665403 20
1 0.774688
0 0.408792 mwbja
2 0.712797 0.712865
0 0.500519 bmuxj
4 0.743109 0.743106
2 0.282072 0.282086
1 0.388796
1 0.968309
1 0.241409
2 0.34524 0.345229
1 0.711174
2 0.339663 0.339723
0 0.339842 hcpyl
1 0.998067
0 0.087492 zzhbi
2 0.080222 0.080201
0 0.564883 abcht
4 0.440243 0.440279
3 0.259503 8
0 0.824265 madyt
4 0.125098 0.125186
3 0.718451 36
0 0.593877 guqow
0 0.554864 vaeki
0 0.919722 wmtdl
0 0.900905 mtufz
0 0.217345 kyqta
2 0.401026 0.401098
3 0.95589 0
2 0.588131 0.588223
0 0.856856 xgrll
1 0.364757
0 0.236119 tukkg
2 0.417854 0.417821
1 0.434178
2 0.465604 0.465599
4 0.893204 0.893109
4 0.775448 0.775526
3 0.55258 34
0 0.000455 jogiy
4 0.228725 0.228785
1 0.480089
4 0.301719 0.301672
4 0.576404 0.576482
4 0.211411 0.211445
4 0.706842 0.70688
2 0.492171 0.492084
0 0.379396 nxlpl
4 0.375713 0.375682
1 0.195544
1 0.553111
3 0.185545 5
4 0.134344 0.13435
0 0.363075 oilgi
0 0.126052 cvjpl
2 0.701978 0.701945
4 0.77162 0.771521
0 0.503771 bzgaj
4 0.236794 0.236864
1 0.344359
2 0.736232 0.736193
3 0.156454 9
0 0.798859 wkutm
1 0.937322
0 0.852925 ofxcw
0 0.302269 nzygh
1 0.623117
0 0.314132 twuel
4 0.653806 0.653723
1 0.359542
0 0.119101 zqour
2 0.077293 0.077232
4 0.980196 0.980246
3 0.08142 33
2 0.744042 0.744094
2 0.229463 0.229531
1 0.740329
2 0.252164 0.252176
0 0.128059 uoies
4 0.834635 0.834649
2 0.908848 0.908815
0 0.606498 xgvrr
2 0.26911 0.269081
3 0.8482 47
1 0.58853
2 0.344841 0.344935
1 0.776956
0 0.808038 eogqo
1 0.71728
1 0.707077
4 0.555922 0.555932
2 0.083177 0.083177
4 0.184958 0.184945
1 0.471855
4 0.540613 0.540544
1 0.440361
1 0.338108
3 0.368467 39
4 0.527493 0.527458
4 0.111719 0.111652
0 0.818796 fzbiu
4 0.774376 0.774315
4 0.210108 0.210091
3 0.750721 36
1 0.049481
0 0.772248 wtczc
2 0.760055 0.760014
0 0.285655 nbina
3 0.78146 45
0 0.608684 yfwur
0 0.368812 tuwrr
1 0.716536
0 0.495673 jibir
0 0.781182 mjler
0 0.92021 bkuuo
1 0.087513
3 0.377524 15
0 0.367327 nxjff
3 0.139427 46
0 0.436961 hbsts
2 0.992899 0.992848
0 0.746973 jipsh
3 0.922773 39
0 0.147393 nyyon
4 0.216938 0.21698
2 0.719224 0.71927
2 0.592462 0.592415
1 0.101713
3 0.216968 38
2 0.38558 0.385672
4 0.469346 0.469331
4 0.446987 0.44698
2 0.275604 0.275551
4 0.999926 0.999942
0 0.216864 lnpij
2 0.466524 0.466439
1 0.429674
3 0.982532 21
4 0.075424 0.075381
2 0.476191 0.476154
4 0.656198 0.656121
1 0.352404
3 0.521402 20
1 0.254619
1 0.488851
0 0.588911 ilcge
4 0.755632 0.755702
2 0.568818 0.568864
0 0.85135 ofezv
0 0.604543 zdgok
2 0.835846 0.835872
0 0.215311 rszgo
3 0.509341 7
0 0.287294 kytpc
3 0.131602 42
2 0.553436 0.553379
4 0.32932 0.329352
4 0.165167 0.165177
1 0.89683
3 0.111495 37
1 0.93737
3 0.338124 27
3 0.625418 5
2 0.522612 0.522696
4 0.21449 0.214576
1 0.771762
0 0.057648 fugyx
3 0.578143 31
3 0.20599 21
4 0.659712 0.659766
4 0.694942 0.694994
4 0.880497 0.880513
3 0.100433 31
4 0.451972 0.451885
1 0.070163
1 0.955915
0 0.601395 czsvb
4 0.721655 0.721572
0 0.89772 rmsdh
4 0.690658 0.690724
0 0.006789 wlfbu
0 0.839136 vistn
1 0.153833
4 0.206403 0.206316
4 0.400087 0.400048
4 0.495201 0.495219
4 0.264123 0.264046
0 0.354068 ejttc
4 0.079862 0.079779
4 0.689249 0.689154
4 0.236158 0.236196
4 0.298732 0.298639
1 0.599314
0 0.943818 nfhjz
3 0.369054 4
3 0.229721 11
1 0.334295
0 0.244088 gdmsc
3 0.504715 40
1 0.802808
3 0.583895 39
1 0.897862
3 0.877815 41
0 0.466368 tvagr
2 0.74678 0.746745
2 0.559417 0.559473
4 0.194762 0.194755
2 0.699477 0.69938
0 0.502286 ruvqt
0 0.606619 kqeey
1 0.594815
3 0.162768 48
4 0.647128 0.647188
0 0.428865 fasdr
2 0.717825 0.717796
0 0.568482 fwfew
4 0.678858 0.678785
0 0.207914 xsgek
2 0.479349 0.479371
0 0.271018 tocmj
4 0.306407 0.306394
1 0.749931
2 0.656108 0.656097
2 0.745626 0.745716
1 0.940836
0 0.197343 tqmar
0 0.798258 bxfzl
3 0.67656 30
0 0.993473 mknea
0 0.360032 wecjw
0 0.207894 rikyq
1 0.737239
0 0.722703 uelbk
0 0.687706 jasxl
4 0.125582 0.125505
0 0.712137 asfba
2 0.391328 0.391293
0 0.128567 qxsfw
3 0.367207 1
1 0.490477
3 0.027311 9
3 0.507365 44
1 0.365542
1 0.732813
0 0.859873 ojxyh
2 0.79968 0.799754
3 0.562731 36
4 0.235962 0.235917
1 0.11325
2 0.963539 0.963478
4 0.658577 0.658498
3 0.480245 23
4 0.729411 0.72938
0 0.372044 kppmz
4 0.244709 0.244785
4 0.919984 0.920026
3 0.826707 40
4 0.39063 0.390551
2 0.321816 0.321824
3 0.229496 6
2 0.256345 0.256328
3 0.175772 11
0 0.923773 npjiy
0 0.486789 mqtxi
4 0.170222 0.170238
1 0.824822
4 0.306774 0.306721
0 0.984216 ajrtw
4 0.43 0.430018
4 0.354379 0.354296
2 0.627835 0.627762
2 0.845802 0.845878
0 0.760594 kuvkp
2 0.719337 0.719391
1 0.760742
1 0.711289
3 0.56472 17
2 0.511072 0.511037
3 0.865451 18
0 0.009638 ummit
2 0.258955 0.259031
0 0.682736 uofpq
1 0.011048
2 0.737661 0.737598
1 0.818733
0 0.255828 bbcgn
2 0.607787 0.607748
2 0.874577 0.874603
0 0.711206 qxejg
2 0.352306 0.35234
0 0.050828 dqsjb
0 0.344185 qhmpf
1 0.589724
1 0.87008
4 0.625633 0.625574
1 0.774812
4 0.077231 0.077273
3 0.945889 27
3 0.513069 24
1 0.334126
0 0.036515 wtuke
3 0.226355 29
2 0.977411 0.977473
3 0.603045 21
1 0.456236
3 0.197278 23
0 0.67958 psege
3 0.854581 14
1 0.675724
0 0.290295 luqbg
2 0.828808 0.828846
4 0.997429 0.997334
0 0.653889 rsfmz
1 0.976554
1 0.776163
1 0.241873
0 0.542851 vfasy
2 0.774599 0.774623
1 0.603407
3 0.97367 36
0 0.559717 yozdj
3 0.742172 46
1 0.518335
4 0.750917 0.750886
4 0.827325 0.827407
4 0.49221 0.492244
3 0.250638 11
4 0.370397 0.370423
1 0.487585
1 0.022428
3 0.190325 46
1 0.609017
1 0.159493
4 0.449207 0.449126
0 0.716477 igeji
2 0.596785 0.596728
3 0.511874 46
0 0.2704 kwgxl
4 0.238534 0.238507
3 0.300565 21
4 0.266124 0.266126
0 0.498953 galwu
4 0.79484 0.794872
0 0.180397 fpsuw
0 0.11604 hvazn
4 0.345154 0.345218
1 0.166349
1 0.088924
2 0.417298 0.41733
4 0.318764 0.318832
1 0.996096
3 0.256469 40
0 0.827817 vekiq
0 0.404829 mavtt
0 0.140156 spmtj
3 0.799791 46
4 0.753381 0.753395
0 0.518721 ddftt
4 0.772073 0.772018
0 0.607848 gzuqn
4 0.956622 0.956591
4 0.987515 0.987466
2 0.182793 0.182891
0 0.773939 bzjkl
0 0.97652 hxygj
1 0.893924
2 0.857759 0.857686
4 0.140156 0.140109
0 0.41107 sydir
0 0.433299 jfaig
1 0.442248
3 0.74947 6
2 0.373493 0.373474
3 0.121717 40
2 0.979476 0.979411
1 0.201225
0 0.755828 ydgai
2 0.518459 0.518555
3 0.984186 33
0 0.942786 mforo
4 0.505557 0.50551
4 0.501744 0.50182
1 0.021196
0 0.901834 bdyzu
2 0.061934 0.061879
1 0.890319
1 0.343637
0 0.023718 naszt
1 0.180003
2 0.741982 0.74203
3 0.364556 46
0 0.26639 krvhm
4 0.910221 0.910227
3 0.006966 9
3 0.087898 48
3 0.772395 30
3 0.238142 9
1 0.905909
1 0.007141
4 0.789847 0.789758
0 0.57259 ltdza
3 0.907393 39
3 0.914359 1
1 0.002257
1 0.133639
0 0.364913 mivhp
3 0.463368 27
3 0.722509 39
0 0.871393 dxhzm
0 0.422947 xecxn
1 0.040216
1 0.539046
4 0.694012 0.693933
0 0.715829 hyckw
3 0.344687 38
0 0.401175 iqqjk
3 0.132681 16
3 0.374312 20
1 0.246169
1 0.90191
3 0.480046 8
0 0.122504 tjibc
4 0.291365 0.29131
2 0.119927 0.119931
2 0.408096 0.40816
2 0.998561 0.99848
3 0.372158 3
4 0.618327 0.618347
1 0.591213
3 0.088604 28
2 0.255932 0.255899
1 0.403509
3 0.420025 24
3 0.241828 1
4 0.697332 0.697382
3 0.517912 41
1 0.671271
4 0.86845 0.868395
4 0.335522 0.335576
2 0.28264 0.282698
0 0.868614 vmkzl
0 0.100127 ytstw
0 0.8727 mwidb
0 0.613797 nmqdq
0 0.30891 nwcmj
1 0.363868
0 0.522926 rlbwn
4 0.151086 0.151176
3 0.865086 34
0 0.995235 vouia
4 0.050612 0.050549
0 0.744488 toukd
0 0.226294 mbrbz
0 0.466517 pkxea
0 0.663293 iejnp
2 0.126371 0.126354
3 0.191141 3
2 0.665352 0.665269
2 0.178842 0.178926
4 0.732495 0.732513
1 0.199012
3 0.665661 7
1 0.844338
4 0.65929 0.65929
0 0.998797 wcvfs
0 0.518253 hiedh
0 0.913481 dfdxc
0 0.883602 ssnyi
3 0.97848 28
2 0.710999 0.71093
4 0.226512 0.226544
2 0.224627 0.224711
0 0.392762 zvxmu
4 0.571088 0.571039
0 0.540198 mbixb
4 0.200712 0.200748
0 0.658736 epcjl
3 0.924125 0
0 0.720218 hwxgv
3 0.673665 2
3 0.694256 27
0 0.026286 psgad
2 0.152932 0.15303
4 0.599551 0.599649
1 0.184382
1 0.482876
1 0.816551
4 0.963839 0.963907
2 0.121545 0.12146
4 0.819448 0.819542
3 0.156468 30
2 0.946393 0.946469
2 0.684054 0.684114
4 0.596804 0.596803
3 0.394803 32
0 0.38974 fdoxs
1 0.74077
4 0.816001 0.816077
4 0.001695 0.001707
3 0.730027 44
3 0.303755 37
4 0.027867 0.027854
4 0.047121 0.04703
2 0.315605 0.315602
1 0.757446
3 0.364953 27
0 0.653112 lqrph
3 0.41634 10
2 0.856684 0.856712
0 0.484723 gahzx
3 0.018866 44
4 0.438427 0.438519
2 0.636587 0.636645
0 0.549117 rikar
1 0.010606
4 0.482179 0.482106
2 0.975219 0.975267
0 0.573086 ccjer
3 0.113002 29
0 0.748634 jiwsf
0 0.318506 uqvpu
3 0.149854 15
3 0.442951 36
2 0.948653 0.948675
4 0.872689 0.872688
2 0.000729 0.000708
2 0.43926 0.43935
3 0.668426 28
1 0.547588
1 0.975563
0 0.144641 persr
3 0.061511 11
2 0.526517 0.526484
4 0.399206 0.399119
1 0.214798
1 0.223358
0 0.142909 ftbzl
0 0.778172 qtmxb
1 0.4489
2 0.926949 0.926938
2 0.453466 0.453369
1 0.852673
4 0.488964 0.488941
2 0.762644 0.762686
3 0.475585 3
3 0.504256 11
4 0.52201 0.521979
3 0.252536 8
2 0.117974 0.117913
2 0.044923 0.044947
4 0.49839 0.498369
2 0.867415 0.867358
1 0.451238
2 0.964756 0.964788
2 0.440341 0.440306
0 0.211839 hhuag
1 0.540552
1 0.473652
3 0.805435 25
2 0.612671 0.612654
4 0.325818 0.325902
3 0.52793 22
2 0.492686 0.492692
4 0.449379 0.449338
0 0.779376 qlsuk
0 0.480421 vtvkx
2 0.471054 0.471029
3 0.796873 9
4 0.841155 0.841239
1 0.333841
0 0.063783 qargo
0 0.039636 tvydd
2 0.942041 0.94196
4 0.800424 0.800512
4 0.271478 0.271465
4 0.229368 0.229426
1 0.057337
1 0.728601
0 0.575623 umlhv
2 0.521177 0.521142
2 0.410271 0.410359
0 0.868664 qxywv
3 0.552127 48
2 0.345402 0.345359
2 0.456965 0.457045
4 0.441102 0.441158
2 0.039135 0.039137
4 0.282399 0.28232
4 0.033431 0.033481
4 0.300916 0.30093
2 0.148803 0.148857
4 0.403173 0.4031
1 0.130573
2 0.74984 0.749823
4 0.206805 0.206756
0 0.197314 tpitl
1 0.124261
2 0.316044 0.315981
2 0.133313 0.133343
4 0.282116 0.282152
0 0.201641 suvwd
2 0.229988 0.229893
3 0.322855 21
0 0.767582 aywfg
2 0.268897 0.26885
4 0.853692 0.853786
1 0.781883
1 0.757561
4 0.661892 0.661952
4 0.091601 0.091651
3 0.321589 48
2 0.160796 0.160775
4 0.928379 0.928356
3 0.696175 9
3 0.746585 8
1 0.906459
1 0.921267
3 0.911041 0
2 0.410917 0.410874
4 0.243009 0.243053
1 0.405284
0 0.830571 yaapb
1 0.334611
0 0.408575 wmkdn
2 0.18609 0.186164
1 0.237046
0 0.755536 zitmw
0 0.046851 pzunz
2 0.983819 0.983746
2 0.908747 0.908825
4 0.855083 0.855159
2 0.512492 0.51251
1 0.091168
4 0.072875 0.072828
1 0.828411
4 0.593912 0.593857
4 0.417886 0.417952
2 0.219571 0.21955
4 0.22082 0.220727
2 0.601457 0.601497
2 0.140771 0.140696
0 0.468153 qzhjj
1 0.310787
1 0.614047
1 0.737849
1 0.718946
0 0.827774 xynla
0 0.252035 btysg
4 0.701406 0.701432
4 0.930519 0.930533
4 0.232507 0.232506
3 0.846555 9
4 0.320263 0.320262
2 0.541111 0.541143
1 0.733373
0 0.919881 ufhul
0 0.013119 xnthx
1 0.97995
2 0.002264 0.002322
2 0.131274 0.131255
3 0.860327 36
1 0.090959
4 0.656039 0.655942
4 0.136298 0.136306
0 0.384944 rsckp
1 0.707546
2 0.798144 0.798198
4 0.31676 0.316824
4 0.964386 0.964351
2 0.824714 0.824691
0 0.432025 xgylo
2 0.575776 0.575775
4 0.26184 0.261835
0 0.477375 vaawk
4 0.265049 0.265028
4 0.775699 0.775646
1 0.109965
1 0.627246
0 0.825431 rydjz
0 0.045367 tmoir
0 0.230298 ntgcv
0 0.203184 buhnt
2 0.3845 0.384471
4 0.726283 0.726369
1 0.050842
0 0.96379 zujei
1 0.784809
2 0.196805 0.196784
1 0.300511
1 0.26568
2 0.961715 0.961648
3 0.727398 21
0 0.636679 elbwq
4 0.34024 0.340258
3 0.282987 28
4 0.968941 0.968947
4 0.757789 0.75771
0 0.0583 nsqmb
2 0.76985 0.769763
0 0.922881 fuazh
4 0.824079 0.824139
2 0.107066 0.107154
3 0.944563 32
0 0.56687 wrbax
2 0.015017 0.014918
4 0.242051 0.24198
3 0.592875 28
4 0.297626 0.297611
1 0.328545
1 0.349901
0 0.160964 sellh
4 0.493077 0.493103
1 0.698998
0 0.79069 jszjz
3 0.982423 35
4 0.135321 0.135302
3 0.063522 17
1 0.371527
1 0.613774
3 0.245908 0
2 0.95101 0.951038
0 0.400361 pgtfe
4 0.257146 0.257234
3 0.239569 23
4 0.967973 0.968035
1 0.702836
1 0.209523
3 0.045994 0
3 0.808255 0
2 0.759265 0.759345
2 0.675978 0.675971
1 0.383381
3 0.778077 15
4 0.944765 0.94474
0 0.172841 kgbwy
1 0.917649
1 0.246998
1 0.512834
3 0.125872 36
3 0.429052 5
3 0.917711 31
4 0.305864 0.305803
2 0.467515 0.467541
2 0.385088 0.385021
2 0.270634 0.270611
4 0.434838 0.434918
0 0.157281 qozcl
3 0.916503 38
0 0.923351 nmdqc
2 0.361182 0.361151
4 0.262622 0.262523
3 0.533256 22
3 0.131984 43
3 0.415365 33
2 0.462096 0.462049
4 0.107483 0.1074
2 0.09572 0.095633
2 0.022264 0.022336
3 0.941469 4
2 0.798101 0.798109
1 0.281352
2 0.768904 0.76893
2 0.900889 0.900868
0 0.832606 ugsfm
2 0.988187 0.988265
3 0.080227 33
0 0.558929 niluo
3 0.042797 41
2 0.811701 0.811682
4 0.228942 0.228982
2 0.061548 0.061501
1 0.35625
1 0.378184
3 0.37384 12
1 0.976052
3 0.713725 39
3 0.364216 24
4 0.037254 0.037235
1 0.024347
2 0.824914 0.824847
3 0.053857 7
2 0.115405 0.115459
4 0.471656 0.471649
0 0.203041 dokse
4 0.193241 0.19315
0 0.448426 lcydd
2 0.132348 0.132428
3 0.186205 39
0 0.817963 ozjes
4 0.641853 0.641923
3 0.571357 33
4 0.764599 0.764675
4 0.604756 0.604673
0 0.898977 iavap
4 0.672694 0.672693
2 0.500799 0.50072
0 0.181603 lurfp
2 0.245096 0.24515
1 0.009695
0 0.682452 eyypf
2 0.236191 0.236219
2 0.091302 0.091324
0 0.132619 jzzsm
4 0.423924 0.423944
1 0.097663
1 0.495233
4 0.385158 0.385081
3 0.515961 42
2 0.545741 0.545684
2 0.298284 0.298247
4 0.389586 0.389646
2 0.522206 0.522274
1 0.030457
2 0.110559 0.110571
2 0.352679 0.352646
2 0.666113 0.666046
3 0.661868 44
4 0.694181 0.694267
1 0.756274
0 0.021678 lktps
2 0.482702 0.482637
0 0.029512 fiaag
1 0.607407
2 0.468795 0.468778
4 0.530221 0.530184
0 0.46626 ohowq
4 0.948232 0.948133
1 0.787439
3 0.077303 34
0 0.979879 hxefs
2 0.287482 0.287532
2 0.090308 0.090237
1 0.097278
1 0.545477
4 0.9777 0.977679
0 0.48032 asttn
2 0.382324 0.382422
2 0.568964 0.568873
2 0.137691 0.137737
4 0.425173 0.425076
3 0.031833 18
0 0.129111 rivqc
3 0.426699 41
4 0.831648 0.831668
4 0.540388 0.540335
1 0.565696
3 0.414894 7
1 0.392741
2 0.603596 0.603686
2 0.635429 0.635487
2 0.76454 0.76458
4 0.811937 0.811959
0 0.684125 abxxt
1 0.343609
2 0.784299 0.784226
0 0.260397 gjdca
2 0.657429 0.657428
3 0.620201 41
0 0.595318 awyhz
3 0.450705 0
4 0.063343 0.063332
3 0.847643 37
0 0.808108 epwbk
4 0.789439 0.789523
3 0.513941 22
1 0.917882
3 0.340259 4
2 0.80224 0.80227
4 0.067442 0.067441
3 0.676253 20
1 0.58409
2 0.040626 0.040593
4 0.675908 0.675908
4 0.472714 0.472675
0 0.410597 mzaac
0 0.282719 ekfes
0 0.203257 lwlgn
1 0.136651
4 0.152309 0.152306
0 0.141376 anryk
1 0.14769
0 0.257204 bdbxk
2 0.187059 0.186988
2 0.906668 0.906766
2 0.826091 0.826159
2 0.893722 0.893717
4 0.964791 0.96471
4 0.354163 0.354156
4 0.69566 0.695678
4 0.355485 0.355507
1 0.222954
0 0.440833 cyipp
0 0.599724 fbphv
1 0.345323
0 0.999643 lcssa
3 0.482402 25
3 0.19895 29
1 0.639784
2 0.650725 0.650753
3 0.814449 41
2 0.38794 0.387984
4 0.626393 0.626489
3 0.971717 1
1 0.798183
4 0.197355 0.197294
0 0.565584 vfpkz
4 0.056643 0.0566
2 0.840672 0.840619
1 0.675613
3 0.782627 9
2 0.925372 0.925367
0 0.413441 dwdcq
3 0.029735 30
2 0.898788 0.898751
2 0.617379 0.617282
4 0.282151 0.282179
2 0.444633 0.444699
2 0.164821 0.164776
2 0.576888 0.576906
2 0.410956 0.410897
3 0.150314 36
1 0.60338
2 0.049688 0.049748
4 0.948476 0.948526
1 0.082207
4 0.938161 0.938104
3 0.884104 40
0 0.635981 mlqox
0 0.010559 zgosi
1 0.650087
4 0.428166 0.428222
0 0.854168 lhfsq
4 0.569136 0.569063
3 0.394326 18
1 0.417041
1 0.712147
4 0.027204 0.027107
2 0.188078 0.188136
3 0.985036 45
4 0.413203 0.413205
1 0.267371
4 0.920465 0.920374
3 0.008408 0
0 0.401634 ongod
2 0.59213 0.592045
1 0.388984
3 0.90402 46
3 0.405408 42
2 0.818611 0.818657
3 0.602335 0
4 0.845178 0.845145
4 0.838628 0.838623
3 0.499493 4
3 0.463754 46
0 0.572237 wgprr
2 0.772262 0.772259
4 0.631743 0.631809
0 0.723593 ifriv
1 0.167259
3 0.211696 2
4 0.256011 0.255952
0 0.757792 llzcu
1 0.341321
2 0.751294 0.751207
2 0.727848 0.72793
4 0.092457 0.092402
4 0.071906 0.071863
0 0.755517 diotn
3 0.272184 27
4 0.759962 0.760056
0 0.451763 nwxgi
0 0.650772 xolgx
1 0.676841
4 0.710724 0.71074
3 0.331913 40
2 0.568155 0.568243
2 0.436676 0.436726
3 0.126307 16
1 0.673611
4 0.874298 0.8743
1 0.525071
2 0.572933 0.573029
4 0.271746 0.271669
1 0.558817
4 0.830089 0.830032
4 0.916315 0.916319
0 0.379611 tfemu
0 0.503533 jmqji
2 0.574343 0.574435
3 0.761922 40
3 0.626343 7
4 0.972785 0.97272
3 0.752714 37
4 0.239019 0.239023
2 0.462377 0.462425
1 0.853368
3 0.653213 6
2 0.217329 0.217393
4 0.791672 0.79168
4 0.069947 0.069848
2 0.212642 0.2127
1 0.185427
0 0.842347 brtqq
3 0.15589 15
2 0.654075 0.654058
0 0.379438 cuucj
1 0.810968
0 0.577917 pwocg
1 0.105253
4 0.657764 0.657798
2 0.346033 0.345968
3 0.393098 7
3 0.642067 42
1 0.54425
1 0.093718
4 0.000457 0.000394
2 0.137838 0.137918
2 0.364316 0.364324
4 0.292573 0.292633
2 0.675325 0.675401
4 0.235237 0.235228
4 0.467392 0.467385
1 0.353622
2 0.219375 0.21933
2 0.945514 0.945451
1 0.126345
3 0.303232 33
1 0.249396
1 0.124114
0 0.622077 fgekk
1 0.409511
0 0.032736 nsead
1 0.601475
2 0.304071 0.304089
3 0.803061 13
3 0.340431 41
0 0.441056 bnkxd
0 0.780648 rzxoz
1 0.749019
2 0.930714 0.930639
4 0.139514 0.139415
2 0.965472 0.965532
3 0.806955 7
2 0.123897 0.123947
2 0.564953 0.564894
0 0.15283 bxzci
0 0.999192 tpaia
1 0.339293
3 0.187569 15
0 0.398399 wvcbs
3 0.833274 49
0 0.354362 eiade
1 0.465148
1 0.783304
2 0.634373 0.634391
3 0.559316 13
0 0.610753 yfewd
4 0.348425 0.348501
4 0.716224 0.716262
3 0.699732 37
1 0.112301
3 0.90699 49
1 0.206646
3 0.694506 14
2 0.6048 0.604888
0 0.665854 hubin
3 0.885221 29
4 0.601445 0.601428
4 0.81753 0.817475
1 0.929831
0 0.136963 mbbeu
3 0.646354 42
3 0.2307 8
2 0.458503 0.458484
0 0.925132 osedx
2 0.493132 0.493069
3 0.131934 46
3 0.268897 28
1 0.128858
1 0.941523
1 0.94543
3 0.691397 32
1 0.839896
0 0.072347 wpcpm
3 0.734923 1
3 0.991267 43
1 0.284145
4 0.68715 0.687174
0 0.816009 aoima
4 0.184917 0.185011
1 0.852254
1 0.972112
4 0.830303 0.830327
0 0.585653 nempr
0 0.20225 dtdzy
1 0.228212
2 0.900243 0.900216
4 0.08516 0.085139
0 0.453767 mrjyg
3 0.447822 48
4 0.948911 0.948965
3 0.826698 4
4 0.988631 0.988586
0 0.88214 nqpjv
0 0.782146 mlpnh
4 0.23687 0.236914
0 0.005926 qpdue
2 0.992853 0.992859
1 0.134099
1 0.685011
3 0.928058 13
3 0.678739 8
1 0.261545
0 0.775396 bmaga
3 0.704499 28
1 0.589031
2 0.655146 0.655186
1 0.311652
1 0.561947
3 0.841374 7
3 0.332687 35
3 0.046897 12
3 0.552813 10
0 0.820553 cfknm
0 0.665337 libjx
4 0.719191 0.719128
1 0.039467
0 0.825945 romhc
3 0.488217 29
0 0.30877 dxmzr
0 0.270386 llpab
0 0.438753 cfqdl
3 0.89446 21
3 0.925218 25
3 0.455038 42
4 0.991586 0.991634
3 0.823715 47
3 0.094101 18
2 0.569076 0.569019
3 0.085781 12
1 0.800579
0 0.987301 ckhod
1 0.292141
4 0.778369 0.778284
3 0.01815 1
1 0.440599
2 0.220175 0.220166
3 0.336235 36
0 0.486378 egauf
3 0.012794 41
4 0.72676 0.726705
1 0.535254
4 0.408632 0.408541
4 0.426782 0.426739
1 0.923584
0 0.380218 jvdil
2 0.474324 0.474255
4 0.932275 0.932365
2 0.945069 0.944986
3 0.188181 38
4 0.239787 0.239861
2 0.166279 0.166246
1 0.891874
1 0.108316
1 0.551796
0 0.518103 muvih
1 0.370548
3 0.238393 20
2 0.935176 0.9352
4 0.171214 0.171254
3 0.53624 37
2 0.798173 0.798152
1 0.041712
2 0.497239 0.497247
2 0.170935 0.17086
4 0.339912 0.339944
2 0.496973 0.496892
1 0.735366
3 0.537563 42
2 0.305989 0.305997
0 0.314203 cmhju
4 0.250586 0.250519
0 0.360446 mblww
0 0.445718 iqjpx
0 0.625249 vtnkw
4 0.228709 0.228755
0 0.588037 njkbu
3 0.937558 40
0 0.133538 amrqu
4 0.440718 0.440752
4 0.824324 0.82441
3 0.997568 49
2 0.001366 0.001305
0 0.526564 dgqqc
4 0.264837 0.264881
2 0.824507 0.824597
0 0.529046 nzblc
1 0.747865
3 0.304374 35
3 0.768451 4
4 0.104587 0.104655
2 0.545111 0.545066
2 0.224392 0.224353
0 0.067336 yrlgp
0 0.446735 ycpld
4 0.434982 0.434891
2 0.156607 0.156512
3 0.777546 13
1 0.322658
0 0.565955 uvbdg
2 0.579034 0.579118
2 0.842964 0.842945
2 0.365305 0.365307
0 0.266891 pkomy
2 0.192347 0.192383
2 0.440453 0.440505
2 0.497166 0.497172
4 0.338973 0.338928
0 0.024363 orrol
4 0.823052 0.823068
1 0.606295
0 0.106181 qnxoq
1 0.020894
4 0.113815 0.11381
3 0.060528 21
4 0.156996 0.15705
4 0.099973 0.099924
1 0.557721
3 0.196422 23
1 0.294053
4 0.756884 0.756849
4 0.395576 0.395586
1 0.226616
3 0.374152 2
4 0.326257 0.326297
4 0.553724 0.553647
4 0.837867 0.837955
2 0.677568 0.677491
3 0.876131 49
4 0.546415 0.546362
0 0.819651 hgllq
1 0.774375
4 0.502098 0.502114
4 0.172191 0.172106
4 0.808076 0.808126
3 0.466423 9
3 0.516696 35
0 0.925347 qggbc
2 0.901057 0.90099
4 0.142264 0.142249
0 0.273975 wdami
1 0.711133
4 0.377176 0.377216
1 0.197995
1 0.330835
1 0.593916
4 0.157694 0.157603
0 0.180334 lgxjc
4 0.3158 0.315719
3 0.516439 25
0 0.313415 hmpdv
3 0.966895 18
3 0.197939 7
0 0.35433 eobmv
2 0.972003 0.97194
3 0.195984 40
4 0.531231 0.531164
4 0.844646 0.844555
1 0.670988
1 0.995701
1 0.026038
2 0.337051 0.336974
4 0.064733 0.064674
2 0.950109 0.950028
1 0.015819
0 0.666333 qnzxl
2 0.222348 0.222398
1 0.512591
1 0.131941
2 0.38614 0.386121
3 0.033562 20
2 0.346493 0.34649
2 0.623457 0.623469
0 0.143384 ergnz
4 0.87394 0.873849
0 0.711664 tdmal
1 0.980411
1 0.780589
0 0.163828 wgtki
0 0.734001 yoigg
1 0.347639
2 0.072097 0.072016
3 0.848543 21
1 0.085941
0 0.981776 hfjer
0 0.44839 ubdxt
0 0.439577 ithzd
2 0.638209 0.638132
0 0.003104 euhmd
1 0.93168
1 0.581314
4 0.815986 0.816068
3 0.218022 33
4 0.120333 0.120413
0 0.699009 utiam
3 0.200919 11
2 0.236693 0.236628
4 0.0195 0.019453
1 0.95118
3 0.598655 26
0 0.413489 yfubc
0 0.367388 eqdjh
0 0.875905 drziy
1 0.956498
1 0.552043
0 0.567825 amsyt
1 0.793745
2 0.528816 0.528868
2 0.373539 0.37347
3 0.356681 25
0 0.748938 yoivv
4 0.820978 0.821024
4 0.445375 0.445395
2 0.544793 0.544795
1 0.935217
2 0.223222 0.223296
2 0.632321 0.632325
1 0.66349
2 0.61006 0.610128
0 0.358998 umitx
2 0.702526 0.702592
1 0.664254
3 0.259441 47
0 0.272994 mzgfc
1 0.342422
1 0.088038
0 0.205861 cgnhg
0 0.97493 jywjw
2 0.702819 0.702823
4 0.382511 0.382609
1 0.072676
0 0.706661 rputp
0 0.549365 ljeya
4 0.941806 0.941747
1 0.12892
4 0.705677 0.70561
2 0.459246 0.459274
3 0.117344 4
0 0.713627 iwgrc
4 0.523089 0.523034
3 0.890187 37
1 0.854848
3 0.770069 8
4 0.89899 0.898903
1 0.540291
4 0.518276 0.518223
3 0.420071 10
3 0.65005 28
1 0.576318
2 0.033071 0.033109
3 0.224327 38
2 0.073966 0.073917
0 0.15902 tffsx
4 0.048504 0.04854
4 0.965619 0.965556
0 0.77521 abwlm
1 0.542081
1 0.547359
0 0.820036 utbod
3 0.523752 24
4 0.117411 0.117408
0 0.521848 qunae
0 0.578992 efkcc
2 0.118088 0.118182
1 0.9172
0 0.211678 vdctp
2 0.619913 0.619856
3 0.658113 17
4 0.403476 0.403437
0 0.792427 phbjx
3 0.924361 27
2 0.475004 0.475032
4 0.721618 0.721611
1 0.700367
1 0.652034
1 0.482793
4 0.634607 0.63456
3 0.038326 25
2 0.874864 0.874866
0 0.745695 ascll
2 0.248493 0.248529
0 0.433932 rlvpo
2 0.983046 0.982971
4 0.32218 0.322206
3 0.835779 44
0 0.705698 mvgbh
1 0.989767
3 0.926503 11
4 0.682445 0.6824
2 0.194442 0.19453
0 0.350279 nrpma
1 0.827196
0 0.788528 xcdph
0 0.906812 ihvtu
0 0.406764 jvuzg
2 0.211579 0.211524
1 0.227448
1 0.164819
1 0.711737
2 0.270491 0.270567
4 0.684445 0.684368
4 0.107609 0.107548
0 0.699815 ubdlj
1 0.982543
1 0.88068
1 0.495204
2 0.962097 0.962111
4 0.126917 0.126979
3 0.080264 3
4 0.448893 0.448943
2 0.831899 0.831959
3 0.205445 25
3 0.42888 0
0 0.65434 ggbor
3 0.363375 41
3 0.594334 42
0 0.488582 qcjdm
3 0.846151 34
4 0.051596 0.051537
2 0.996829 0.996768
2 0.167521 0.167476
1 0.313995
4 0.368942 0.36903
1 0.752233
1 0.431361
1 0.125561
2 0.481814 0.48185
1 0.496066
2 0.454194 0.454125
1 0.591145
3 0.927407 48
2 0.658721 0.658684
3 0.180766 5
3 0.406927 48
4 0.512815 0.512732
0 0.075781 esodg
3 0.354864 40
0 0.213434 oeqar
1 0.664719
0 0.170519 zozpp
2 0.765228 0.765179
4 0.225757 0.225682
4 0.602741 0.602724
2 0.46154 0.461493
2 0.332756 0.332719
4 0.467417 0.467511
2 0.497187 0.497142
3 0.060747 17
4 0.490215 0.490267
3 0.63818 39
3 0.289581 45
2 0.333709 0.333749
4 0.638026 0.637997
1 0.159773
1 0.333827
2 0.465995 0.466055
1 0.90617
2 0.413714 0.413782
2 0.382731 0.382735
4 0.943483 0.94343
4 0.683174 0.683141
3 0.153769 21
2 0.208861 0.208863
3 0.91049 23
3 0.983389 2
2 0.001 0.001092
1 0.003715
1 0.693657
1 0.42629
3 0.04174 4
3 0.787845 1
4 0.212279 0.2122
0 0.05715 qreuc
4 0.292371 0.292308
1 0.085173
2 0.893443 0.893344
1 0.073583
1 0.911522
3 0.810096 15
0 0.862671 kdgpm
2 0.559593 0.559673
4 0.517497 0.517486
4 0.377226 0.37726
4 0.472608 0.472549
2 0.232716 0.232746
3 0.434416 23
3 0.588112 19
3 0.022142 42
1 0.536375
4 0.477262 0.477223
1 0.036856
4 0.450031 0.449978
2 0.143332 0.143412
1 0.377948
0 0.091227 hqwqc
2 0.937892 0.93791
4 0.993281 0.993293
3 0.484452 39
2 0.961714 0.961792
3 0.99857 47
4 0.069276 0.069245
3 0.517208 47
2 0.9541 0.954025
4 0.623708 0.623623
2 0.566083 0.566095
4 0.666357 0.666411
0 0.815467 yguvt
2 0.033379 0.033383
1 0.036744
0 0.78887 ijhog
4 0.058503 0.058551
1 0.118532
3 0.106293 18
3 0.73058 23
2 0.831795 0.831837
1 0.44068
4 0.524389 0.524372
0 0.965828 kxiwr
2 0.434551 0.434484
4 0.009406 0.009339
0 0.64429 nbtff
4 0.586894 0.586912
3 0.481637 35
0 0.856427 emekq
4 0.77473 0.77473
3 0.223474 27
3 0.363579 45
1 0.524222
3 0.508872 33
4 0.687395 0.687328
0 0.214065 olzdp
4 0.792001 0.792029
3 0.157703 39
3 0.794455 9
4 0.028127 0.028094
1 0.945512
3 0.060434 46
2 0.787119 0.787185
4 0.067338 0.067257
2 0.616685 0.616771
0 0.525165 oyake
4 0.468687 0.468662
1 0.803499
4 0.846508 0.84654
3 0.142971 46
1 0.376061
1 0.392602
1 0.0511
1 0.814299
4 0.592978 0.593064
4 0.634495 0.634551
3 0.468014 5
3 0.975588 44
3 0.793969 45
0 0.15683 lotqp
4 0.126657 0.126594
2 0.348706 0.348762
2 0.74929 0.749255
0 0.690262 mqajw
0 0.659284 uaepf
3 0.604782 28
4 0.585908 0.585928
3 0.688869 11
1 0.700784
4 0.970824 0.970783
3 0.480862 28
1 0.057326
0 0.620503 iktsd
2 0.921694 0.921752
0 0.526476 zpgkr
0 0.704622 rlpgp
1 0.505043
4 0.296744 0.296816
2 0.354071 0.354085
0 0.947358 rlysb
1 0.340065
0 0.438173 ydkxt
0 0.178659 abemn
3 0.757885 12
0 0.628308 xtufs
3 0.552796 16
0 0.677598 lfcsr
2 0.896001 0.896069
1 0.340267
4 0.744435 0.744374
3 0.853851 12
1 0.821197
0 0.91289 jfhpg
0 0.969463 qipmq
0 0.604364 iskns
4 0.610676 0.61073
2 0.816252 0.816199
1 0.779714
2 0.220413 0.220376
4 0.838105 0.838131
2 0.107567 0.1075
1 0.793234
3 0.137118 15
0 0.741482 outez
3 0.491104 38
2 0.307356 0.3074
3 0.087071 13
3 0.49126 22
3 0.062886 26
2 0.627019 0.626998
2 0.12523 0.125274
0 0.317003 wflck
1 0.63998
0 0.932422 fhqgp
1 0.409295
1 0.267953
0 0.984217 smryh
4 0.633958 0.634044
0 0.251178 waorn
1 0.13672
4 0.345331 0.345316
0 0.755265 ewcxc
3 0.108687 29
3 0.236276 32
2 0.027343 0.027383
3 0.102653 20
0 0.236394 avxyj
4 0.813106 0.81318
3 0.586173 36
3 0.789311 29
1 0.302595
4 0.095809 0.095875
2 0.218591 0.218601
0 0.491683 esbes
1 0.726721
2 0.354906 0.354905
3 0.168012 26
1 0.270537
4 0.962855 0.962855
1 0.572713
2 0.126855 0.126939
2 0.320252 0.320177
2 0.122693 0.122751
2 0.060491 0.060507
3 0.234683 32
4 0.363613 0.363653
2 0.256546 0.25655
0 0.32316 tixpt
0 0.002176 whbrm
3 0.509568 45
1 0.196706
0 0.551172 yovzv
1 0.454666
4 0.470328 0.470354
3 0.027163 43
2 0.825896 0.825823
3 0.391505 46
4 0.819798 0.819872
2 0.845718 0.845647
1 0.444597
1 0.345938
2 0.511774 0.511788
2 0.823196 0.823218
4 0.283722 0.283772
2 0.16389 0.163956
1 0.556252
4 0.716491 0.716533
4 0.254138 0.254075
4 0.971564 0.97158
3 0.511336 49
2 0.705769 0.705781
1 0.409008
3 0.116688 6
0 0.003534 bjbzs
0 0.268773 wfqwx
4 0.623424 0.623401
2 0.378264 0.378253
3 0.577702 25
2 0.474936 0.474899
3 0.883944 16
3 0.418492 28
1 0.501197
4 0.18174 0.181814
3 0.839424 42
1 0.070079
3 0.075972 5
1 0.504772
0 0.411039 kmmui
3 0.692789 4
1 0.005893
1 0.375749
1 0.34008
1 0.011954
4 0.910761 0.910791
3 0.325454 11
1 0.917778
1 0.450029
0 0.268488 dgcrs
2 0.216438 0.216351
3 0.338011 32
4 0.518022 0.518007
0 0.490809 zrgzx
1 0.143112
3 0.161154 30
2 0.583705 0.583636
3 0.53978 33
2 0.992229 0.992285
2 0.137468 0.137502
1 0.2886
4 0.183844 0.183829
2 0.401327 0.401359
0 0.338223 utrxz
0 0.00258 addqc
2 0.865747 0.865819
0 0.216174 odnry
2 0.112208 0.112298
3 0.753623 43
1 0.028538
3 0.964593 7
4 0.627341 0.627314
4 0.482896 0.48297
1 0.724179
3 0.237888 1
4 0.970415 0.970507
1 0.907732
0 0.836924 yugxs
2 0.104478 0.104419
0 0.069071 oemco
2 0.680578 0.680571
1 0.569071
2 0.901243 0.901174
0 0.032682 mrzrx
3 0.763585 24
3 0.689094 4
2 0.723621 0.723546
1 0.965117
0 0.257057 rjldr
3 0.978834 9
3 0.367524 30
0 0.400207 bkanr
1 0.553236
2 0.472489 0.47242
3 0.568616 30
2 0.361156 0.361067
4 0.512734 0.51281
1 0.296875
2 0.046335 0.046369
2 0.41386 0.413874
3 0.330419 41
0 0.757245 mybdn
4 0.087827 0.087778
0 0.049868 iilky
1 0.220824
3 0.832373 11
4 0.628082 0.628059
0 0.547537 lczyc
3 0.150929 39
1 0.052595
0 0.203377 dunfi
2 0.975608 0.975577
0 0.447967 gdvbv
1 0.399339
2 0.256292 0.25638
2 0.007359 0.007302
3 0.7174 35
3 0.33794 13
3 0.093181 8
2 0.65609 0.656015
2 0.888673 0.888725
1 0.858433
2 0.917521 0.917581
3 0.389161 1
2 0.161805 0.161845
1 0.169164
4 0.947574 0.94759
4 0.496327 0.496383
4 0.465011 0.464974
2 0.419845 0.419766
2 0.350287 0.350339
1 0.672075
0 0.380037 kqsoh
4 0.924261 0.924347
1 0.609777
0 0.498222 lfcpt
3 0.103938 32
0 0.626769 mnqft
4 0.964454 0.964512
1 0.337749
2 0.150193 0.150199
3 0.249424 19
1 0.799482
0 0.679642 ciwvx
2 0.045554 0.045574
4 0.611471 0.611402
3 0.906375 45
2 0.870829 0.870774
0 0.72493 qyyfp
3 0.158446 34
2 0.39907 0.398991
4 0.179919 0.179947
3 0.500797 45
0 0.461234 quahr
1 0.998173
1 0.972144
3 0.144191 29
4 0.462801 0.462758
2 0.621247 0.621275
1 0.536669
4 0.75776 0.757848
3 0.452556 29
3 0.302508 20
4 0.31562 0.315652
3 0.338949 35
1 0.506532
4 0.443266 0.443191
1 0.02421
1 0.994404
4 0.767476 0.767508
0 0.304145 mumyw
2 0.216062 0.216144
4 0.824853 0.824877
3 0.991578 25
3 0.195389 7
3 0.155008 35
4 0.179218 0.179157
3 0.699385 37
3 0.23206 35
4 0.038848 0.038827
3 0.814544 38
0 0.307426 bbudt
3 0.197181 45
4 0.609447 0.609394
1 0.394161
4 0.210958 0.210927
4 0.469747 0.469833
4 0.032682 0.032597
0 0.649055 xomsw
1 0.962215
0 0.635908 qwyku
0 0.123805 dmenr
2 0.998926 0.998946
0 0.105894 sczyf
2 0.368892 0.368841
0 0.847459 dvddl
2 0.138415 0.13835
2 0.754304 0.754223
4 0.280706 0.280726
3 0.013091 21
3 0.710863 43
4 0.363221 0.363186
0 0.237669 ialxp
3 0.128005 3
4 0.761054 0.761124
1 0.001556
4 0.521702 0.521689
2 0.870175 0.870094
0 0.303796 axzfr
1 0.152363
3 0.861871 40
1 0.880268
2 0.340411 0.340394
4 0.836004 0.835933
4 0.946225 0.946146
0 0.467928 fclng
1 0.646239
1 0.426442
2 0.19456 0.19458
2 0.688323 0.688232
2 0.578829 0.578841
1 0.746241
0 0.555524 epbll
4 0.301541 0.301536
3 0.639644 33
0 0.314247 tfvfk
1 0.565243
1 0.885704
0 0.544975 mzarc
1 0.357691
1 0.463707
4 0.648587 0.648607
3 0.593595 24
0 0.058277 wetqj
4 0.092377 0.092298
1 0.978081
2 0.446838 0.446888
1 0.738055
1 0.927056
3 0.211924 34
1 0.692398
1 0.736261
2 0.500583 0.500506
3 0.945693 0
2 0.603586 0.60365
3 0.022951 43
3 0.924814 25
0 0.371652 parrh
3 0.575934 16
4 0.268332 0.268243
2 0.935734 0.935643
0 0.82315 pxkzm
2 0.36316 0.363129
3 0.352899 8
0 0.724552 dhrof
1 0.980579
0 0.89369 ccfnl
1 0.0405
3 0.077861 48
4 0.826733 0.826702
4 0.430521 0.430589
0 0.891461 pwqiu
4 0.080347 0.080439
4 0.914791 0.914825
2 0.473698 0.473774
2 0.929296 0.929298
0 0.310214 erwbs
0 0.831622 rbnjh
1 0.180587
0 0.868467 joueq
0 0.224753 bwjjz
1 0.462735
3 0.576858 48
0 0.409641 hnoey
0 0.311648 tydpi
0 0.489447 hdavc
1 0.392941
2 0.897764 0.89784
2 0.779464 0.779457
1 0.062264
2 0.763109 0.763022
4 0.665897 0.665941
1 0.712159
1 0.055012
0 0.78838 uaque
4 0.429801 0.429704
0 0.835815 zyooi
1 0.851746
2 0.283056 0.283023
1 0.948953
0 0.109674 vtvra
1 0.525622
2 0.555396 0.555387
4 0.572333 0.572274
0 0.9245 fdugd
0 0.169901 ehhjm
2 0.850335 0.850381
1 0.805346
0 0.261835 gplgu
1 0.983977
2 0.513716 0.513752
4 0.438217 0.438208
0 0.482316 kzudo
3 0.426092 23
3 0.98239 19
1 0.27593
0 0.01769 qbgys
0 0.967034 qbvls
3 0.312917 48
1 0.969389
2 0.57197 0.571875
2 0.404505 0.404418
2 0.302536 0.302445
3 0.972074 33
2 0.37883 0.378739
4 0.210618 0.210696
3 0.556123 49
3 0.856196 33
1 0.685465
3 0.023114 5
1 0.595084
2 0.434225 0.434184
4 0.482678 0.482589
4 0.867678 0.867663
3 0.716083 48
1 0.059904
1 0.630415
0 0.450491 nueui
0 0.639483 oawmh
1 0.333549
0 0.547984 oflqm
3 0.986074 37
1 0.345699
3 0.751004 1
4 0.891042 0.890951
1 0.574099
1 0.361732
3 0.160209 18
1 0.047323
0 0.464132 lhgar
4 0.944961 0.944997
3 0.265301 27
1 0.135043
1 0.868538
1 0.803943
1 0.839142
0 0.353729 xxkye
4 0.924627 0.924542
0 0.140493 doegy
3 0.967982 16
0 0.548456 bkxzh
3 0.69321 10
3 0.282546 27
0 0.185219 jhcko
1 0.719857
3 0.487528 31
4 0.425401 0.425417
2 0.900753 0.900825
1 0.095693
4 0.397207 0.397229
0 0.606769 xjqjr
2 0.739755 0.739724
2 0.433022 0.432981
1 0.907964
0 0.468701 fwkui
2 0.685734 0.685798
0 0.544265 kberc
2 0.537324 0.537291
4 0.592081 0.592169
2 0.812471 0.812511
1 0.000578
2 0.371084 0.371126
2 0.363138 0.363099
2 0.242686 0.242639
1 0.032603
4 0.732154 0.732075
4 0.507056 0.50708
2 0.240196 0.240196
2 0.343695 0.343729
1 0.035477
0 0.834896 zbsly
2 0.15261 0.152628
2 0.916543 0.916494
4 0.203506 0.203506
0 0.939585 rljxf
2 0.816877 0.816891
3 0.143885 43
3 0.978781 34
0 0.637864 xztzh
1 0.290173
0 0.122729 cnhjc
2 0.850402 0.850391
3 0.990355 40
2 0.730095 0.73007
1 0.5944
4 0.072325 0.072365
3 0.290686 10
1 0.661657
4 0.844662 0.844631
1 0.967391
0 0.896134 smayk
4 0.876584 0.876682
0 0.500981 nnher
0 0.149724 qmgcq
2 0.702301 0.702294
4 0.186044 0.186108
3 0.996023 47
3 0.104525 33
2 0.497461 0.497428
4 0.293445 0.293517
1 0.335876
0 0.316227 jnrrd
1 0.890936
4 0.394756 0.394747
3 0.097153 23
3 0.609528 22
1 0.714053
1 0.420943
0 0.895039 ikpuq
3 0.440955 47
0 0.732814 twyvb
4 0.019213 0.019162
3 0.917657 17
4 0.272051 0.272071
3 0.482957 14
0 0.894349 fosxc
3 0.578651 4
3 0.827818 37
3 0.11881 42
3 0.379605 5
4 0.00636 0.006331
1 0.117889
3 0.389514 5
3 0.758934 10
2 0.288255 0.288178
2 0.425951 0.426033
0 0.520955 ouvqb
0 0.76497 vkyah
4 0.345931 0.346021
2 0.222896 0.222865
2 0.441404 0.441486
2 0.180264 0.180183
2 0.46618 0.466155
2 0.211815 0.211911
2 0.013594 0.01369
3 0.778564 20
3 0.558644 20
1 0.568853
1 0.560874
0 0.283699 ahhkz
0 0.288873 klmwn
1 0.101721
3 0.568664 40
1 0.17382
2 0.918492 0.918427
2 0.475223 0.475241
0 0.036097 czvtp
1 0.627123
2 0.534571 0.534667
1 0.84089
4 0.390217 0.390303
0 0.255527 xwtew
1 0.388864
4 0.695117 0.69503
0 0.247566 evzau
0 0.309214 zlkhx
1 0.477842
1 0.282514
4 0.212301 0.212351
2 0.683576 0.683477
1 0.286513
1 0.765824
2 0.494327 0.494403
1 0.575231
0 0.073572 vbome
0 0.412338 sezkv
2 0.417124 0.417194
0 0.617052 vqpxt
4 0.345124 0.345073
4 0.112301 0.112333
2 0.150803 0.150746
0 0.673625 ygsjf
1 0.432331
2 0.146631 0.146671
2 0.187038 0.18713
0 0.436201 wyncp
0 0.196697 biikz
0 0.987237 cnych
3 0.876279 45
4 0.326001 0.326027
4 0.172145 0.172128
1 0.01931
3 0.969216 39
2 0.989999 0.990085
1 0.660124
3 0.186217 5
1 0.689806
4 0.008241 0.008279
1 0.131007
4 0.19009 0.190092
3 0.032443 30
3 0.72094 47
1 0.482447
0 0.831475 zwvek
1 0.215473
0 0.981508 bxbog
1 0.356744
3 0.344849 46
1 0.377292
1 0.486671
0 0.702724 nnwck
2 0.338191 0.338221
2 0.990853 0.990935
1 0.816054
3 0.460429 49
2 0.923348 0.923293
1 0.777931
4 0.100809 0.100877
4 0.287388 0.287349
4 0.506464 0.506397
4 0.173756 0.17379
4 0.188875 0.188798
4 0.77546 0.775445
2 0.060073 0.060004
3 0.036855 18
0 0.960203 ycfda
3 0.253579 28
4 0.885713 0.885805
4 0.905387 0.905387
3 0.293899 26
1 0.225988
3 0.317613 11
3 0.18648 30
1 0.407005
1 0.904245
1 0.052677
0 0.271514 xcrth
4 0.07079 0.070695
3 0.877943 44
2 0.873971 0.873993
1 0.895469
0 0.715899 ofpda
2 0.340387 0.340445
0 0.630104 kmliu
0 0.533525 iqpwb
3 0.997795 36
1 0.893264
1 0.14261
3 0.29309 47
3 0.22289 24
0 0.015688 mszra
1 0.888145
2 0.375086 0.375059
1 0.790544
3 0.09325 19
3 0.869036 30
4 0.872857 0.872947
3 0.165947 38
3 0.388838 14
3 0.404526 15
3 0.782042 21
4 0.348198 0.348131
3 0.712969 24
3 0.599069 27
3 0.947538 28
4 0.722719 0.722811
3 0.156861 7
2 0.873051 0.873093
2 0.954768 0.954838
1 0.389735
4 0.224328 0.224384
0 0.572526 rcijn
3 0.588309 10
3 0.385856 21
4 0.2986 0.298509
2 0.432658 0.432649
1 0.3746
1 0.971459
3 0.851102 44
4 0.07543 0.07548
4 0.164308 0.164386
0 0.858983 xenlw
1 0.466819
4 0.294154 0.294174
0 0.921442 xgxqu
4 0.696805 0.696718
3 0.083036 20
0 0.412383 xtyyk
4 0.761499 0.761408
3 0.44861 33
3 0.03793 47
3 0.442202 3
2 0.434575 0.434589
4 0.987693 0.987713
2 0.291183 0.291191
2 0.763923 0.763832
2 0.069494 0.069534
3 0.676955 49
2 0.703198 0.703282
4 0.391731 0.391731
1 0.079829
3 0.271153 34
2 0.125129 0.125181
0 0.964076 uatwo
2 0.312624 0.312634
1 0.613464
3 0.281983 15
2 0.985181 0.985183
2 0.376913 0.376915
3 0.973094 22
4 0.04448 0.044486
4 0.749235 0.749198
1 0.200892
1 0.691724
3 0.205817 6
4 0.55258 0.552545
0 0.931198 jucpw
0 0.992717 lrhhn
1 0.930389
1 0.275878
3 0.450564 26
3 0.46413 27
2 0.340068 0.340074
2 0.590513 0.590609
2 0.704783 0.70478
0 0.320587 amisx
2 0.958412 0.958325
0 0.405153 hdkfw
2 0.496905 0.496999
2 0.604337 0.604244
3 0.151343 20
1 0.784091
0 0.344814 ozsbr
1 0.210081
3 0.317333 43
1 0.383192
2 0.693585 0.693518
4 0.373465 0.373489
1 0.584312
1 0.644289
2 0.701256 0.701318
0 0.485347 dbxmc
3 0.894093 3
4 0.829389 0.82935
2 0.19869 0.198659
0 0.408628 xutfm
0 0.442135 fppcp
0 0.071845 kxujr
4 0.527294 0.527217
2 0.212398 0.212464
1 0.462397
4 0.707399 0.70737
2 0.494968 0.494893
3 0.316487 12
2 0.268981 0.268976
0 0.36715 qfxtv
0 0.731219 ajtyg
3 0.133472 34
2 0.357223 0.35721
1 0.560325
4 0.318843 0.318843
0 0.63533 varsp
3 0.107022 4
3 0.492518 32
2 0.438667 0.438705
3 0.396431 10
2 0.113555 0.113522
3 0.482317 8
4 0.317512 0.317501
1 0.952843
4 0.430166 0.430172
4 0.121135 0.121207
2 0.59459 0.594684
2 0.709584 0.70966
4 0.148251 0.148265
3 0.061034 26
2 0.690942 0.691004
0 0.689611 fbfiu
3 0.412857 11
2 0.972504 0.9726
1 0.911918
4 0.966458 0.966542
0 0.418662 kcnjz
3 0.257707 2
0 0.561385 xytwt
0 0.493609 iviwx
2 0.436505 0.436531
2 0.081841 0.081847
2 0.436761 0.436694
4 0.939933 0.939975
4 0.536843 0.536746
4 0.341047 0.340984
4 0.705323 0.705375
4 0.364318 0.364257
2 0.879862 0.879763
4 0.879203 0.879289
2 0.231529 0.231494
3 0.380636 23
0 0.403255 hyxcj
1 0.555718
2 0.146309 0.146242
1 0.893962
0 0.126925 lbcwg
1 0.214802
0 0.14582 zkool
3 0.28811 39
4 0.930516 0.93054
1 0.486234
3 0.172672 3
1 0.066635
0 0.551057 bgbzi
4 0.636165 0.636229
1 0.713721
3 0.666197 36
2 0.112261 0.112307
2 0.975077 0.975091
3 0.485088 48
4 0.657761 0.657708
0 0.240748 pvumv
1 0.920172
0 0.242612 awaqt
4 0.654623 0.654526
4 0.737058 0.737124
0 0.495494 qhxay
1 0.674615
4 0.775655 0.775616
3 0.320421 36
3 0.807471 0
4 0.967959 0.968035
2 0.061372 0.06143
2 0.421721 0.421813
1 0.337116
3 0.577068 6
1 0.22564
4 0.200957 0.200954
1 0.087086
0 0.007431 wkhhb
4 0.217766 0.21778
0 0.832538 xtdvm
1 0.115727
2 0.563623 0.563629
4 0.699732 0.699633
1 0.71883
4 0.416194 0.416105
0 0.295361 qrvrt
4 0.154393 0.154459
4 0.511283 0.511212
2 0.773542 0.773473
3 0.88927 36
4 0.292128 0.292148
3 0.903927 46
1 0.233035
2 0.433036 0.433086
1 0.821142
1 0.864076
1 0.826172
3 0.383467 38
2 0.89475 0.894689
1 0.668293
0 0.899945 nznxb
4 0.26997 0.27001
2 0.503005 0.502938
4 0.409758 0.409681
0 0.035668 hceis
0 0.482403 qssfl
2 0.748885 0.748792
0 0.114928 iyizc
2 0.606144 0.606208
4 0.21898 0.218949
3 0.685663 49
4 0.865067 0.864976
0 0.94429 jgdpb
1 0.916463
4 0.631242 0.631294
1 0.367293
2 0.94524 0.945199
0 0.551384 bqpsh
2 0.556439 0.55643
4 0.88633 0.886406
1 0.435751
2 0.765408 0.765424
0 0.391346 aaukm
2 0.301995 0.302085
0 0.991238 owiwf
4 0.372828 0.372888
3 0.242979 40
4 0.573772 0.573866
4 0.33918 0.33919
4 0.730527 0.730539
4 0.013049 0.013095
3 0.785323 46
3 0.948599 37
0 0.364797 wkbiy
1 0.801341
1 0.310711
3 0.529593 7
4 0.868773 0.868754
0 0.115652 qubhs
1 0.248727
3 0.378976 16
0 0.835166 usork
4 0.099688 0.099685
2 0.364764 0.364766
4 0.363271 0.363244
3 0.933017 30
2 0.910138 0.910105
0 0.853068 tmkvo
4 0.408156 0.408117
2 0.107906 0.107869
4 0.732867 0.732842
2 0.15917 0.159256
3 0.916529 38
4 0.200497 0.20045
2 0.15566 0.155627
2 0.525081 0.524986
1 0.761669
0 0.300546 dgbny
1 0.197708
2 0.380703 0.380668
2 0.163789 0.163708
1 0.531977
0 0.075719 osjnf
4 0.771732 0.771756
2 0.280004 0.279943
0 0.995447 cezay
0 0.890169 gbohs
1 0.863439
4 0.157548 0.157584
4 0.478789 0.478869
2 0.472043 0.472053
3 0.50673 36
0 0.303087 hakfa
2 0.594202 0.594276
2 0.050883 0.0508
0 0.132712 powsu
1 0.519943
0 0.273797 phtit
4 0.256091 0.256038
0 0.960946 hqske
3 0.633118 14
3 0.880102 10
2 0.506876 0.506894
2 0.705276 0.705358
2 0.215538 0.215451
2 0.996065 0.996095
0 0.596032 kqaee
0 0.015822 ezksd
3 0.941695 4
0 0.964924 mgplx
2 0.564643 0.564707
1 0.925773
1 0.412066
0 0.282172 riggy
0 0.737626 qnhlb
0 0.640357 tjmks
3 0.98413 20
4 0.982218 0.982173
0 0.394285 zxlzd
0 0.94514 mmrlh
2 0.555621 0.555651
4 0.762798 0.762711
2 0.925499 0.925418
3 0.087617 46
0 0.262344 zpxyk
3 0.850461 8
0 0.311953 eumpi
1 0.500309
0 0.976682 cszjx
4 0.714782 0.714731
0 0.922631 tqpuq
0 0.80532 oiqtd
4 0.034273 0.034228
2 0.363386 0.363331
0 0.343419 gwbfu
0 0.458625 cufny
0 0.048297 ecsog
1 0.612192
4 0.750562 0.750525
1 0.173087
2 0.617435 0.617392
4 0.477206 0.477187
1 0.525583
4 0.241628 0.241563
1 0.505133
2 0.463658 0.463625
4 0.451359 0.451302
3 0.853505 11
0 0.982049 mcphc
1 0.594091
3 0.712116 47
3 0.782729 30
2 0.172486 0.172562
3 0.991841 30
3 0.201306 6
4 0.394615 0.394639
1 0.877027
1 0.19249
4 0.9054 0.905319
0 0.361961 lmqau
4 0.705147 0.705183
3 0.877633 12
4 0.490688 0.490766
0 0.565712 iqide
3 0.637882 21
0 0.059634 nwdkc
2 0.73522 0.735284
1 0.440367
0 0.205512 xqlqq
1 0.78336
1 0.478112
4 0.906734 0.906725
0 0.262714 npxxq
0 0.088036 oplnp
4 0.880048 0.880124
4 0.485964 0.485875
1 0.491259
3 0.442942 8
0 0.055128 bmjia
4 0.298496 0.298542
3 0.261238 18
2 0.036782 0.036683
0 0.063899 hhgsb
0 0.665909 hzuxb
4 0.723121 0.723082
1 0.694079
0 0.590731 fpjlz
0 0.806948 uslar
3 0.000227 23
0 0.722334 jhjpk
0 0.399412 vfghc
1 0.69773
0 0.706995 ubrmb
2 0.093089 0.093086
3 0.679133 27
3 0.917819 39
2 0.886225 0.886281
4 0.353155 0.353134
4 0.059559 0.059482
3 0.976394 5
0 0.402156 dywcf
2 0.818658 0.818694
2 0.013916 0.013956
0 0.434856 kffqg
2 0.366601 0.366562
3 0.942512 16
4 0.918906 0.918978
4 0.321062 0.320987
0 0.435499 zvxql
0 0.850837 nkesd
3 0.224234 14
4 0.966252 0.966199
0 0.098592 pfutw
2 0.920631 0.920719
2 0.134735 0.134739
3 0.919102 9
2 0.316209 0.316279
2 0.305685 0.305622
1 0.046271
2 0.145185 0.145209
0 0.229042 yebqi
3 0.113261 10
2 0.07112 0.071101
3 0.116911 38
4 0.967283 0.96726
3 0.387305 45
1 0.338068
3 0.481027 47
0 0.493551 ycbvl
1 0.184186
0 0.504109 gprks
4 0.617673 0.617755
3 0.430534 17
1 0.567843
1 0.200091
2 0.99174 0.991699
2 0.485292 0.485312
2 0.122663 0.122751
4 0.513511 0.513537
0 0.01762 uzcoi
1 0.726215
1 0.279841
1 0.185473
4 0.998382 0.998315
2 0.062077 0.062085
3 0.756406 2
3 0.148345 17
4 0.009657 0.009578
0 0.541027 sfttd
3 0.780532 3
4 0.060373 0.060368
4 0.961605 0.961594
3 0.79792 31
0 0.743377 ehndp
2 0.80711 0.807069
3 0.864489 43
3 0.17208 46
1 0.682993
0 0.957775 jqokg
1 0.348203
1 0.151122
3 0.27463 13
3 0.923737 8
2 0.223152 0.223204
2 0.014387 0.014346
0 0.237922 ciukn
1 0.70158
2 0.300701 0.30066
3 0.814192 44
1 0.481667
0 0.498218 hpuzw
3 0.758012 27
3 0.702624 16
4 0.772486 0.772572
0 0.491432 jnvsy
3 0.44237 3
4 0.149607 0.149677
4 0.164177 0.164174
2 0.102485 0.102529
4 0.278336 0.278392
3 0.498839 30
0 0.628483 kulry
1 0.619925
1 0.282627
4 0.69571 0.69572
3 0.361669 31
0 0.525847 eskmy
3 0.742488 2
2 0.60462 0.604684
3 0.879335 15
4 0.541735 0.54168
0 0.16166 soqbz
0 0.91522 ltryo
4 0.418023 0.417956
3 0.423009 19
3 0.02763 33
1 0.906965
0 0.493235 yncze
1 0.090769
2 0.373946 0.37403
0 0.686204 wehgr
0 0.011224 hprzf
1 0.484951
4 0.418309 0.41827
0 0.528264 jrldn
4 0.067107 0.067064
4 0.269663 0.269679
3 0.651334 23
3 0.169964 49
2 0.851013 0.851027
3 0.159632 27
4 0.517937 0.517906
2 0.445744 0.445721
0 0.483201 evvnt
2 0.657383 0.657368
3 0.542578 49
3 0.781563 15
0 0.022156 kzrgr
1 0.358152
0 0.510418 ptxqi
0 0.099346 ijhfe
1 0.786786
1 0.876801
1 0.857057
1 0.196873
2 0.658023 0.658069
1 0.805257
2 0.540448 0.540522
3 0.860697 15
3 0.671306 38
3 0.287004 6
2 0.93114 0.931063
2 0.265363 0.265379
0 0.125979 ykmxr
3 0.102186 5
2 0.642634 0.642664
0 0.019683 fxjjt
1 0.517291
0 0.425486 qdlwv
0 0.455841 htmtv
1 0.967799
0 0.539374 alpcf
4 0.68953 0.689467
1 0.135076
3 0.503282 20
1 0.736774
1 0.722968
0 0.434488 hqjob
2 0.133296 0.133221
2 0.672671 0.672701
2 0.371032 0.370965
0 0.605428 wcydz
3 0.395074 37
0 0.241835 xjyou
3 0.26011 20
4 0.128185 0.128265
0 0.803167 ohunp
0 0.280207 itjxo
3 0.334065 36
2 0.764009 0.764071
0 0.144793 ogevq
2 0.274295 0.274242
2 0.256662 0.256589
1 0.920118
2 0.309995 0.309992
1 0.473646
4 0.564129 0.564153
0 0.414547 lbmbi
4 0.363829 0.363776
0 0.361132 vgnwx
1 0.265299
1 0.534855
4 0.490324 0.490227
4 0.737047 0.737018
0 0.206362 vkajj
4 0.814198 0.814238
2 0.17533 0.175317
4 0.327109 0.327022
1 0.251902
4 0.436587 0.436597
3 0.443263 7
2 0.043542 0.043449
1 0.844637
1 0.998842
2 0.751887 0.751933
0 0.678922 pggll
2 0.805146 0.805234
2 0.581157 0.581066
1 0.534096
1 0.864256
4 0.57926 0.579268
3 0.246506 16
2 0.221919 0.221921
2 0.433097 0.433189
1 0.613104
2 0.352922 0.352851
3 0.094149 48
4 0.19519 0.195173
3 0.031781 25
4 0.687834 0.687803
0 0.783446 gmutl
3 0.30391 22
0 0.371939 opfsy
4 0.79895 0.79903
3 0.350281 48
2 0.898414 0.898341
3 0.1026 7
1 0.402398
3 0.635028 3
1 0.440858
3 0.816066 31
0 0.704357 zexln
4 0.309226 0.30927
2 0.901595 0.901538
4 0.877104 0.877186
2 0.496056 0.496017
0 0.898455 fqofo
3 0.607463 20
1 0.31182
3 0.713008 45
4 0.458855 0.458867
1 0.6794
1 0.92764
2 0.79967 0.799738
1 0.46542
2 0.137071 0.137
2 0.899959 0.899961
4 0.691355 0.691264
2 0.298818 0.29883
0 0.610639 ruqtg
0 0.392609 srvij
0 0.746066 tbiyc
2 0.549567 0.549631
4 0.223056 0.223152
3 0.603515 21
4 0.125189 0.125134
0 0.927717 yfnqu
0 0.981444 lugls
1 0.99972
3 0.219306 39
2 0.290517 0.290516
1 0.83192
2 0.004839 0.004752
3 0.480264 36
4 0.739473 0.739529
3 0.080662 48
3 0.578458 28
1 0.305968
1 0.489401
2 0.598738 0.598719
3 0.664378 3
0 0.235679 emwlv
1 0.644119
2 0.893449 0.893436
1 0.96226
1 0.525249
3 0.840691 38
4 0.923357 0.923318
1 0.522096
1 0.104979
4 0.419516 0.419445
3 0.564323 32
1 0.230322
3 0.237056 1
0 0.900485 otpdr
2 0.603029 0.602962
0 0.966068 bksqw
0 0.167946 jjvvt
2 0.939437 0.939533
2 0.846582 0.846592
0 0.167732 bargl
1 0.727411
2 0.228238 0.228207
0 0.737084 wrjaf
3 0.943485 25
2 0.886669 0.886683
0 0.906183 aglps
0 0.685075 wkgxd
1 0.399679
2 0.32585 0.325775
1 0.994937
0 0.170393 ymxrx
3 0.178477 48
4 0.345204 0.345268
4 0.646853 0.646824
4 0.972238 0.972262
2 0.541386 0.541412
3 0.941066 6
4 0.463293 0.463204
1 0.31699
2 0.636742 0.63684
4 0.92855 0.92858
4 0.62338 0.623351
0 0.229257 hsiqj
1 0.241315
4 0.121363 0.121322
2 0.578781 0.578732
1 0.558426
4 0.995688 0.995704
3 0.148782 14
4 0.593685 0.593588
4 0.217065 0.217143
1 0.441458
3 0.236274 45
0 0.404507 gmsax
0 0.141017 vidhf
2 0.379928 0.379897
1 0.868367
1 0.232823
3 0.894233 1
0 0.852043 nsagp
1 0.149721
4 0.752888 0.752809
3 0.776268 18
3 0.127616 24
2 0.218828 0.218832
0 0.832406 fokka
0 0.578519 zbhez
1 0.230441
0 0.945223 eqkeg
3 0.828854 19
1 0.660431
3 0.523346 35
3 0.920374 37
2 0.423972 0.424046
3 0.971335 19
4 0.298108 0.298186
2 0.52855 0.528558
0 0.028232 lkcgg
3 0.674879 5
4 0.511232 0.511234
1 0.471503
2 0.131001 0.130946
1 0.212231
3 0.111814 39
2 0.926275 0.926208
0 0.971177 certw
4 0.617363 0.617296
2 0.292242 0.292264
3 0.319827 26
0 0.79133 sxfdp
2 0.551554 0.55161
3 0.260943 46
0 0.552867 ytuwp
3 0.050656 7
2 0.859251 0.859283
3 0.179078 10
0 0.48676 wnheo
1 0.049883
4 0.952102 0.952023
2 0.671212 0.671306
0 0.877852 oueoz
0 0.216691 coixa
2 0.12523 0.125308
3 0.769081 10
1 0.928348
0 0.720657 cmmug
0 0.429514 iwdtb
2 0.691231 0.691327
2 0.283525 0.283543
2 0.571249 0.571301
2 0.829381 0.829298
2 0.114814 0.114771
0 0.702371 jjhhu
0 0.937493 qlmin
0 0.301822 ncdkc
3 0.793644 28
4 0.259827 0.259766
0 0.968622 ifxmk
0 0.909644 cbdpt
0 0.545707 ffbdp
1 0.003178
2 0.327295 0.327321
1 0.448478
1 0.828303
3 0.227585 11
3 0.766526 35
0 0.676171 mmuij
0 0.903043 rhdkc
1 0.966046
3 0.981358 22
1 0.857933
0 0.799962 izsbe
1 0.990915
3 0.60342 19
3 0.444404 47
3 0.347448 35
1 0.449613
1 0.590882
1 0.621247
2 0.085034 0.084963
4 0.459319 0.459268
1 0.348993
1 0.186485
3 0.350038 18
2 0.426346 0.426384
1 0.255165
0 0.93559 oyelm
4 0.771464 0.7715
3 0.986947 22
4 0.026621 0.026528
3 0.382609 37
4 0.515658 0.515619
1 0.736756
2 0.198388 0.198299
4 0.133978 0.133889
4 0.794606 0.794535
4 0.110435 0.110471
2 0.563863 0.563828
4 0.313415 0.313471
3 0.179718 17
0 0.360759 esfyp
1 0.718795
0 0.376472 eawyv
2 0.042506 0.042514
0 0.798029 rijrd
3 0.078608 22
0 0.439368 hytde
4 0.345296 0.345223
0 0.778831 qevoi
3 0.019608 31
1 0.86712
0 0.282849 jwovd
3 0.236862 45
2 0.231276 0.231229
0 0.830565 ulwmn
4 0.934872 0.934821
2 0.676042 0.676031
0 0.889768 bxses
2 0.610974 0.611052
0 0.614721 jquzy
0 0.082884 iicvm
4 0.14172 0.14173
2 0.259846 0.259797
3 0.142427 41
0 0.615179 glvvz
1 0.525021
1 0.293494
0 0.046658 uycsb
0 0.638006 itbgt
2 0.047807 0.047782
2 0.706586 0.706567
3 0.838117 38
0 0.134416 zyxxc
3 0.441856 45
2 0.313676 0.313581
4 0.468035 0.46796
4 0.839804 0.839842
0 0.621378 yotxh
3 0.700101 14
1 0.280724
4 0.332993 0.333017
2 0.334969 0.334898
3 0.092708 20
3 0.80592 21
3 0.261047 25
4 0.852286 0.852231
2 0.007683 0.00767
3 0.386019 41
3 0.086121 8
1 0.883197
2 0.839785 0.839712
4 0.691106 0.69115
4 0.185875 0.185848
3 0.095902 17
1 0.416129
4 0.699644 0.699607
1 0.223679
2 0.298086 0.298035
3 0.005605 22
1 0.028748
1 0.219565
0 0.746194 inplg
4 0.963216 0.963268
4 0.432111 0.432121
4 0.111175 0.111181
1 0.506663
2 0.897405 0.897455
3 0.669048 7
2 0.6136 0.613593
3 0.349517 43
0 0.791464 bahbq
2 0.694767 0.694736
4 0.96924 0.969171
4 0.542389 0.542409
4 0.897878 0.897801
1 0.863067
1 0.061845
4 0.971378 0.971325
0 0.320895 monjy
3 0.522767 5
0 0.733886 asvle
1 0.363351
3 0.409515 11
4 0.43679 0.436703
0 0.509922 dkpft
1 0.769276
3 0.294604 9
2 0.688409 0.688398
3 0.413598 34
2 0.385928 0.386016
3 0.265632 33
1 0.04302
1 0.853371
1 0.590173
3 0.121591 12
3 0.819962 48
4 0.074068 0.07412
0 0.85094 qxfcp
3 0.194344 0
1 0.459976
0 0.120712 qoivi
3 0.672109 17
2 0.211521 0.211454
4 0.417714 0.417679
3 0.985229 25
2 0.123007 0.123085
0 0.004869 yfpoj
1 0.273012
0 0.000601 eswxk
1 0.590736
1 0.187343
3 0.689403 22
2 0.116432 0.116498
0 0.439852 wevhu
4 0.771577 0.771633
2 0.560941 0.560904
4 0.085877 0.085889
0 0.293184 mokbg
4 0.131688 0.131659
3 0.057878 37
4 0.071796 0.071838
3 0.051493 9
2 0.553314 0.553366
2 0.858606 0.8587
1 0.177962
3 0.520443 12
2 0.919691 0.919614
0 0.361975 sldha
1 0.827552
0 0.656042 cftxw
0 0.911193 jdlrr
3 0.400531 34
3 0.345944 23
1 0.398031
4 0.501927 0.501828
4 0.211813 0.211768
3 0.335281 39
4 0.79583 0.795751
1 0.587238
1 0.319774
1 0.234704
1 0.173771
0 0.825067 tkmcs
4 0.142484 0.14257
1 0.066883
0 0.974766 krvoy
4 0.71055 0.710501
4 0.059192 0.059268
1 0.810248
2 0.850792 0.850858
1 0.457798
3 0.456265 0
1 0.593373
0 0.464363 jlnld
0 0.979559 xlqlc
3 0.560979 9
4 0.371227 0.371325
3 0.887293 19
1 0.218513
0 0.796622 ltnlb
3 0.515816 40
3 0.668976 5
1 0.772107
0 0.932278 ojtzm
2 0.980128 0.980039
2 0.707147 0.707134
1 0.406784
2 0.408627 0.40854
1 0.746051
2 0.341001 0.340934
2 0.155542 0.155447
4 0.911398 0.91148
1 0.554875
0 0.505745 dmwxl
1 0.381292
1 0.506416
0 0.410755 lmtwr
4 0.803695 0.803733
2 0.959237 0.959271
1 0.386987
3 0.976144 25
3 0.666156 35
4 0.57679 0.576751
0 0.104489 omepj
1 0.102844
3 0.258655 15
3 0.062351 5
2 0.53794 0.537849
0 0.924928 rqzno
2 0.344962 0.345044
0 0.3087 xsaih
3 0.97508 20
1 0.237563
1 0.553256
0 0.293197 wyygt
0 0.166591 hrefx
3 0.45886 6
1 0.641832
3 0.471907 24
3 0.446988 46
1 0.524912
1 0.06623
1 0.255856
0 0.750645 domfb
4 0.437828 0.437874
4 0.406958 0.407016
2 0.181009 0.180918
0 0.652917 shfkf
4 0.085154 0.085198
2 0.704304 0.704257
2 0.9435 0.943562
0 0.087941 pmqwj
4 0.376331 0.376353
4 0.73287 0.732831
3 0.746471 46
3 0.714885 18
3 0.749529 45
4 0.056876 0.056906
1 0.89769
0 0.501113 rmpcy
3 0.783567 22
1 0.058651
2 0.916613 0.916697
4 0.468129 0.468108
2 0.717144 0.717194
4 0.670464 0.670385
4 0.599987 0.599966
1 0.1011
0 0.068166 hthir
0 0.816839 dqoaw
3 0.062449 41
4 0.530578 0.53064
3 0.857143 41
1 0.428004
3 0.002969 30
4 0.903155 0.903058
3 0.561335 22
3 0.48673 24
3 0.503481 17
0 0.228957 uaaqq
1 0.097878
2 0.102411 0.102368
2 0.772091 0.77201
1 0.265301
0 0.063716 ydhcg
3 0.524797 29
4 0.441966 0.442062
3 0.673889 7
1 0.244105
3 0.023018 33
1 0.641781
4 0.951578 0.951662
0 0.596553 zrfxk
2 0.591778 0.591733
1 0.632927
1 0.771202
4 0.546923 0.547001
0 0.439232 xxvoh
3 0.513959 6
3 0.725395 29
4 0.541012 0.541072
4 0.129141 0.129153
2 0.991767 0.991865
2 0.817774 0.81785
0 0.40902 onnhh
2 0.473403 0.473475
0 0.393381 gawdf
3 0.233642 25
2 0.362783 0.362696
4 0.054787 0.054786
1 0.191985
4 0.055358 0.05542
1 0.857252
1 0.848501
2 0.870985 0.870989
1 0.971012
2 0.320949 0.320995
4 0.013579 0.013587
3 0.763573 33
2 0.126356 0.126426
2 0.181144 0.181168
0 0.889481 nxtgi
1 0.991003
2 0.114218 0.114268
2 0.345855 0.345756
3 0.391487 31
1 0.668422
4 0.307537 0.307561
3 0.589259 13
4 0.258183 0.258269
0 0.077863 nfqcs
4 0.600826 0.600761
3 0.376296 8
0 0.036034 pknrn
2 0.898291 0.898367
2 0.487551 0.48746
1 0.262086
2 0.572138 0.57214
4 0.092628 0.092686
3 0.040579 10
0 0.297196 ncvll
2 0.815462 0.815532
1 0.559235
4 0.180068 0.179985
1 0.183971
4 0.221437 0.22138
2 0.309927 0.309868
3 0.402556 20
1 0.443135
0 0.755221 rjono
1 0.309437
0 0.958921 dyold
1 0.50386
0 0.773081 pmzdq
0 0.643928 siscd
0 0.725483 pdywe
3 0.287282 1
3 0.45723 4
4 0.660061 0.660014
0 0.304467 ttyhu
4 0.927106 0.927057
3 0.888511 9
3 0.15705 1
4 0.980683 0.98059
0 0.482043 hwxbp
2 0.622571 0.622617
2 0.44339 0.443363
0 0.980167 gxptw
1 0.286486
3 0.914731 35
4 0.38568 0.385643
4 0.366363 0.366445
1 0.228407
4 0.779219 0.779168
1 0.401791
0 0.195678 rclvf
0 0.645105 bsdpq
3 0.892396 11
0 0.534885 gfrgc
3 0.968899 17
3 0.063703 3
1 0.345653
3 0.964091 27
2 0.127231 0.127313
0 0.05397 ohdsm
0 0.948744 mkcfr
2 0.153239 0.153279
4 0.628187 0.628144
4 0.53763 0.537678
2 0.292254 0.292284
2 0.904931 0.904874
3 0.679066 9
3 0.916971 31
3 0.95084 27
2 0.864737 0.864714
2 0.770777 0.770752
1 0.162069
4 0.65891 0.658974
3 0.19654 12
2 0.005147 0.005189
4 0.42643 0.426482
3 0.105496 11
3 0.107546 49
4 0.761015 0.761093
1 0.142104
1 0.290018
3 0.924526 42
3 0.619972 4
4 0.600042 0.599945
4 0.052721 0.052765
3 0.432626 24
0 0.899691 rjqep
1 0.237222
4 0.026079 0.026163
1 0.83245
3 0.113499 44
3 0.249824 48
4 0.849866 0.849769
3 0.902588 41
2 0.851566 0.851582
4 0.267609 0.26757
0 0.291847 wfzti
4 0.000619 0.000661
4 0.174015 0.174101
2 0.423839 0.423925
1 0.273706
4 0.204642 0.204688
2 0.462049 0.462113
0 0.639938 juayl
1 0.746281
3 0.562751 23
1 0.823991
2 0.553404 0.553391
1 0.61711
4 0.70781 0.707787
2 0.076446 0.076381
0 0.066275 bbdoa
2 0.176433 0.176455
4 0.504024 0.503969
0 0.066775 optyk
4 0.60012 0.600109
3 0.733582 15
3 0.963559 25
0 0.470711 mzely
2 0.710584 0.710622
3 0.214608 44
3 0.281383 24
2 0.688502 0.688554
0 0.046007 mzhbk
0 0.087017 anyzq
1 0.567346
1 0.918037
2 0.90592 0.905847
1 0.086947
4 0.157317 0.157246
1 0.845819
0 0.759673 hdcgu
3 0.068542 28
4 0.467155 0.467227
0 0.852832 icjud
3 0.415074 15
3 0.291007 14
2 0.185918 0.186014
3 0.977398 24
0 0.569166 uihme
4 0.34509 0.345009
1 0.714274
4 0.424714 0.424695
1 0.514628
2 0.12817 0.128214
0 0.419178 wiulg
0 0.197362 bbnxl
1 0.890646
3 0.961793 45
4 0.192419 0.19233
0 0.450038 dixfq
3 0.150238 43
3 0.534093 42
3 0.728443 4
4 0.65782 0.657739
2 0.396589 0.3965
4 0.013293 0.013295
0 0.340323 niexm
0 0.440806 zmsov
1 0.175467
2 0.102304 0.102366
3 0.828331 33
2 0.890373 0.890397
1 0.476079
4 0.580938 0.580952
3 0.913738 48
3 0.103627 42
1 0.558869
2 0.34218 0.342117
4 0.518011 0.518041
2 0.136668 0.136623
2 0.964999 0.965079
4 0.371724 0.371728
1 0.847803
4 0.186011 0.186081
4 0.099749 0.099767
2 0.719728 0.71974
0 0.737204 bojxq
0 0.222126 feafr
3 0.036482 49
4 0.884285 0.88426
3 0.738407 9
4 0.630977 0.630914
3 0.102489 36
2 0.200078 0.199997
1 0.767216
3 0.591509 19
4 0.115985 0.115976
4 0.189041 0.189051
1 0.963492
4 0.166484 0.166502
4 0.904891 0.904814
4 0.535869 0.535828
4 0.638358 0.638279
1 0.354789
0 0.733785 wgyar
2 0.502274 0.502352
3 0.242273 45
1 0.963708
2 0.885125 0.885151
1 0.306369
4 0.26264 0.262678
2 0.784154 0.784202
1 0.926318
2 0.715388 0.715333
0 0.47666 tiepv
1 0.466701
3 0.596852 47
0 0.895007 safoh
1 0.564084
2 0.720148 0.720232
0 0.162818 pflhw
4 0.159444 0.159514
2 0.885594 0.885561
0 0.382679 lereh
2 0.928715 0.928712
3 0.650561 13
1 0.776207
0 0.662309 nokgd
2 0.364576 0.364507
4 0.41018 0.410117
4 0.438837 0.438879
0 0.934411 iljui
3 0.938691 39
2 0.207302 0.207215
1 0.712414
2 0.356716 0.356673
3 0.339761 24
4 0.289319 0.289339
2 0.023783 0.023684
1 0.657277
1 0.084608
1 0.628434
3 0.661102 12
1 0.116145
3 0.759075 48
0 0.453482 sfefw
0 0.96385 thfea
4 0.450133 0.450195
2 0.051093 0.051189
1 0.545368
0 0.96282 gpsqk
1 0.483823
0 0.083326 noqhj
1 0.052553
3 0.744843 2
2 0.328828 0.328825
2 0.467273 0.467311
4 0.300493 0.300404
2 0.539055 0.53897
3 0.053045 31
4 0.536868 0.536825
2 0.347242 0.347252
3 0.285068 33
4 0.853973 0.854011
4 0.637977 0.638009
2 0.054433 0.054493
1 0.774935
3 0.926276 4
4 0.987113 0.987076
1 0.510346
4 0.783351 0.783262
3 0.646945 49
1 0.448365
0 0.700187 yglxe
0 0.511101 pbuag
4 0.944435 0.944408
4 0.260155 0.260193
2 0.135004 0.134977
1 0.781949
3 0.430719 15
0 0.130907 dvafn
1 0.016774
1 0.732
1 0.011876
4 0.924746 0.924735
3 0.452762 33
3 0.713153 10
1 0.119635
3 0.879143 13
4 0.62581 0.625781
1 0.191167
2 0.353774 0.353733
3 0.66951 17
4 0.40151 0.401566
2 0.554161 0.554215
0 0.570091 wltkw
2 0.4665 0.466483
0 0.773706 waauo
2 0.329745 0.329799
1 0.444039
1 0.051842
3 0.223829 46
4 0.79392 0.793984
4 0.713981 0.714029
4 0.828398 0.828303
1 0.578802
1 0.776331
1 0.13967
3 0.770612 43
1 0.465031
3 0.636452 19
0 0.789769 ieinm
1 0.252425
1 0.037852
3 0.230945 3
0 0.598728 fvymd
1 0.228835
0 0.406173 rkfrp
4 0.051874 0.051813
0 0.146235 yfaer
0 0.429121 gvhrr
4 0.518562 0.518497
0 0.076014 qllbe
2 0.932291 0.932218
4 0.281037 0.280938
2 0.643382 0.643468
0 0.340171 zgbhn
1 0.842879
3 0.368792 42
0 0.947548 kgrzu
3 0.415719 49
3 0.059035 37
2 0.564165 0.564094
4 0.10285 0.102872
2 0.83971 0.839617
1 0.005692
1 0.236784
2 0.548567 0.548494
0 0.314685 qipnv
3 0.002152 39
2 0.566317 0.566256
3 0.185519 33
3 0.541581 28
4 0.063625 0.063554
3 0.7795 42
0 0.38052 dbhyl
4 0.481078 0.480983
1 0.810359
4 0.526318 0.5264
1 0.499379
2 0.866387 0.866401
0 0.407968 ovsey
1 0.38506
4 0.664318 0.664251
4 0.593406 0.593458
4 0.869882 0.869851
2 0.576967 0.576884
2 0.082233 0.082216
0 0.581612 elial
4 0.183694 0.183792
0 0.34201 xzqup
1 0.653873
2 0.506655 0.506711
0 0.027742 ulnns
1 0.680285
2 0.763855 0.763857
1 0.771912
4 0.6494 0.649426
3 0.511602 38
3 0.053924 34
2 0.401898 0.401857
0 0.692103 numaf
0 0.869835 kgzvq
4 0.999102 0.999009
4 0.346617 0.346528
2 0.552495 0.552577
1 0.418114
2 0.391123 0.391028
1 0.428061
3 0.271782 11
0 0.947761 dkdwy
3 0.050364 41
1 0.724653
3 0.681256 38
1 0.919842
1 0.796252
1 0.776322
2 0.886396 0.886327
0 0.830809 tzjwb
1 0.321555
0 0.65191 vamib
4 0.707481 0.707551
2 0.722962 0.723026
0 0.035566 ndxkx
4 0.572621 0.572564
3 0.20183 10
4 0.218268 0.2183
3 0.04373 31
4 0.978928 0.979022
3 0.202761 14
3 0.925723 28
3 0.477642 6
4 0.524833 0.524776
1 0.974772
3 0.977004 22
1 0.543016
4 0.44841 0.448486
0 0.348785 zdhbz
4 0.43592 0.435913
0 0.2653 hbkua
1 0.272813
1 0.101846
4 0.754373 0.754366
2 0.100467 0.100555
1 0.593826
1 0.393909
1 0.374604
2 0.686373 0.686326
2 0.638645 0.638699
2 0.420298 0.42031
1 0.554656
4 0.881188 0.881212
0 0.380041 gecad
4 0.54977 0.549685
0 0.277162 oyfbe
3 0.579137 5
2 0.401647 0.401614
4 0.602784 0.602695
1 0.000324
1 0.484851
0 0.132889 ypnih
2 0.014454 0.014532
1 0.655448
2 0.956947 0.956959
1 0.263232
0 0.454263 ccrnz
2 0.555533 0.555508
1 0.733035
4 0.800726 0.800659
1 0.084448
0 0.29838 tdyby
0 0.335267 ykhzz
1 0.988312
4 0.889076 0.88914
4 0.130436 0.13051
0 0.258213 lfkyx
3 0.937338 42
4 0.062071 0.062064
4 0.91369 0.91372
3 0.409012 16
2 0.765818 0.765898
1 0.171247
4 0.147182 0.147099
3 0.809567 48
3 0.204988 28
2 0.397279 0.397325
0 0.345488 btjka
2 0.168641 0.168681
4 0.387909 0.387822
4 0.59549 0.595485
1 0.855034
2 0.645826 0.645821
4 0.238427 0.238437
4 0.833555 0.833526
1 0.468554
0 0.463034 sxsgm
2 0.345378 0.34545
0 0.955399 eolwh
1 0.206603
1 0.965881
0 0.493063 kblqv
0 0.679583 ewphe
0 0.061651 fzpxf
1 0.624125
0 0.13543 alsix
2 0.602559 0.602629
1 0.3892
3 0.716818 39
4 0.470145 0.470177
4 0.813354 0.813362
0 0.510047 hrwqj
2 0.087485 0.0874
1 0.869403
2 0.854332 0.854323
1 0.456891
1 0.708014
1 0.375021
0 0.866757 uqicz
2 0.20456 0.204471
3 0.082374 1
3 0.028377 39
3 0.142515 22
3 0.798007 4
0 0.50979 slfdp
0 0.62686 lmxdi
1 0.795836
4 0.555743 0.555718
2 0.14187 0.141938
2 0.808844 0.808825
1 0.33015
1 0.215352
2 0.059022 0.058965
2 0.297338 0.29737
2 0.642397 0.64238
3 0.564343 44
4 0.876532 0.876507
3 0.504129 40
2 0.188045 0.188055
0 0.0956 nwrsq
3 0.819803 12
0 0.961306 uhgdg
4 0.028145 0.028076
0 0.904677 eawug
4 0.723955 0.724041
1 0.598793
1 0.778048
4 0.917617 0.917604
0 0.227851 cmdwh
0 0.124011 lngmm
3 0.173517 19
2 0.921258 0.921306
2 0.373396 0.373438
0 0.921134 wqzlo
1 0.019206
4 0.45053 0.450606
4 0.10472 0.104705
4 0.905882 0.90594
2 0.453994 0.454022
2 0.880411 0.880449
0 0.547135 qijcy
2 0.386601 0.386548
0 0.5384 jeylt
0 0.271155 jwqgx
2 0.237451 0.237356
0 0.309473 nszna
0 0.347747 dgzux
1 0.969253
4 0.642995 0.6429
4 0.643172 0.643091
0 0.280871 siwpk
0 0.474388 guceh
3 0.298107 19
4 0.563722 0.56381
0 0.851384 pgnzd
1 0.137764
4 0.805309 0.805244
0 0.824827 gkpzb
4 0.2199 0.219879
1 0.609834
0 0.984527 dwmwy
2 0.840395 0.840463
3 0.924592 46
2 0.651962 0.651957
4 0.176554 0.176554
1 0.219469
1 0.697379
0 0.504193 xsfwn
0 0.881788 auwgv
3 0.546755 10
2 0.715069 0.715052
4 0.891623 0.891641
2 0.627444 0.627488
1 0.233975
1 0.322462
4 0.159528 0.159491
2 0.230507 0.230547
3 0.956329 44
3 0.467953 8
3 0.014708 21
1 0.246129
3 0.80657 5
1 0.351004
4 0.01995 0.019885
4 0.751038 0.750959
1 0.910567
1 0.765688
1 0.95634
1 0.104179
1 0.1016
2 0.035194 0.035204
1 0.566255
1 0.799434
1 0.54727
4 0.982841 0.982917
3 0.264391 29
0 0.296267 najst
4 0.492328 0.492344
4 0.116336 0.116327
4 0.584859 0.584863
2 0.053287 0.053276
3 0.852721 47
0 0.975077 hedqp
4 0.309551 0.309585
0 0.320157 zlbhb
3 0.995106 16
2 0.281915 0.281923
3 0.401821 34
0 0.748516 rdpbm
2 0.536759 0.536761
1 0.362662
3 0.699066 19
3 0.395462 22
3 0.412591 33
4 0.616307 0.616387
1 0.657267
3 0.308398 29
0 0.092586 fzumw
0 0.217152 yffif
1 0.256725
0 0.074609 brgxy
4 0.262167 0.262195
4 0.570565 0.570575
4 0.43655 0.436513
2 0.593468 0.593449
2 0.75751 0.757548
4 0.974662 0.974651
2 0.55949 0.559506
4 0.202121 0.202096
4 0.571022 0.570953
0 0.072583 jnsef
4 0.94696 0.946905
3 0.239062 26
2 0.985216 0.985302
2 0.8411 0.8411
0 0.042414 pamjw
0 0.656423 nruos
4 0.236517 0.236575
3 0.001358 16
1 0.756772
2 0.97129 0.971378
3 0.624062 38
0 0.275397 kejiq
0 0.920424 jngsr
4 0.115564 0.115592
4 0.686314 0.686227
2 0.204024 0.203971
4 0.196019 0.196093
4 0.943907 0.943884
3 0.84417 32
2 0.960078 0.960132
3 0.248762 17
4 0.146189 0.146281
0 0.778106 qwqjj
0 0.771865 owejp
2 0.360518 0.360572
1 0.175894
0 0.075787 uxpdp
3 0.07625 44
0 0.854356 gbzqf
1 0.030344
2 0.165519 0.165575
1 0.530249
3 0.5376 6
2 0.713494 0.713401
3 0.800272 37
0 0.139057 tknyk
2 0.553501 0.553559
2 0.115401 0.115463
3 0.145745 49
0 0.150702 hpvdh
4 0.018727 0.018777
3 0.335351 39
3 0.474409 7
0 0.835268 ocklj
4 0.16761 0.167595
0 0.917973 axomx
3 0.702016 8
1 0.083765
4 0.813079 0.81301
0 0.176735 zozqo
1 0.199773
0 0.550408 rarqb
3 0.429204 5
0 0.136249 crnrf
2 0.814017 0.813926
4 0.265838 0.265797
1 0.853825
0 0.727543 qeqpc
3 0.580184 28
1 0.053559
3 0.270987 29
4 0.9362 0.936199
0 0.666451 fgqzb
3 0.298115 46
0 0.034467 gqcrm
0 0.343551 grvdz
1 0.466833
3 0.162611 33
0 0.594437 mhbkk
2 0.943481 0.943444
2 0.559276 0.559362
4 0.419179 0.41908
0 0.859266 thoci
4 0.522523 0.522512
0 0.767209 tdmtu
4 0.301687 0.301713
4 0.937425 0.937412
2 0.268731 0.26868
3 0.204262 0
4 0.063528 0.063487
4 0.932792 0.932798
3 0.928031 31
1 0.994903
2 0.324014 0.323927
3 0.292048 10
3 0.110087 36
4 0.408991 0.408914
0 0.987282 mdamk
4 0.364772 0.364842
1 0.49283
1 0.1486
3 0.806612 3
1 0.646979
2 0.608794 0.608715
2 0.368269 0.368335
0 0.861014 ildya
1 0.743501
0 0.584835 ozcel
2 0.898985 0.899073
1 0.558841
1 0.709937
3 0.18244 16
3 0.55071 35
3 0.928076 17
4 0.507641 0.507717
2 0.558137 0.55807
3 0.501353 47
2 0.106192 0.106224
4 0.329834 0.329852
4 0.392792 0.392733
0 0.10273 tecvm
3 0.109763 25
0 0.066322 aypix
0 0.727838 qqhas
0 0.600029 bgequ
0 0.61647 wuldn
2 0.504224 0.504157
4 0.374931 0.374931
2 0.212829 0.212909
1 0.969113
3 0.878643 34
3 0.082265 13
4 0.781605 0.781699
0 0.568208 cygrv
1 0.176051
4 0.924429 0.924386
2 0.998188 0.998183
1 0.534579
0 0.221631 mmkcl
1 0.793446
1 0.747041
4 0.628637 0.628628
0 0.321726 zorer
2 0.592376 0.592299
1 0.571604
1 0.934999
1 0.702132
0 0.075682 yuzwq
2 0.598799 0.59878
1 0.329259
0 0.473627 cztka
3 0.082615 24
2 0.218641 0.218665
0 0.906 kveyr
3 0.941803 42
4 0.662596 0.66267
3 0.771403 41
2 0.274814 0.27488
3 0.721952 14
3 0.804567 39
2 0.53956 0.539547
2 0.961912 0.96198
3 0.776902 29
3 0.183927 32
3 0.382983 30
2 0.121112 0.121085
3 0.95639 33
1 0.684804
2 0.499452 0.499429
1 0.949484
3 0.498551 24
0 0.617571 jqaui
0 0.718465 npbxr
3 0.346399 29
0 0.898414 ssrcv
4 0.035711 0.035717
1 0.96839
4 0.921344 0.921378
1 0.422074
4 0.773272 0.773233
1 0.733367
4 0.262181 0.262144
0 0.644512 cxslt
2 0.334313 0.334401
3 0.93192 4
0 0.060782 zanfk
4 0.743619 0.743657
2 0.988577 0.988526
2 0.093058 0.093011
0 0.320117 zivpd
1 0.386017
3 0.017957 2
0 0.010547 abrqv
3 0.394533 7
2 0.177044 0.177142
1 0.681973
4 0.483455 0.483541
4 0.385027 0.38493
1 0.618301
3 0.403217 18
3 0.421174 22
3 0.948073 6
0 0.522368 vqkul
1 0.561876
3 0.181884 0
4 0.917025 0.917059
0 0.743917 jyern
3 0.751832 36
1 0.699905
2 0.098814 0.098789
4 0.18642 0.186434
1 0.081437
2 0.0934 0.093399
1 0.33725
0 0.817423 xvemu
4 0.94666 0.946722
4 0.000522 0.000524
2 0.876826 0.876767
1 0.97564
1 0.268397
2 0.22175 0.221818
4 0.423912 0.42398
2 0.324311 0.324381
3 0.141734 6
3 0.409621 25
2 0.761315 0.761278
0 0.71862 wcxgd
2 0.735657 0.735584
4 0.473759 0.473666
1 0.414024
2 0.220303 0.220268
4 0.322171 0.32215
1 0.940721
2 0.090468 0.090427
0 0.708458 dtlyn
4 0.691849 0.69182
1 0.901903
3 0.03832 41
4 0.452344 0.452339
4 0.707031 0.707121
1 0.103452
3 0.354569 45
1 0.74901
2 0.568911 0.568878
4 0.172677 0.172689
2 0.766308 0.766247
3 0.185597 20
1 0.566472
2 0.23998 0.239887
1 0.725685
2 0.357467 0.35744
0 0.977271 nmgnm
0 0.726825 dhskb
2 0.323657 0.323691
4 0.439095 0.439181
4 0.762532 0.762542
1 0.890808
4 0.861021 0.860928
2 0.771686 0.77175
4 0.553273 0.55319
3 0.083871 10
1 0.532654
2 0.919135 0.919038
3 0.61765 6
2 0.911376 0.911378
1 0.33217
4 0.152692 0.152647
4 0.361647 0.361665
2 0.166376 0.166432
3 0.268566 30
1 0.528669
3 0.090837 2
2 0.058496 0.058586
1 0.951254
2 0.392863 0.392909
3 0.228565 27
0 0.937571 dimog
0 0.119294 kvcbu
4 0.387322 0.387307
3 0.445818 5
2 0.397072 0.396975
2 0.75327 0.753253
4 0.8743 0.874293
0 0.202871 tfbhr
2 0.443452 0.443458
3 0.601658 47
0 0.492284 fqtgl
0 0.911131 icwyt
2 0.338544 0.338447
4 0.597777 0.597865
0 0.678906 natht
2 0.81344 0.813381
4 0.709922 0.709946
1 0.379144
1 0.401935
0 0.557163 yilwk
0 0.116451 zgerf
4 0.101855 0.101861
0 0.132123 cbskx
3 0.998147 20
1 0.916434
2 0.74403 0.744025
0 0.182819 fdjzp
4 0.856442 0.85653
2 0.529689 0.529719
3 0.631544 38
0 0.260106 czgky
3 0.481174 10
3 0.876612 30
4 0.810811 0.810744
2 0.622317 0.622335
4 0.425257 0.425279
0 0.898539 dbysq
0 0.392121 ktych
0 0.135269 jyedn
2 0.502797 0.502768
1 0.409147
2 0.920641 0.920546
0 0.018543 zgfzt
2 0.997853 0.99779
3 0.707147 38
4 0.500682 0.500591
1 0.640663
2 0.7727 0.77276
1 0.837781
2 0.190884 0.190851
3 0.217831 27
2 0.605261 0.605291
4 0.545274 0.545269
3 0.543127 20
1 0.766626
0 0.826905 pcqar
4 0.567784 0.567735
1 0.294268
0 0.405811 xyscy
2 0.278159 0.278187
2 0.775439 0.77541
0 0.767304 glleu
0 0.608693 yqdcv
3 0.001617 39
3 0.290493 9
3 0.71456 6
4 0.743889 0.743856
2 0.318491 0.318511
0 0.952573 nofbi
3 0.832814 10
1 0.901725
4 0.78674 0.78681
1 0.739331
4 0.851891 0.851931
4 0.566452 0.5665
4 0.826693 0.826727
3 0.145184 4
4 0.097757 0.097839
0 0.451038 aeyjk
1 0.501791
3 0.492645 18
2 0.121583 0.121593
0 0.579385 xxune
2 0.529543 0.529637
3 0.143653 26
1 0.111043
2 0.731418 0.73145
1 0.479594
0 0.629343 kgdtr
4 0.37128 0.371251
1 0.588907
3 0.887617 5
4 0.515013 0.515075
3 0.131097 13
4 0.882212 0.882268
1 0.607532
4 0.705929 0.705955
3 0.07721 5
4 0.013747 0.013817
1 0.96439
0 0.55347 atftz
0 0.500132 fwjaa
3 0.58749 30
2 0.826614 0.826624
3 0.379624 22
1 0.688678
4 0.656933 0.657027
2 0.892255 0.892176
0 0.824146 xuxwz
4 0.280436 0.280377
2 0.40121 0.401161
0 0.28115 ezxxh
3 0.333703 41
0 0.054617 ilqht
3 0.370742 16
1 0.582903
2 0.078643 0.078638
4 0.945688 0.945762
4 0.883872 0.883948
4 0.681375 0.681288
4 0.577359 0.577433
1 0.901555
1 0.042068
4 0.260395 0.26033
3 0.869335 9
0 0.152919 kokwt
2 0.691995 0.692073
2 0.758271 0.758273
2 0.724358 0.724285
2 0.816681 0.816678
4 0.593148 0.593246
0 0.036054 sdlbr
4 0.522352 0.522267
2 0.786618 0.786672
3 0.48022 49
1 0.574047
2 0.05138 0.051331
2 0.326005 0.325952
4 0.824309 0.824296
1 0.783886
0 0.186312 fjcxo
4 0.560102 0.560023
2 0.832408 0.832381
0 0.280357 klnmn
4 0.967142 0.967093
3 0.307803 14
1 0.608041
4 0.547573 0.547548
0 0.277341 hmnab
0 0.499143 fvlis
3 0.365651 3
0 0.646458 mjqhd
0 0.748544 yjtle
3 0.172181 2
3 0.744834 4
3 0.758566 30
2 0.393229 0.393281
0 0.584945 oykts
2 0.412243 0.412283
2 0.787369 0.787451
2 0.340381 0.340334
4 0.247763 0.247791
3 0.087497 14
4 0.942725 0.942757
0 0.162209 dygjj
1 0.199456
4 0.212396 0.212391
2 0.344888 0.344946
2 0.704271 0.704264
1 0.354469
2 0.107007 0.107097
2 0.070648 0.070581
4 0.401645 0.401568
0 0.703394 anvqj
0 0.158877 pxejz
2 0.86958 0.869507
3 0.77891 26
3 0.936003 11
2 0.180593 0.180651
3 0.88426 37
3 0.432625 23
2 0.590571 0.590573
0 0.951032 wajyw
4 0.975835 0.975889
4 0.054693 0.054709
2 0.222726 0.222707
3 0.708396 14
1 0.781066
2 0.719615 0.719534
1 0.673196
1 0.956084
0 0.491047 oakqy
2 0.133507 0.133418
1 0.704552
0 0.73238 lqcli
1 0.449444
3 0.262393 28
2 0.935589 0.93552
3 0.797564 34
2 0.799324 0.799241
1 0.218272
3 0.578484 29
0 0.310864 iquwa
2 0.306637 0.306691
0 0.527815 koqkt
3 0.402542 16
1 0.119291
3 0.007526 11
2 0.203639 0.2036
2 0.782124 0.782194
2 0.255138 0.255162
2 0.066762 0.06684
3 0.110929 22
4 0.809365 0.809459
0 0.218438 xhhka
3 0.967091 43
2 0.485082 0.485057
3 0.231904 25
4 0.651189 0.651174
4 0.411314 0.411275
1 0.713725
0 0.070826 dadwc
3 0.077315 49
2 0.486693 0.486731
2 0.438068 0.438001
1 0.395283
3 0.339842 24
4 0.33427 0.334175
3 0.439627 39
1 0.870701
1 0.946143
2 0.07526 0.075163
4 0.120695 0.120785
2 0.398034 0.398044
1 0.326562
3 0.914279 4
4 0.909565 0.909639
4 0.212668 0.212667
0 0.959799 wnawc
2 0.444603 0.444603
3 0.186343 8
2 0.996999 0.997093
2 0.978777 0.978833
2 0.409408 0.409468
1 0.318973
1 0.223483
4 0.665439 0.665527
0 0.492793 cbqke
2 0.011415 0.011382
0 0.175128 ecyxg
2 0.596312 0.596342
0 0.40815 gyoih
2 0.227022 0.227112
1 0.125497
3 0.180939 12
0 0.531313 zautt
4 0.243596 0.243628
4 0.418279 0.418214
1 0.634669
0 0.957933 wcqwo
3 0.564953 11
3 0.844468 0
0 0.6585 xuova
4 0.664976 0.665068
3 0.589515 23
0 0.584224 wizys
3 0.346829 43
2 0.838017 0.838061
2 0.15343 0.153474
3 0.649782 4
0 0.593472 ksjbx
1 0.243681
4 0.185398 0.185299
2 0.339767 0.339704
2 0.686596 0.686652
4 0.040965 0.041017
4 0.194395 0.194491
4 0.844177 0.844229
1 0.521626
1 0.27168
3 0.074968 23
3 0.691091 20
4 0.230599 0.230691
4 0.444952 0.44501
1 0.7077
4 0.480279 0.480226
0 0.518257 kscff
1 0.432558
3 0.239592 34
4 0.589213 0.589225
2 0.116632 0.116573
2 0.017644 0.017641
4 0.978948 0.978887
0 0.686649 tlwwo
3 0.174853 3
1 0.317203
1 0.487449
1 0.213864
0 0.219328 bsatb
0 0.020425 atwth
1 0.075324
3 0.123669 37
4 0.12747 0.12751
0 0.720105 bqqho
2 0.650725 0.650781
0 0.770697 kbnwk
1 0.44692
4 0.051909 0.052007
4 0.120687 0.120769
4 0.244356 0.244335
0 0.217786 wtkgb
2 0.458801 0.458811
0 0.311968 moojz
3 0.766262 32
4 0.334523 0.334603
0 0.45521 mtuom
1 0.851597
0 0.228731 mpwzr
4 0.348625 0.348538
2 0.590084 0.590104
2 0.380218 0.380292
4 0.829698 0.829601
1 0.602261
2 0.012411 0.012354
2 0.923598 0.923587
3 0.775195 8
4 0.382078 0.382015
2 0.776294 0.776289
1 0.641271
4 0.054243 0.054299
1 0.080678
3 0.859714 5
0 0.403911 ntcee
2 0.581789 0.581786
0 0.975099 gybal
0 0.149837 hgxtq
2 0.660392 0.660476
4 0.609387 0.609485
4 0.87668 0.876619
2 0.91748 0.917393
4 0.945727 0.945739
2 0.374865 0.374937
2 0.769528 0.769586
2 0.7672 0.767248
3 0.768065 31
2 0.801551 0.801599
1 0.455135
4 0.733299 0.733214
3 0.609979 49
2 0.043811 0.043849
2 0.081014 0.080977
4 0.279657 0.279648
2 0.565537 0.565518
1 0.332738
2 0.497691 0.497636
0 0.96121 vtpti
2 0.391331 0.39125
3 0.342382 33
4 0.17602 0.176082
2 0.781223 0.781168
1 0.588216
4 0.657102 0.657158
2 0.506192 0.506216
3 0.123347 26
3 0.058406 27
0 0.964951 dckdt
1 0.902519
2 0.907389 0.907471
1 0.688612
4 0.204002 0.203933
3 0.156661 46
3 0.392751 22
2 0.516099 0.516147
0 0.090857 whcsm
3 0.141417 43
1 0.560288
2 0.5672 0.56727
4 0.255812 0.255801
3 0.250234 17
3 0.49163 26
4 0.363911 0.363862
0 0.162996 ppxmc
3 0.628788 40
0 0.99871 mmuql
1 0.670467
4 0.253167 0.253185
4 0.237047 0.237006
2 0.737026 0.737013
0 0.844214 sftfa
4 0.846396 0.846379
4 0.228468 0.228421
3 0.389785 21
3 0.763339 12
2 0.628523 0.628492
1 0.752107
4 0.518902 0.518926
0 0.050915 fhsmb
2 0.399491 0.399402
3 0.37816 49
0 0.08847 qhupk
0 0.565095 nzmeh
4 0.849038 0.849044
0 0.891413 jzhzd
2 0.440121 0.440149
2 0.394329 0.394349
1 0.027627
0 0.725532 bpmya
2 0.177232 0.177187
3 0.862995 11
4 0.228385 0.228318
0 0.093044 urtpb
2 0.549778 0.549721
4 0.791662 0.791615
1 0.807
0 0.453924 etahr
1 0.712555
1 0.79415
2 0.569967 0.569878
3 0.131443 18
4 0.6097 0.609631
1 0.153266
4 0.319755 0.319839
1 0.984958
3 0.270421 43
0 0.529467 wpshl
4 0.06931 0.069305
4 0.200754 0.200681
1 0.326806
3 0.791794 30
4 0.020269 0.020301
3 0.857624 38
3 0.573161 20
2 0.622337 0.622371
4 0.12168 0.12173
0 0.707343 bahez
0 0.348475 iokub
0 0.809233 iubth
3 0.156778 19
3 0.622036 8
4 0.845667 0.845576
1 0.25957
0 0.235828 pgegq
2 0.497263 0.497337
0 0.647026 uerrs
0 0.809376 iuych
4 0.432576 0.432674
3 0.087311 1
2 0.493301 0.493333
2 0.568432 0.568514
2 0.789683 0.789745
0 0.255253 yhaql
2 0.350809 0.350907
0 0.43812 mqmle
1 0.354668
1 0.322241
0 0.377643 lpcde
3 0.950236 48
3 0.609476 39
0 0.956464 foush
3 0.562355 45
2 0.990431 0.990344
4 0.284976 0.285004
2 0.66262 0.662698
4 0.935432 0.935381
4 0.530245 0.530158
2 0.507516 0.507532
3 0.263708 32
1 0.974501
1 0.079848
4 0.975899 0.975896
1 0.196416
2 0.711371 0.7113
1 0.092651
3 0.823121 29
0 0.274905 pfnik
4 0.147535 0.147502
2 0.099568 0.099473
0 0.228851 jyegr
1 0.422134
4 0.316676 0.316619
3 0.15326 0
2 0.303813 0.303758
4 0.337709 0.337719
0 0.214954 ivccp
0 0.467441 ghugb
0 0.308453 ojdpe
3 0.452279 6
0 0.106568 avzxg
4 0.760338 0.760327
2 0.034726 0.034798
0 0.19615 olvzf
0 0.14866 uhjke
4 0.407417 0.407388
0 0.469152 hlknt
3 0.007543 42
1 0.155309
2 0.362276 0.362183
3 0.224899 15
4 0.18014 0.180127
1 0.3288
2 0.196455 0.196537
3 0.063479 25
2 0.200913 0.200826
1 0.563189
2 0.671919 0.67183
4 0.458785 0.458756
3 0.641191 32
2 0.870499 0.870422
1 0.098369
2 0.298682 0.298661
3 0.85777 49
0 0.209191 nxyat
3 0.680005 38
2 0.13879 0.13886
2 0.779982 0.779986
4 0.650481 0.6504
0 0.265203 vcqcl
3 0.557782 14
2 0.776732 0.776721
0 0.096649 dhkit
4 0.379427 0.379376
4 0.133735 0.13369
2 0.039969 0.040027
0 0.457386 qdiqg
2 0.984668 0.984726
4 0.541931 0.541955
0 0.514953 efuka
3 0.225906 18
2 0.700957 0.700991
2 0.936455 0.936372
3 0.596834 8
1 0.655249
0 0.339391 whywp
0 0.441407 znodh
2 0.034863 0.034915
4 0.985297 0.985303
1 0.83878
2 0.892574 0.89259
1 0.572344
1 0.705504
2 0.553229 0.553289
0 0.298606 webnd
2 0.054502 0.054528
1 0.910209
3 0.494543 43
4 0.871412 0.871373
3 0.620545 45
0 0.508575 sygdp
1 0.933679
2 0.373722 0.373637
0 0.217652 gqscb
1 0.496256
3 0.279637 34
0 0.700026 uruzx
3 0.579525 22
0 0.057871 yalov
0 0.803534 bmhhj
0 0.716592 sgoab
3 0.23698 31
2 0.102037 0.102012
3 0.080704 43
3 0.728604 49
2 0.516194 0.516198
3 0.319728 21
3 0.180146 43
3 0.030961 38
0 0.410737 yazts
4 0.644056 0.644053
4 0.072014 0.071939
1 0.782848
0 0.851105 rzqwz
2 0.560225 0.56018
1 0.591187
0 0.015903 zarzy
4 0.993303 0.99322
2 0.325407 0.325358
4 0.846513 0.846563
2 0.130845 0.130899
4 0.367222 0.367217
4 0.380856 0.380823
0 0.186653 yshxr
2 0.36395 0.363998
1 0.357253
3 0.241295 10
0 0.441825 rtlzz
0 0.059945 webhl
4 0.543394 0.543377
3 0.634744 4
1 0.24437
3 0.078433 20
1 0.553286
2 0.164585 0.164494
4 0.21011 0.210188
3 0.902833 20
3 0.47913 19
4 0.952636 0.952581
4 0.035115 0.035066
1 0.510801
3 0.88033 42
3 0.719605 27
3 0.075223 4
0 0.246909 egmlf
4 0.909808 0.909805
0 0.461275 kigme
0 0.036409 wylqw
1 0.122179
0 0.222495 rvbsq
2 0.898992 0.898969
4 0.687492 0.687556
2 0.614695 0.614759
0 0.901368 lxqwy
4 0.688989 0.689039
4 0.781417 0.781465
2 0.241518 0.241511
1 0.543321
1 0.926474
4 0.577668 0.577651
4 0.246273 0.246343
2 0.71258 0.712618
2 0.421928 0.421978
2 0.851168 0.851105
2 0.123605 0.123516
2 0.851627 0.851705
3 0.680766 7
3 0.542716 2
3 0.124971 26
2 0.558576 0.558531
0 0.100232 wdytt
2 0.84537 0.845388
1 0.652458
4 0.153007 0.153071
2 0.497465 0.497428
0 0.523142 xrjqz
2 0.69445 0.694353
4 0.002784 0.002687
2 0.080955 0.081025
2 0.766489 0.766575
2 0.481116 0.481138
1 0.916522
2 0.045307 0.045343
1 0.945501
3 0.754873 34
4 0.937071 0.937161
0 0.623668 yiivj
2 0.133358 0.133275
4 0.837505 0.8375
3 0.882812 41
0 0.328348 pecbb
4 0.059681 0.059761
0 0.078267 nlqzm
0 0.946293 lrcbf
3 0.927557 8
2 0.226641 0.226693
4 0.580238 0.580272
4 0.688708 0.688655
1 0.734249
1 0.795888
0 0.370739 mvfbo
3 0.721543 19
3 0.732161 7
4 0.702891 0.702963
0 0.282973 krqew
1 0.120128
1 0.076598
1 0.550696
0 0.231567 hektx
4 0.650728 0.650774
3 0.710062 31
4 0.028601 0.02853
4 0.149673 0.149771
0 0.89017 qxpjy
3 0.848079 47
4 0.49766 0.497732
0 0.430215 ndbci
0 0.047786 nbjlw
4 0.568833 0.568889
4 0.873188 0.873143
1 0.828272
0 0.450561 ftkys
2 0.579641 0.57956
0 0.187068 xzgzo
0 0.568834 odugy
0 0.261094 ehwld
3 0.943091 8
2 0.460583 0.460522
3 0.513864 33
3 0.797116 2
2 0.491681 0.491767
0 0.00917 stiyn
0 0.826321 gvpkj
4 0.593409 0.593443
2 0.93114 0.931081
0 0.694996 ymxjt
4 0.040041 0.040053
0 0.251273 ckhke
0 0.381631 gbzbr
3 0.826916 12
4 0.66975 0.669745
3 0.815057 1
0 0.553747 tajnj
1 0.90622
3 0.305596 34
4 0.577602 0.57765
2 0.638786 0.638773
3 0.031798 12
0 0.872303 kinzj
1 0.494524
1 0.375648
1 0.620427
0 0.482711 ydpbi
1 0.905887
2 0.67582 0.675787
2 0.064475 0.064531
0 0.988632 wmoam
3 0.085973 33
1 0.085037
3 0.19988 22
3 0.019543 3
3 0.194944 37
0 0.536722 pcuwe
2 0.228537 0.228629
2 0.985007 0.984914
0 0.112411 gyazz
2 0.632055 0.632057
0 0.16795 ipyew
3 0.768305 34
3 0.695386 37
2 0.719646 0.719744
1 0.732538
0 0.586918 tlxrj
3 0.990357 29
1 0.249385
2 0.817274 0.817296
1 0.53692
0 0.583382 rexxv
4 0.700623 0.700657
4 0.559679 0.559672
1 0.567141
0 0.002059 ucazk
3 0.816895 39
0 0.409216 zcjtd
4 0.76183 0.761761
0 0.289145 vjxcu
2 0.784099 0.784032
3 0.614016 21
3 0.430911 10
3 0.038901 26
0 0.628361 rzyfe
2 0.312456 0.312419
3 0.194477 38
0 0.134715 aidzi
3 0.05719 8
0 0.200918 bbgxp
4 0.340798 0.340848
2 0.51481 0.51485
4 0.006379 0.006421
0 0.675001 zxlkk
1 0.256308
2 0.867558 0.867654
2 0.4411 0.441093
4 0.156857 0.156796
0 0.213876 swbgj
0 0.848393 uceof
4 0.491275 0.491359
4 0.721818 0.721741
2 0.143714 0.143641
0 0.364468 pqxcf
3 0.430203 41
1 0.111407
4 0.78803 0.787963
4 0.851496 0.851489
4 0.299425 0.299352
4 0.729628 0.729694
0 0.357387 vayyb
4 0.758425 0.758376
3 0.46144 12
3 0.974792 5
3 0.566972 42
0 0.187526 dletg
4 0.410322 0.41036
0 0.743555 pmumy
1 0.784232
3 0.432511 23
4 0.304599 0.304661
2 0.416445 0.41635
1 0.175475
0 0.201259 pvqiq
0 0.356646 znyyv
2 0.404713 0.40471
3 0.322524 37
1 0.157216
2 0.776686 0.776603
0 0.07458 yvgoc
2 0.387657 0.387646
4 0.479996 0.480082
1 0.472428
1 0.793192
4 0.693635 0.693667
4 0.151319 0.151371
4 0.225259 0.225345