0 0.760848 gnque
3 0.100037 4
4 0.582486 0.582566
3 0.948251 42
4 0.571421 0.571434
2 0.761585 0.000995
0 0.365192 zkgca
3 0.318864 32
3 0.457878 0
0 0.40903 usmek
3 0.761237 10
4 0.76681 0.766883
2 0.483681 0.000762
2 0.867896 0.000954
1 0.778227
2 0.761008 0.000115
4 0.579294 0.579393
4 0.698245 0.698306
1 0.641689
1 0.255077
1 0.761395
1 0.382989
2 0.623226 0.0008
2 0.568693 0.000833
1 0.962155
1 0.761822
3 0.030062 39
4 0.747177 0.747245
3 0.007428 29
0 0.315942 ylxlg
0 0.761267 nhdpj
3 0.15933 35
0 0.209763 qdynz
3 0.433328 28
3 0.957109 9
4 0.761377 0.761447
1 0.82453
3 0.006162 28
2 0.865859 0.000785
4 0.391708 0.391732
2 0.761657 0.000372
3 0.396898 44
0 0.566697 dxcie
2 0.954794 0.000848
0 0.808676 oxucw
2 0.760917 0.000422
1 0.605129
2 0.374003 0.000519
3 0.215728 25
2 0.222624 0.000602
1 0.760921
4 0.773413 0.773417
3 0.728208 4
3 0.536884 24
0 0.686442 uljio
2 0.761621 0.000601
2 0.849645 0.000509
2 0.31567 0.000668
1 0.097272
0 0.37157 vlfpl
3 0.761348 29
3 0.395512 22
3 0.237735 1
3 0.293379 5
2 0.470504 0.000756
0 0.761466 ggypi
3 0.546156 37
0 0.207491 ckfsf
4 0.885172 0.885201
1 0.36477
1 0.761674
0 0.975845 lwozh
2 0.306335 0.00082
3 0.480921 14
2 0.543429 5.4e-05
4 0.760941 0.760954
2 0.774837 0.000829
2 0.176362 0.000358
0 0.541132 gzugu
1 0.381173
4 0.761374 0.76145
0 0.781698 vqxyw
2 0.879861 0.00053
0 0.263026 fxebd
3 0.023174 46
0 0.761304 svcwu
3 0.061969 10
3 0.843668 49
2 0.376631 0.000859
1 0.495648
3 0.760958 49
4 0.169761 0.169768
2 0.312423 0.000226
1 0.512569
1 0.47908
2 0.761756 0.000312
3 0.608441 15
2 0.441953 0.000473
2 0.835952 1.2e-05
3 0.941812 9
3 0.760983 15
1 0.233651
2 0.768996 0.000831
2 0.585574 0.000832
3 0.935045 12
0 0.761021 uxmxu
4 0.246355 0.246403
2 0.312367 0.000754
1 0.008176
4 0.933273 0.933337
0 0.761163 foybg
1 0.568329
3 0.488595 31
2 0.600768 0.000846
0 0.837734 zwcif
3 0.761771 16
3 0.107482 41
2 0.774957 0.000852
0 0.191461 vtfao
3 0.148974 35
2 0.761703 0.000728
1 0.09859
0 0.7233 munsm
2 0.749444 0.000318
4 0.236335 0.236396
4 0.761119 0.761216
1 0.191079
2 0.188395 0.000571
2 0.853721 0.000306
4 0.218114 0.218127
4 0.760951 0.761038
2 0.030051 0.000877
3 0.742229 19
0 0.491673 ziurx
0 0.935175 qzjhw
1 0.760917
4 0.003606 0.003689
2 0.239138 8.1e-05
3 0.842125 30
1 0.438354
4 0.761123 0.761134
3 0.240514 0
4 0.789067 0.78914
4 0.724242 0.724286
2 0.366849 3.3e-05
1 0.761388
2 0.399863 0.000499
3 0.194861 37
1 0.404666
4 0.176046 0.17612
0 0.76116 bhyfv
2 0.328028 0.000433
3 0.568623 29
0 0.935472 bjwdm
3 0.225306 16
1 0.761482
4 0.687761 0.687841
4 0.052933 0.052961
1 0.835028
4 0.325557 0.325646
3 0.761218 33
4 0.786993 0.787057
0 0.722465 dyhan
3 0.461796 31
1 0.255443
2 0.761052 0.000798
0 0.996137 ilrue
3 0.496167 27
3 0.970703 17
3 0.126119 14
4 0.761644 0.761652
3 0.247062 41
4 0.366545 0.366548
2 0.445663 0.000611
3 0.176813 36
2 0.76129 0.000741
0 0.89351 quoje
2 0.160754 0.000154
3 0.159145 4
4 0.703853 0.703946
3 0.761777 29
2 0.536757 0.000444
3 0.867492 7
4 0.194365 0.194365
3 0.385106 12
4 0.760939 0.760981
4 0.908478 0.908479
0 0.919632 vreqo
1 0.590279
4 0.112711 0.112771
1 0.761352
1 0.033312
1 0.85521
4 0.432061 0.432067
3 0.541173 10
1 0.761002
2 0.473094 5.5e-05
2 0.909078 0.000981
4 0.757315 0.757391
2 0.204448 7e-06
1 0.760915
0 0.999331 degon
0 0.196745 qrmph
4 0.021511 0.02156
3 0.719566 34
2 0.760908 7.9e-05
0 0.052432 ixjpj
3 0.061074 26
4 0.61007 0.61008
0 0.419448 ninuu
0 0.761046 tzsxf
0 0.309071 yvmjm
4 0.80442 0.8045
2 0.865495 0.000958
3 0.475565 21
4 0.760877 0.760968
2 0.916411 3.1e-05
4 0.397681 0.39771
4 0.203636 0.203734
2 0.243355 0.000713
4 0.761204 0.761226
4 0.778986 0.779067
0 0.581319 ddzgc
3 0.103094 33
4 0.205438 0.20545
1 0.761664
4 0.94005 0.940098
2 0.829748 0.00089
2 0.499814 0.000356
2 0.350522 0.000678
3 0.761559 13
3 0.429321 15
2 0.534107 0.000583
3 0.153553 18
2 0.358991 0.000432
0 0.761096 vqanc
4 0.476237 0.476314
0 0.507161 nlwwe
0 0.523341 yiojj
1 0.763771
1 0.761611
3 0.842228 25
1 0.597335
0 0.557685 rxmkv
1 0.849256
2 0.761724 4.8e-05
0 0.475262 ikbat
1 0.490046
3 0.450307 42
3 0.539295 23
1 0.761656
3 0.66292 15
4 0.166296 0.166304
0 0.18672 sjzjr
4 0.263155 0.263194
0 0.760927 qokby
0 0.4778 lnoht
2 0.576935 0.000669
3 0.259584 29
3 0.446304 46
3 0.761188 31
0 0.848847 veqwg
3 0.54448 49
3 0.30685 49
2 0.282046 0.000128
2 0.761323 0.00061
0 0.645448 syeqg
4 0.709023 0.709061
0 0.635005 ikseu
0 0.102451 zznay
4 0.761311 0.761324
1 0.00829
0 0.362729 fbdhv
4 0.539596 0.539691
3 0.350848 2
4 0.761338 0.76135
4 0.616727 0.61679
0 0.343113 xyzod
4 0.608851 0.608881
0 0.146127 rqwqn
0 0.761169 trbtz
1 0.36421
2 0.235742 0.000937
3 0.42695 3
0 0.102664 luiyg
3 0.760936 29
3 0.183037 19
0 0.279657 yaaxg
3 0.996879 36
0 0.328689 kiwfo
4 0.76135 0.761394
0 0.460322 mgcnf
3 0.579835 5
1 0.375844
2 0.816349 0.00052
1 0.761411
1 0.80983
4 0.49 0.490012
4 0.222714 0.222807
4 0.935 0.93509
1 0.760975
3 0.256401 32
3 0.653199 18
2 0.233034 0.000323
3 0.608878 22
4 0.761552 0.761585
4 0.150367 0.150382
0 0.156719 vbnfk
0 0.198111 mxajd
2 0.937012 0.000134
2 0.761368 0.000117
1 0.046751
4 0.894905 0.894954
0 0.728839 hycaz
2 0.878253 0.000668
3 0.761653 16
3 0.849338 6
2 0.368273 0.00038
1 0.056759
2 0.256267 0.000631
4 0.76123 0.761311
0 0.143884 wtvrs
2 0.134526 0.000818
0 0.890547 jagey
3 0.550601 6
1 0.760895
2 0.214156 0.000666
3 0.249447 1
3 0.33248 42
2 0.935959 0.000423
1 0.760907
3 0.37748 30
1 0.784379
4 0.722912 0.722996
3 0.611541 27
4 0.761643 0.761726
4 0.649574 0.649665
1 0.444984
0 0.144719 coppn
0 0.069831 gufck
4 0.761178 0.761189
2 0.926631 0.000805
1 0.36818
2 0.826506 0.000415
1 0.47608
1 0.760912
2 0.602196 0.000194
0 0.538657 uruie
1 0.599445
4 0.211717 0.211761
2 0.761556 8.6e-05
1 0.620513
2 0.058563 0.00072
0 0.302979 ytrvo
4 0.570401 0.570499
4 0.761194 0.76125
0 0.120178 tllou
4 0.642303 0.642368
2 0.259742 0.000996
2 0.838539 0.00056
4 0.761387 0.76148
4 0.660676 0.660726
0 0.005811 nznsf
4 0.40317 0.403187
3 0.398666 42
4 0.761659 0.761732
2 0.004291 0.000767
1 0.746283
3 0.958106 48
0 0.980997 grlcx
1 0.761071
4 0.566163 0.566173
3 0.969334 27
3 0.884352 19
3 0.522936 32
3 0.761221 10
2 0.868009 0.000368
0 0.725709 eqito
4 0.699152 0.699205
4 0.798375 0.798382
4 0.761035 0.761035
2 0.851087 0.000305
3 0.231357 41
1 0.3923
4 0.668091 0.668153
1 0.760931
3 0.261809 9
4 0.467363 0.467442
4 0.259464 0.259547
4 0.315215 0.315274
1 0.761044
0 0.04473 xyhtz
4 0.228562 0.228619
3 0.896654 22
2 0.949106 5.5e-05
2 0.761264 0.000622
1 0.696247
3 0.970448 30
2 0.285663 0.000941
0 0.739145 pxgwy
3 0.761286 44
3 0.431048 3
2 0.36502 0.000477
3 0.587427 4
1 0.432195
3 0.76129 11
0 0.408024 jywbo
1 0.980912
2 0.050507 0.000746
2 0.575402 0.000536
2 0.761432 0.000472
4 0.173956 0.174005
0 0.277735 haqdr
4 0.814447 0.81452
1 0.998108
4 0.761338 0.761376
0 0.435755 ydfev
2 0.680938 0.000349
4 0.13741 0.137483
2 0.225359 0.000568
3 0.76115 0
1 0.078505
2 0.297598 0.000979
3 0.295706 38
2 0.750549 0.000928
4 0.761625 0.761631
0 0.091196 iftks
2 0.916017 0.000803
4 0.565937 0.565958
1 0.153239
3 0.761593 0
2 0.842076 0.000328
1 0.277814
0 0.830285 thfzo
1 0.860419
2 0.761754 0.000897
3 0.574804 14
1 0.258765
2 0.791789 0.000341
3 0.868262 20
3 0.760945 14
1 0.063185
0 0.160019 ppqii
3 0.803157 17
2 0.091802 7.3e-05
4 0.761077 0.761123
1 0.984994
0 0.61702 ifqdz
2 0.429909 9.8e-05
4 0.493094 0.493123
3 0.761253 28
3 0.272153 8
3 0.75832 40
0 0.909745 ompjk
1 0.93927
0 0.761763 fkxaw
3 0.964781 26
4 0.461341 0.461434
4 0.374621 0.374642
2 0.62883 0.000259
4 0.761099 0.761104
4 0.252858 0.25289
4 0.922696 0.922749
4 0.725906 0.72592
0 0.530751 dwnpp
1 0.761426
4 0.802237 0.80225
0 0.821011 jmyqi
4 0.478369 0.478456
2 0.191401 0.000502
4 0.761686 0.761773
1 0.11409
0 0.89106 zrmjo
0 0.79152 tpdqa
2 0.006893 0.000748
1 0.76147
2 0.704526 0.000706
3 0.29138 35
0 0.90757 tnjbp
3 0.921803 41
1 0.761816
3 0.024951 33
3 0.894224 10
3 0.417469 8
1 0.625208
2 0.760934 0.000989
2 0.137466 0.000476
2 0.561388 0.000651
0 0.583049 siskj
3 0.889592 0
1 0.761031
0 0.325119 gatgo
1 0.920687
0 0.246587 gyvss
3 0.053508 30
0 0.761216 xgcpv
3 0.961726 41
3 0.076701 12
4 0.448173 0.448226
4 0.877039 0.877093
3 0.761141 6
2 0.066698 0.000912
1 0.044844
0 0.450141 iyktd
2 0.184995 0.0001
2 0.761741 0.000156
1 0.731157
0 0.704299 bludj
0 0.336363 kkhkt
2 0.88585 2.7e-05
3 0.761737 39
1 0.695252
1 0.517106
4 0.514161 0.514212
2 0.770287 0.000861
3 0.761072 49
1 0.172293
1 0.377942
3 0.983228 16
2 0.26001 0.000252
1 0.761128
0 0.546665 ldrpr
0 0.677045 ifmxo
2 0.787895 0.000918
4 0.360171 0.360183
0 0.761068 cyeuz
1 0.418109
0 0.414706 tbhok
3 0.021575 12
3 0.087409 37
2 0.761129 0.000862
2 0.339875 0.000385
1 0.852532
1 0.767158
3 0.344387 3
4 0.761379 0.761402
1 0.595589
4 0.537538 0.537606
4 0.253605 0.253613
2 0.16307 6.6e-05
3 0.760881 38
0 0.135247 oegoy
0 0.785257 aocco
0 0.014259 meogu
0 0.116489 cqplk
0 0.761098 wjjot
3 0.945883 34
0 0.817054 pkcgi
0 0.61025 zlkcx
3 0.328883 44
4 0.761206 0.761268
0 0.319609 lekmv
2 0.060843 0.000777
0 0.394249 ckymz
0 0.660142 qnbob
2 0.761456 0.000548
1 0.764967
0 0.482446 hgjbu
1 0.833293
1 0.507113
0 0.761596 qcwea
3 0.520121 23
4 0.197388 0.197425
3 0.203539 47
1 0.349405
1 0.761051
4 0.511271 0.511317
0 0.398119 tpsgc
4 0.805948 0.805949
2 0.611588 0.000781
1 0.761103
4 0.225487 0.22553
1 0.64556
4 0.968671 0.968705
4 0.634987 0.635005
0 0.761389 yooqj
4 0.940179 0.940261
4 0.746127 0.74621
3 0.874068 17
4 0.467791 0.467815
4 0.761067 0.761154
1 0.930754
3 0.160077 45
1 0.687995
2 0.70003 0.000537
1 0.761397
1 0.606997
4 0.872945 0.873024
0 0.135425 wvnng
4 0.392107 0.392179
0 0.761208 oekvh
3 0.906532 21
0 0.666421 enmht
1 0.143572
0 0.556751 bgsdt
0 0.76145 btrux
4 0.377942 0.377984
3 0.36191 26
1 0.562261
2 0.742425 0.00053
4 0.761644 0.76166
4 0.513141 0.51316
4 0.829752 0.829752
3 0.573247 35
4 0.70885 0.708944
3 0.761362 3
1 0.346456
2 0.833391 0.000366
3 0.754307 29
2 0.496732 0.000509
4 0.761153 0.761165
0 0.806798 ljpwr
0 0.338718 oczww
2 0.301008 0.000682
0 0.778757 bclvd
0 0.760894 ktksx
2 0.247747 0.000447
0 0.429078 isrkw
2 0.306365 9.6e-05
1 0.607373
0 0.760978 wxtvt
1 0.027455
3 0.716222 7
2 0.117186 0.00012
1 0.364933
2 0.761211 0.000621
0 0.594512 mkgpp
4 0.943723 0.943795
2 0.846206 0.00048
1 0.706821
4 0.76184 0.761915
4 0.789215 0.789297
3 0.422753 4
2 0.787686 2.1e-05
4 0.614401 0.614495
1 0.761476
1 0.268444
3 0.59251 14
2 0.237435 0.000563
3 0.688915 46
4 0.761196 0.76127
1 0.959712
1 0.549296
3 0.745394 0
0 0.049432 cwxzy
1 0.761028
1 0.500429
1 0.534512
1 0.894478
2 0.612391 0.000393
4 0.761275 0.761299
1 0.381741
1 0.412539
2 0.084086 0.000285
2 0.606541 0.000717
1 0.761103
2 0.154746 0.000706
2 0.702927 0.000954
3 0.35997 18
1 0.254448
1 0.761041
2 0.019312 0.000972
1 0.10921
3 0.491934 0
0 0.092373 xhsob
4 0.761735 0.761782
3 0.858072 26
0 0.300685 tqutw
1 0.876241
0 0.633285 mzwlk
3 0.761769 35
4 0.997187 0.997229
2 0.498088 0.000154
2 0.670088 0.000925
4 0.545014 0.545064
4 0.761393 0.761401
3 0.474039 32
2 0.721754 0.000519
3 0.919368 17
2 0.608916 0.000317
1 0.761503
0 0.420728 jmhmp
2 0.480881 0.000696
3 0.260883 22
3 0.338428 33
2 0.761813 0.000159
2 0.161484 0.000334
0 0.006852 bjrsk
1 0.377437
4 0.414274 0.414301
3 0.761834 5
1 0.470682
4 0.603994 0.604051
4 0.458774 0.458814
3 0.787594 7
2 0.760941 0.000218
0 0.216297 rklob
0 0.719069 dzfze
0 0.216104 zmtio
0 0.446787 notml
1 0.761429
1 0.886323
3 0.300331 42
2 0.20605 0.000489
4 0.5676 0.567663
0 0.761514 tcjau
0 0.960083 ntoue
4 0.485892 0.485962
0 0.495825 bisxb
3 0.232214 16
4 0.761277 0.761356
1 0.441096
2 0.172574 0.000781
1 0.587816
1 0.04355
1 0.761804
0 0.652532 jfhxb
4 0.240586 0.240669
4 0.431063 0.431136
0 0.605029 rjjue
2 0.761475 0.000688
3 0.178443 16
0 0.73531 rwroz
2 0.364017 0.000722
4 0.554853 0.554861
2 0.761219 0.00037
2 0.524401 0.00068
1 0.949212
0 0.953561 zppnj
4 0.461325 0.461388
1 0.76094
4 0.123173 0.123184
3 0.48719 36
2 0.558395 0.000594
4 0.846602 0.84662
4 0.760919 0.760986
4 0.146283 0.14632
1 0.477754
3 0.649987 13
2 0.888971 0.00059
0 0.761597 lzmgv
4 0.715407 0.715453
2 0.952353 0.00041
4 0.108671 0.108767
2 0.305742 0.000263
1 0.761348
2 0.962483 0.000411
1 0.116748
3 0.785183 39
3 0.681153 40
3 0.761211 9
3 0.534179 16
4 0.575391 0.57546
1 0.979557
3 0.898262 49
0 0.761726 hacox
4 0.396649 0.396655
4 0.64534 0.645377
2 0.73378 0.000625
3 0.301495 36
3 0.76085 49
3 0.585923 17
1 0.112868
1 0.907427
1 0.134809
0 0.761388 marjk
0 0.819923 stpfu
2 0.620138 0.000188
0 0.972165 jlgqe
2 0.411038 0.000804
1 0.761814
2 0.103215 0.000858
2 0.646088 0.000891
1 0.585611
1 0.318106
3 0.761231 16
2 0.676545 0.000607
2 0.702902 0.000124
1 0.241458
3 0.599866 33
2 0.761687 0.000664
3 0.381805 13
0 0.721663 yfblg
3 0.990411 40
4 0.910794 0.910852
1 0.760865
1 0.290241
2 0.547964 5.1e-05
2 0.14783 0.000734
0 0.675086 iradz
1 0.761174
2 0.901301 0.000631
3 0.533292 42
0 0.530791 fdeum
2 0.23512 0.000135
2 0.761186 0.000319
2 0.747513 0.000406
2 0.413704 0.00099
0 0.50726 lrwes
2 0.035826 0.000957
1 0.761596
4 0.168368 0.168373
1 0.985009
2 0.117446 0.000145
4 0.916969 0.917004
4 0.761196 0.761288
0 0.876404 qyyke
2 0.222929 0.000703
4 0.258756 0.258769
2 0.6635 0.000761
1 0.760966
2 0.816877 0.000296
0 0.818374 uufmu
4 0.59034 0.590356
0 0.331075 jkbnu
3 0.76095 41
3 0.741884 41
1 0.681817
4 0.849785 0.849861
3 0.950081 33
0 0.761007 wadaa
2 0.029003 0.000759
1 0.801685
3 0.449411 16
3 0.796951 21
4 0.761155 0.761237
0 0.445125 qnbhf
2 0.345796 0.000784
1 0.022225
3 0.360962 13
2 0.761414 0.000924
0 0.009251 mpudv
1 0.882076
0 0.52695 krvbm
1 0.497784
4 0.761781 0.761826
4 0.382158 0.382183
3 0.077073 39
2 0.284639 0.000213
0 0.810243 bxjog
3 0.761751 8
0 0.133716 xtbow
3 0.181485 48
0 0.836351 tvqcm
4 0.106172 0.106247
4 0.760925 0.760953
2 0.033017 0.000641
0 0.859032 vvwxc
3 0.259802 6
0 0.911852 jchvf
2 0.761042 0.000828
4 0.479367 0.47937
3 0.912134 31
3 0.930069 48
1 0.264109
2 0.761758 0.000392
3 0.047899 33
2 0.423705 0.000638
4 0.980996 0.98104
1 0.407343
2 0.761365 0.000752
3 0.226198 21
4 0.038729 0.038786
2 0.602287 2.6e-05
0 0.242839 nataw
4 0.76151 0.761581
0 0.1013 lwemk
4 0.600745 0.600809
3 0.43761 15
1 0.247979
4 0.761129 0.761212
2 0.638533 0.000674
2 0.110768 0.000313
2 0.122747 6.9e-05
2 0.182409 4e-05
3 0.76163 19
0 0.807842 kqxsm
0 0.902747 trjlh
4 0.672966 0.673014
3 0.709823 16
4 0.761763 0.761851
0 0.851324 chubb
3 0.534558 42
4 0.459497 0.459572
3 0.822047 24
0 0.761266 apnqw
2 0.532984 0.000661
3 0.243767 26
2 0.45116 0.000253
0 0.074517 ybsoj
1 0.761566
1 0.028097
0 0.621136 eqkou
0 0.541697 jiqjf
1 0.188572
0 0.761025 dmslw
3 0.175071 11
0 0.640141 rzoxd
3 0.657069 0
0 0.215876 yjtot
1 0.761195
3 0.079548 24
0 0.956379 tsigx
3 0.788983 22
0 0.779102 jlyyg
1 0.761103
2 0.118709 0.000588
1 0.702836
2 0.251038 0.000535
0 0.846938 qgkkj
1 0.760915
1 0.877104
1 0.583691
1 0.899821
1 0.510122
4 0.761588 0.761628
0 0.688758 zlleb
1 0.352672
2 0.276889 8.4e-05
0 0.112911 ajipi
1 0.761181
0 0.95238 yiozn
0 0.889056 stzfp
2 0.568114 0.000569
1 0.418422
0 0.761205 bobqg
3 0.19405 41
2 0.286382 0.000823
4 0.526364 0.526441
0 0.20043 bdpcw
1 0.761092
0 0.353868 zdfpw
3 0.450975 38
2 0.047597 0.000911
4 0.907688 0.907708
2 0.761532 0.000368
0 0.409316 ejobs
2 0.332042 0.000498
1 0.025918
3 0.514762 15
4 0.76107 0.761124
3 0.917862 23
0 0.801774 jposz
1 0.473715
4 0.984347 0.984412
1 0.760994
4 0.994106 0.994195
2 0.114752 0.000459
1 0.629515
1 0.759587
1 0.761642
4 0.457463 0.45753
2 0.775589 0.000562
2 0.567584 0.000909
1 0.658967
4 0.761514 0.761603
3 0.10137 36
2 0.095476 0.000177
0 0.210229 ckyrk
2 0.188263 0.000426
3 0.761494 40
1 0.251208
3 0.505252 18
1 0.164219
2 0.148808 0.000886
4 0.761456 0.761476
0 0.037085 hjmoz
0 0.682047 mgxbk
3 0.632374 13
4 0.883583 0.883666
4 0.761444 0.761522
2 0.062404 0.000416
1 0.078382
0 0.761303 csaqd
2 0.623389 0.000186
0 0.761593 yqdsc
2 0.403892 0.000729
2 0.879203 0.000782
0 0.518734 rjmxg
2 0.528317 0.000403
4 0.761323 0.76134
2 0.060864 0.000655
4 0.710204 0.710256
4 0.887624 0.887696
2 0.21377 0.000754
4 0.761472 0.761502
2 0.361089 0.000864
2 0.780311 1.4e-05
1 0.277914
4 0.552543 0.55256
0 0.760992 fynbh
3 0.427761 11
4 0.632533 0.632626
4 0.742639 0.742659
4 0.779615 0.779617
4 0.761014 0.761072
3 0.105532 34
4 0.532426 0.532505
4 0.837662 0.837706
3 0.243367 17
2 0.761735 2.2e-05
0 0.30845 ljgxr
3 0.858982 32
0 0.521428 uvjed
3 0.032744 45
3 0.761157 49
0 0.158676 ahtya
1 0.885304
1 0.888321
2 0.696119 3.8e-05
0 0.761219 begsa
2 0.211594 0.000644
3 0.289241 47
3 0.720902 46
3 0.39593 15
3 0.761618 11
2 0.735426 0.000557
3 0.369778 28
4 0.287998 0.288079
0 0.547388 himff
1 0.761569
4 0.275428 0.275467
2 0.530027 0.00071
2 0.286944 0.00099
3 0.620714 3
2 0.761708 0.000763
1 0.078888
2 0.046622 0.000722
2 0.59401 0.000437
1 0.840477
4 0.761738 0.761793
1 0.594896
3 0.178868 3
2 0.20693 0.000293
3 0.35192 18
0 0.761474 lxzgi
1 0.092711
4 0.60262 0.602694
1 0.340923
3 0.10731 28
0 0.761555 lpbxl
0 0.05814 xtoni
4 0.790469 0.790507
0 0.836558 tuyjp
3 0.366702 17
1 0.761845
3 0.283182 4
4 0.520583 0.520662
1 0.265299
1 0.258476
0 0.761635 zzltw
4 0.450655 0.450727
2 0.412629 3.8e-05
1 0.577677
3 0.429035 30
0 0.761276 mkqhe
1 0.042227
0 0.061435 kcqrg
2 0.800577 0.000744
1 0.251232
3 0.76171 7
2 0.241539 0.000752
2 0.576872 0.000562
1 0.044652
4 0.388043 0.388065
2 0.761729 6.1e-05
4 0.995316 0.995381
0 0.425242 oefab
3 0.015907 43
4 0.679769 0.679771
1 0.761702
0 0.530884 ukjei
4 0.829157 0.829193
0 0.72757 mnoix
3 0.327879 40
3 0.761228 17
2 0.458189 0.000988
1 0.854237
0 0.658805 yjdpf
4 0.392859 0.392892
3 0.761422 29
1 0.037934
2 0.026505 0.000537
0 0.870737 lzlef
0 0.299248 oizth
4 0.761521 0.761552
4 0.993624 0.993667
2 0.962733 0.000442
3 0.175764 49
3 0.377631 6
0 0.760941 tqmir
3 0.284948 45
4 0.954785 0.9548
4 0.710181 0.710253
4 0.510764 0.510815
4 0.761111 0.761165
2 0.465402 0.000418
3 0.105827 49
1 0.361437
4 0.894655 0.894685
0 0.760978 zdagy
0 0.85637 yhawh
0 0.241428 cuscy
0 0.099631 imolb
4 0.626908 0.626926
0 0.761026 raniz
0 0.858825 mordn
3 0.488424 5
1 0.759202
4 0.341048 0.341133
4 0.761225 0.761262
0 0.870929 ngycy
3 0.149709 24
0 0.391096 alwhg
4 0.009578 0.009659
0 0.760977 fngii
2 0.720828 0.000555
2 0.108109 5.3e-05
2 0.580833 0.000941
3 0.079176 2
3 0.760947 30
0 0.671035 erbvr
3 0.081678 48
2 0.112885 0.000978
3 0.950202 12
1 0.760934
1 0.967162
3 0.645171 4
4 0.2407 0.240758
2 0.345482 0.000909
2 0.761792 0.000185
4 0.844915 0.844994
0 0.332598 aqfcv
0 0.934197 kggmo
2 0.668101 0.000685
3 0.761233 33
2 0.010219 0.000293
1 0.377618
2 0.563246 0.000402
0 0.352677 rpdln
1 0.761798
3 0.589682 26
0 0.122163 vuuiu
4 0.446711 0.446773
3 0.456931 5
4 0.761793 0.7618
4 0.54445 0.544535
4 0.742257 0.742329
1 0.946612
3 0.935856 13
4 0.761537 0.761606
4 0.39533 0.395353
0 0.693656 lcbnk
0 0.627872 gvneg
4 0.200332 0.200401
3 0.761433 41
0 0.292794 pxhie
4 0.915127 0.915165
4 0.125135 0.125227
0 0.781855 zufrw
1 0.760954
4 0.83482 0.834859
3 0.494049 45
1 0.09989
0 0.86907 mtvvu
1 0.761252
2 0.658706 0.000696
2 0.956913 0.000505
3 0.368771 37
4 0.277884 0.277923
0 0.761407 uwmeg
2 0.083579 0.000242
3 0.750083 49
2 0.096649 0.000547
0 0.591054 lvyfw
4 0.761806 0.761903
2 0.994194 0.000588
0 0.071048 yktav
2 0.200662 0.000172
0 0.747863 jkddr
2 0.760963 0.000995
3 0.361969 32
4 0.393092 0.393184
1 0.771097
2 0.025809 0.000737
2 0.761003 3.2e-05
4 0.206396 0.206446
3 0.76492 12
1 0.557175
0 0.625153 eghwh
3 0.761521 7
1 0.917117
2 0.766805 0.000566
4 0.308966 0.308969
3 0.803627 9
1 0.761055
3 0.530532 27
2 0.242178 0.000654
4 0.383684 0.383769
1 0.137911
4 0.761334 0.76142
0 0.971244 ktcho
2 0.392393 0.000409
0 0.196021 zvnao
3 0.582258 20
4 0.761725 0.761793
0 0.213218 ayjxh
0 0.472862 kjcao
2 0.39901 0.00074
4 0.111383 0.111395
3 0.761292 38
3 0.245702 11
2 0.715615 0.000388
2 0.068317 0.000606
4 0.229846 0.229867
2 0.761106 0.000526
4 0.862482 0.862568
1 0.711813
0 0.165232 ejzth
0 0.996013 xisxp
3 0.761736 0
2 0.263934 0.000198
0 0.124598 lnudd
2 0.683143 0.000468
2 0.848375 0.000725
3 0.761791 43
0 0.005956 vucym
2 0.45311 1.1e-05
4 0.054804 0.054849
3 0.942719 45
3 0.760867 44
4 0.072433 0.07252
0 0.277332 epzfa
4 0.172524 0.172573
4 0.38097 0.380995
3 0.760981 40
0 0.015192 stumy
0 0.526409 tfiit
2 0.880435 0.000176
3 0.586266 35
0 0.761257 uzvqf
2 0.985582 0.000266
4 0.517126 0.517186
2 0.632929 0.000525
0 0.490306 ergxg
3 0.761038 14
2 0.931808 5.1e-05
0 0.732503 ylhzq
1 0.447663
4 0.582542 0.582587
1 0.761125
2 0.17678 0.000259
3 0.701067 10
2 0.954014 0.000665
2 0.410693 0.000207
3 0.761215 34
0 0.33987 ptuog
3 0.49595 25
2 0.254895 0.000738
2 0.475524 0.00068
0 0.761777 zrmer
3 0.467558 20
1 0.723813
4 0.97559 0.97559
2 0.782686 0.000139
4 0.76153 0.761562
1 0.081407
4 0.581819 0.581917
4 0.057343 0.057421
4 0.568479 0.568486
0 0.761313 aykmo
3 0.606044 49
0 0.499296 lbpwh
4 0.894029 0.89405
4 0.587606 0.587646
2 0.761083 0.000257
1 0.859714
0 0.053541 htzwh
3 0.519741 21
4 0.057293 0.057305
1 0.761136
3 0.621202 38
0 0.031583 tnzkx
1 0.133638
0 0.304757 ayedr
3 0.761131 7
4 0.914256 0.914354
2 0.051368 0.000634
4 0.199009 0.199019
3 0.671799 5
1 0.761829
1 0.639065
4 0.732269 0.732272
4 0.553379 0.553439
4 0.428029 0.428086
4 0.761733 0.761802
4 0.784454 0.784479
2 0.195669 0.000546
2 0.530588 0.000555
2 0.003061 0.000354
2 0.760864 0.000583
0 0.802081 qjoph
2 0.418389 0.000745
1 0.943323
0 0.982191 raxwk
3 0.761534 6
1 0.862633
2 0.473877 0.000587
2 0.636893 0.000522
2 0.955326 0.000843
4 0.761356 0.761361
1 0.003898
3 0.488017 23
3 0.98656 16
0 0.78591 xqexe
0 0.761408 rfbka
3 0.118896 23
1 0.729437
2 0.166724 0.000343
1 0.686974
1 0.761396
1 0.414579
1 0.618283
1 0.425254
2 0.497769 0.000406
4 0.761281 0.761292
1 0.784985
2 0.092254 0.000134
0 0.21115 uaydv
3 0.105899 4
1 0.761602
4 0.464849 0.464869
3 0.698042 24
2 0.195811 0.000132
4 0.03282 0.032885
2 0.76175 0.00051
2 0.749036 9.7e-05
0 0.943997 rjuop
0 0.849987 wcyxu
4 0.42238 0.422388
4 0.760968 0.760989
4 0.690292 0.690331
1 0.911675
1 0.399006
4 0.75193 0.751934
4 0.761205 0.761237
0 0.447138 ytdzz
4 0.198664 0.198719
1 0.137396
3 0.814375 11
0 0.761658 zydfp
0 0.030419 wettt
3 0.909718 18
0 0.447689 ttlxq
2 0.049155 6.3e-05
1 0.760873
3 0.992331 35
1 0.129122
4 0.684965 0.684968
2 0.715384 0.000718
3 0.761109 14
3 0.624979 34
0 0.58902 notsu
2 0.320107 0.000157
0 0.216342 gltjy
0 0.761442 bdwgd
0 0.449582 cabgv
1 0.882896
0 0.537031 pohim
0 0.723002 fyfyn
2 0.761579 0.000425
4 0.164061 0.164108
1 0.664352
1 0.283493
2 0.167243 0.000807
1 0.761552
4 0.884207 0.884263
0 0.146772 nulak
0 0.950945 yuern
2 0.41387 0.000413
4 0.760965 0.761043
4 0.35418 0.354201
3 0.087728 49
4 0.300837 0.300846
1 0.148304
1 0.76143
3 0.358691 5
3 0.825988 45
2 0.079108 0.000811
4 0.241006 0.241039
4 0.761772 0.761809
0 0.916308 vdhrt
3 0.787787 12
1 0.936091
0 0.882783 xbmio
0 0.761733 djhzj
3 0.466284 49
2 0.926316 0.000907
1 0.45127
2 0.67477 2.5e-05
0 0.761637 hksrg
0 0.08559 entak
3 0.497378 47
4 0.946053 0.946065
0 0.831652 lvtjs
4 0.761762 0.761853
2 0.319055 0.00062
3 0.813389 34
2 0.607026 0.000974
3 0.122095 32
2 0.761613 0.000875
0 0.196431 ppsvp
4 0.293845 0.29391
0 0.394219 vaqyt
2 0.643713 0.000952
1 0.761827
3 0.310918 26
2 0.663415 0.000179
2 0.513291 0.000929
3 0.825572 44
2 0.761772 0.000908
0 0.587941 skkbm
0 0.299517 wlwna
1 0.509478
2 0.439579 0.000455
3 0.761397 11
2 0.552074 0.000533
4 0.131982 0.13202
0 0.88689 fobtn
0 0.983794 tflvr
3 0.761336 26
1 0.288419
3 0.289861 27
4 0.954822 0.954838
3 0.961707 0
0 0.761708 nuvxr
4 0.562567 0.562615
4 0.401432 0.401493
4 0.141119 0.141178
3 0.989959 37
1 0.76097
3 0.179907 6
2 0.632124 0.000364
2 0.197376 5e-06
0 0.032237 tuaga
2 0.761183 0.000903
4 0.575796 0.575868
0 0.591007 jlgfg
3 0.891298 33
4 0.152136 0.152145
4 0.760933 0.761029
0 0.809674 hkxmo
1 0.857075
1 0.515871
4 0.081089 0.081184
0 0.761425 azwro
1 0.724732
3 0.502999 43
2 0.394032 0.000879
0 0.994764 vgolj
0 0.761581 maijw
4 0.676119 0.676164
1 0.957662
0 0.394521 mjppe
4 0.851946 0.85195
0 0.761216 buadn
2 0.885124 2.4e-05
1 0.363598
1 0.024236
3 0.124548 5
1 0.761217
1 0.620442
3 0.612947 48
0 0.002519 jhdtf
3 0.166316 19
0 0.76116 hkcvo
4 0.065736 0.065771
2 0.282443 0.000151
4 0.973165 0.973242
1 0.084365
4 0.76163 0.761725
3 0.215145 18
4 0.794181 0.794194
3 0.398202 8
0 0.913514 fncwd
1 0.761703
1 0.219225
1 0.458625
2 0.332884 0.000221
2 0.41306 0.000218
4 0.760861 0.760896
1 0.47159
1 0.863292
3 0.94077 0
3 0.370636 43
3 0.761285 42
1 0.759867
2 0.227547 0.000444
1 0.202524
2 0.78919 0.000746
4 0.761164 0.761248
0 0.652329 vdpfn
4 0.245909 0.24594
0 0.132897 mmbwl
3 0.263231 40
1 0.761296
2 0.479214 0.00099
0 0.992861 jnrry
3 0.220292 2
4 0.211573 0.211582
0 0.761582 romfn
1 0.177867
3 0.974468 28
3 0.311916 16
4 0.954906 0.954957
2 0.761053 0.000834
1 0.212888
4 0.17815 0.178192
3 0.389723 1
3 0.780479 37
2 0.760969 6e-06
0 0.5568 nqudy
4 0.14697 0.147045
2 0.011174 0.000513
3 0.465379 47
1 0.761702
1 0.806461
4 0.222081 0.222094
0 0.002561 ceaza
3 0.784276 38
4 0.76134 0.76137
2 0.342815 0.000406
0 0.353989 kmitp
4 0.352824 0.352874
2 0.621996 0.000932
0 0.761693 uctsw
4 0.732272 0.732286
1 0.08052
2 0.478073 1e-05
2 0.300479 0.000647
3 0.76113 35
1 0.098126
1 0.260897
4 0.287078 0.287171
1 0.243596
4 0.760964 0.761019
4 0.39576 0.395841
0 0.128032 dpuxy
4 0.992929 0.992967
1 0.528092
4 0.761527 0.761589
4 0.865605 0.865664
3 0.669035 3
1 0.912631
4 0.250074 0.250121
1 0.761707
3 0.676448 43
1 0.053481
3 0.959091 38
4 0.95202 0.952047
1 0.761416
4 0.944495 0.944577
3 0.326452 43
4 0.995487 0.995585
2 0.424471 0.000898
4 0.761804 0.761858
0 0.021544 fmkds
3 0.517624 38
0 0.614503 owprm
2 0.08099 0.000458
1 0.761146
4 0.533771 0.53384
4 0.48972 0.489759
1 0.368826
4 0.152852 0.152881
0 0.760913 ekdkc
2 0.103824 0.000319
2 0.568264 0.000678
0 0.165607 wwfbk
1 0.993555
4 0.761095 0.761185
3 0.417016 44
4 0.746163 0.746242
1 0.789484
2 0.927364 0.000392
0 0.761065 cblgp
2 0.77109 0.000401
3 0.931876 35
4 0.441784 0.441853
1 0.602031
1 0.761247
1 0.9697
3 0.331137 23
2 0.096229 0.000387
1 0.489129
4 0.760901 0.760988
4 0.186654 0.186709
1 0.957744
1 0.483634
1 0.761943
1 0.761661
2 0.933436 0.000724
0 0.985187 fckmg
4 0.317249 0.317291
1 0.322731
3 0.761632 30
0 0.19379 irryl
3 0.274937 31
0 0.93075 qjapb
4 0.762127 0.76217
4 0.76134 0.76137
2 0.202785 0.000413
0 0.154087 ceirx
0 0.391875 uvlru
0 0.625969 hhjrw
3 0.761484 39
2 0.183481 0.00062
4 0.386266 0.386299
2 0.056705 0.000583
3 0.892992 25
1 0.76135
3 0.071053 37
2 0.120428 0.000237
3 0.778766 42
1 0.654151
0 0.760864 mliko
2 0.832023 6.1e-05
4 0.405081 0.405125
4 0.298073 0.298092
1 0.529185
1 0.761439
0 0.905734 pdctp
3 0.186288 27
0 0.510657 xsnlh
2 0.257585 0.000558
4 0.761403 0.761451
4 0.555826 0.5559
2 0.1356 0.000171
3 0.07561 5
2 0.76321 0.000697
4 0.760896 0.76096
0 0.024165 jmwpz
0 0.842068 gvftp
2 0.444691 0.000127
2 0.450968 0.000727
0 0.761185 flrns
4 0.551679 0.551746
1 0.575844
1 0.517117
2 0.903991 0.000112
2 0.760893 0.000763
3 0.320645 13
1 0.765336
0 0.79442 lattc
2 0.789271 0.000154
3 0.761353 38
3 0.837837 34
1 0.354954
4 0.661378 0.661396
3 0.440141 14
1 0.761309
0 0.787398 zfcdd
2 0.463001 0.000632
4 0.768624 0.76871
4 0.932698 0.93279
4 0.761329 0.76141
0 0.353435 dihio
4 0.272042 0.272075
0 0.243607 kzedv
4 0.481872 0.481909
1 0.760909
0 0.746723 zxjof
0 0.354737 hhxwa
0 0.315297 hklmj
4 0.55646 0.556485
0 0.761797 tkolv
3 0.78281 37
2 0.797569 0.000574
0 0.152306 iszzi
2 0.670921 0.000247
3 0.761841 15
4 0.378454 0.378496
0 0.656006 qbbgl
0 0.703006 pxjgi
1 0.136979
0 0.761282 pseyp
4 0.080471 0.080482
4 0.835582 0.835647
1 0.358189
1 0.30194
1 0.760951
2 0.439667 0.00011
1 0.080322
1 0.857098
3 0.591667 27
3 0.761712 30
0 0.368808 bxjgm
4 0.862858 0.862894
2 0.221047 0.000207
2 0.567481 0.000511
1 0.761027
1 0.674281
3 0.763487 29
1 0.871506
4 0.113236 0.113314
3 0.761269 33
4 0.967081 0.967163
4 0.8296 0.829686
2 0.727136 0.000339
2 0.315695 0.000683
0 0.761627 wzpti
1 0.769903
3 0.741034 14
2 0.549013 0.000737
3 0.793786 22
2 0.761252 0.000519
4 0.958043 0.958066
0 0.684382 sabmx
2 0.816202 0.00065
1 0.054726
2 0.761477 0.000643
4 0.152693 0.152723
4 0.743782 0.743865
0 0.483056 mbsxy
0 0.418902 ppglb
2 0.761052 0.000345
0 0.231442 vmziz
4 0.074097 0.074172
3 0.817879 11
4 0.817287 0.817306
3 0.761546 32
0 0.969952 pxmaf
0 0.671285 jifkv
2 0.487759 9.7e-05
0 0.117418 zlwck
3 0.7615 13
1 0.915702
0 0.487766 mpbpd
2 0.384714 0.000283
2 0.498336 0.00043
2 0.761175 0.000983
3 0.421674 4
2 0.154345 0.000998
2 0.092178 0.000668
4 0.973183 0.973214
1 0.761527
4 0.290892 0.290944
0 0.57133 xzgje
3 0.261667 11
4 0.660346 0.660392
3 0.7611 15
3 0.62725 15
1 0.77927
4 0.334431 0.334485
2 0.223317 0.000533
4 0.760985 0.761076
1 0.991739
1 0.59064
1 0.928195
3 0.700995 8
2 0.761705 0.000432
4 0.036109 0.036207
2 0.179712 0.000765
1 0.958982
1 0.408112
1 0.761629
4 0.12508 0.125123
1 0.266071
1 0.621597
0 0.887226 ggnhp
4 0.761643 0.761714
3 0.886904 21
3 0.066616 38
1 0.025599
0 0.34261 tzsnf
2 0.76117 2.5e-05
0 0.646002 bjesu
3 0.055994 27
3 0.957218 7
2 0.989491 0.000922
1 0.760916
2 0.89121 0.000679
4 0.014381 0.014404
0 0.262632 gnwdu
4 0.453491 0.453501
4 0.761021 0.761028
1 0.546302
2 0.833259 0.00076
1 0.822751
2 0.552077 0.000281
1 0.761691
2 0.908791 0.000224
2 0.935226 0.000208
1 0.002381
4 0.727658 0.727707
3 0.76136 14
2 0.540685 0.000773
0 0.60334 zrowb
2 0.725466 0.000586
0 0.018683 onwvj
2 0.761547 0.000786
1 0.431358
0 0.405607 vvlto
0 0.039999 xdpep
1 0.077411
3 0.761497 31
3 0.652668 7
0 0.680597 nxchz
1 0.007085
1 0.977218
4 0.761827 0.761848
1 0.696331
0 0.978549 xtoba
3 0.708835 40
1 0.329061
0 0.761491 pcrsz
2 0.241916 0.000616
0 0.219135 agunx
0 0.053825 djiit
0 0.765138 sfntg
2 0.761005 0.000654
1 0.079067
0 0.882478 zhsae
4 0.415585 0.415666
2 0.987383 0.000758
4 0.761311 0.761385
3 0.84481 14
1 0.74145
0 0.105368 tlbvs
2 0.182275 2.9e-05
2 0.761031 0.000657
0 0.45219 iktxa
0 0.109168 nbahd
3 0.1403 7
1 0.245668
2 0.760849 0.000567
1 0.97409
2 0.837042 0.000657
3 0.691225 14
0 0.143415 vmkkc
3 0.760864 15
1 0.90027
3 0.081312 22
0 0.92594 hfjmg
0 0.671033 pcwkl
3 0.761004 40
3 0.625695 29
1 0.770115
1 0.803515
1 0.352839
2 0.761351 5.9e-05
1 0.392795
1 0.299326
3 0.309296 35
3 0.980329 36
3 0.76119 27
4 0.292385 0.292419
1 0.333279
1 0.56965
2 0.055196 0.000536
4 0.761576 0.761657
3 0.994231 42
0 0.387027 gpoer
2 0.506522 0.000372
0 0.643245 poqfj
1 0.760992
3 0.697861 40
0 0.788857 alvrg
3 0.168025 25
1 0.544376
4 0.76141 0.761427
2 0.014934 0.000564
4 0.316001 0.31609
4 0.909454 0.909506
2 0.352537 9.6e-05
0 0.761637 llrqs
4 0.254766 0.2548
2 0.886991 0.000567
0 0.400501 sjioa
4 0.564385 0.564453
1 0.761522
3 0.334875 11
2 0.435293 0.000962
1 0.226597
2 0.270877 0.000165
1 0.761779
2 0.222135 0.000274
0 0.342505 ofrdx
3 0.756632 47
1 0.312408
1 0.761336
3 0.958113 17
1 0.121427
3 0.573424 1
2 0.325941 0.000574
1 0.76143
3 0.227498 9
1 0.038626
3 0.98584 23
0 0.317848 fjyvh
3 0.760927 44
3 0.215257 23
4 0.305033 0.305058
1 0.630974
4 0.546579 0.546629
3 0.761249 42
4 0.779379 0.779399
1 0.047102
2 0.819865 0.00081
2 0.804293 0.000277
4 0.761433 0.761463
3 0.783911 38
1 0.375572
3 0.076568 45
3 0.85542 25
0 0.760998 cwmqb
2 0.942285 0.000331
4 0.046447 0.046532
3 0.520076 36
4 0.837662 0.837729
2 0.760855 0.00054
2 0.67318 0.000461
2 0.56768 0.000881
4 0.942731 0.942765
4 0.542182 0.542264
0 0.761451 lnioq
1 0.734254
1 0.274859
3 0.783835 26
2 0.92176 8.5e-05
3 0.761114 36
2 0.441946 0.000567
3 0.384677 3
3 0.443212 38
0 0.880577 urhgj
2 0.761834 0.000145
4 0.64807 0.648103
1 0.125754
0 0.537971 rdhbn
3 0.556232 32
2 0.761075 0.000129
1 0.635068
1 0.153617
0 0.371933 xansw
0 0.353205 pvxcd
2 0.761788 0.000356
0 0.951251 juejs
3 0.611643 41
1 0.239702
3 0.852832 35
4 0.761093 0.761145
3 0.393352 7
4 0.016792 0.016845
0 0.494677 rmiby
1 0.887425
2 0.761787 0.000575
1 0.879582
1 0.756102
4 0.890726 0.890812
2 0.368032 0.000953
2 0.760936 0.000869
4 0.675763 0.675776
2 0.331435 0.00069
2 0.724732 1.2e-05
2 0.211319 0.000234
2 0.761089 0.000311
4 0.742262 0.742356
3 0.014717 30
4 0.656355 0.656357
4 0.132308 0.132327
0 0.761388 lsxgr
1 0.748487
1 0.562608
0 0.21835 bkade
4 0.67505 0.675115
2 0.761743 0.000728
0 0.27305 qtbbl
4 0.965216 0.965308
4 0.053937 0.054028
0 0.802424 mbhge
1 0.760906
2 0.822403 0.000461
4 0.681825 0.681905
1 0.279554
0 0.252856 famnf
4 0.761264 0.761327
1 0.901759
1 0.334102
2 0.069607 0.000314
2 0.888229 3.7e-05
1 0.761079
0 0.582453 zixfk
3 0.767509 27
4 0.148439 0.148536
2 0.822983 0.000386
0 0.760912 cnhjt
3 0.295876 18
0 0.664944 jlmzm
4 0.5683 0.568347
0 0.311093 krpam
2 0.76103 0.000964
4 0.002247 0.002346
3 0.478414 20
0 0.859599 fbjrq
4 0.003509 0.003551
1 0.76139
3 0.132141 38
2 0.700235 0.000417
4 0.433679 0.433685
0 0.293862 ounib
0 0.761037 snorc
3 0.482921 48
2 0.348142 2.1e-05
0 0.038962 nonem
4 0.320781 0.320819
1 0.761309
2 0.943456 0.000235
1 0.750683
0 0.660591 yolgz
0 0.829077 cwjsg
4 0.761042 0.761115
3 0.183174 39
2 0.796412 0.00076
2 0.463225 0.000367
4 0.08346 0.083529
4 0.76156 0.761589
4 0.031413 0.031498
3 0.355848 15
4 0.677611 0.677697
0 0.470595 bkcaa
1 0.761161
0 0.468948 jshtu
3 0.210848 10
2 0.342477 0.000729
1 0.336614
3 0.761677 9
2 0.676616 0.000591
3 0.442288 21
3 0.747034 2
1 0.939222
0 0.76137 lyxae
0 0.475284 oftgc
1 0.892588
2 0.830557 0.000449
4 0.507173 0.507213
4 0.761662 0.761746
3 0.285916 15
2 0.520332 0.000526
1 0.804392
2 0.221838 0.000828
3 0.760961 22
4 0.878226 0.878323
2 0.548954 3.8e-05
1 0.379512
4 0.695522 0.695607
2 0.761347 4.6e-05
1 0.0817
2 0.511744 0.000122
1 0.26827
1 0.113038
0 0.761715 dnyhv
3 0.152016 46
3 0.096054 22
2 0.532894 0.000147
2 0.954126 3.9e-05
4 0.761315 0.761381
1 0.018563
3 0.037133 36
1 0.150171
1 0.15882
0 0.761501 jtdzo
4 0.880794 0.880832
4 0.446171 0.446203
1 0.414585
0 0.920502 srbqz
0 0.760953 mwtvh
4 0.693522 0.693569
2 0.418337 0.00054
3 0.295168 30
4 0.784406 0.784502
0 0.761155 chhkf
2 0.761298 0.000311
4 0.633908 0.633924
2 0.551378 4.5e-05
1 0.660372
2 0.760867 0.000159
2 0.25856 0.000182
3 0.786792 1
1 0.019988
3 0.090797 47
2 0.761656 0.000153
0 0.452642 pccze
1 0.028442
2 0.663625 0.000814
4 0.900915 0.900949
3 0.761242 27
3 0.953186 28
4 0.489526 0.489599
1 0.392173
0 0.8541 npajz
3 0.761567 12
1 0.209514
1 0.012171
3 0.405265 38
4 0.62601 0.626043
0 0.761224 ukwnm
4 0.356497 0.356535
4 0.97083 0.970919
1 0.037806
1 0.060759
0 0.761822 iizjd
1 0.089355
1 0.345633
3 0.176837 21
2 0.651635 0.000138
3 0.761579 19
2 0.952669 4.4e-05
3 0.80881 12
1 0.852606
2 0.280293 0.000825
1 0.761055
3 0.587955 19
1 0.67731
0 0.46306 wadoh
1 0.952863
0 0.761582 vvoxp
3 0.455525 41
0 0.735819 mkmdj
3 0.381647 45
4 0.430492 0.430547
2 0.761586 0.000947
2 0.282859 0.000162
2 0.002064 0.000896
3 0.190289 27
3 0.670973 22
3 0.761737 44
0 0.578354 yyudg
2 0.617542 0.000655
4 0.364721 0.364803
2 0.56402 0.000731
4 0.761758 0.761848
0 0.767528 dskxf
2 0.197723 0.00092
1 0.194508
4 0.013449 0.013521
2 0.761682 0.000566
4 0.924489 0.92458
2 0.443023 0.000153
2 0.527754 0.000879
1 0.221016
4 0.761745 0.761746
1 0.337475
0 0.008659 twuyl
1 0.797275
3 0.032455 42
2 0.761751 0.000437
3 0.051737 10
3 0.816239 17
0 0.813275 scnnt
4 0.246308 0.246386
1 0.761806
3 0.204411 47
4 0.518038 0.518098
0 0.533532 uphvq
4 0.404357 0.404441
3 0.761182 40
2 0.917754 0.000484
4 0.847626 0.847631
4 0.333356 0.333442
0 0.056315 crydx
0 0.761472 xksbt
3 0.863589 47
4 0.450866 0.450898
1 0.442078
3 0.10663 22
1 0.761675
3 0.741774 19
3 0.439026 24
2 0.351149 0.000966
4 0.994247 0.99429
2 0.760907 0.000344
4 0.085347 0.085381
3 0.564103 0
2 0.62525 0.00023
0 0.73188 wduza
0 0.76146 lsufz
1 0.298969
0 0.63946 zwplv
1 0.624286
2 0.921243 7.9e-05
2 0.761609 0.000185
2 0.62396 0.000605
4 0.699032 0.699032
3 0.041996 25
0 0.863863 moxkv
4 0.761126 0.761202
0 0.718877 xeped
2 0.479987 0.000244
2 0.186165 0.000205
2 0.235226 0.000589
0 0.761434 wgnki
3 0.87312 46
4 0.214256 0.214282
1 0.723373
3 0.350375 25
3 0.761756 17
2 0.689153 0.000236
2 0.36771 0.000558
0 0.745299 ggjuv
3 0.089938 12
3 0.761458 28
1 0.160437
1 0.41704
0 0.046861 msrvb
4 0.630231 0.630309
3 0.760937 44
4 0.249474 0.24953
2 0.045764 0.0005
0 0.135702 perzo
1 0.553961
0 0.761302 levtm
2 0.666381 0.00065
2 0.213404 0.000943
3 0.6404 37
0 0.179008 vswmd
4 0.76175 0.761849
4 0.322033 0.322093
4 0.080557 0.080571
2 0.112898 0.000296
4 0.086317 0.086337
0 0.76137 vbuin
3 0.185948 23
2 0.631808 0.000917
1 0.193583
2 0.086765 0.000234
1 0.761694
2 0.005708 0.000561
4 0.634958 0.634967
1 0.237627
4 0.826878 0.826924
3 0.761408 21
2 0.019061 0.000909
2 0.620984 0.000632
2 0.061253 0.000143
2 0.798435 0.000261
1 0.76126
3 0.841228 22
1 0.577275
0 0.332955 nfslp
4 0.304019 0.304086
1 0.761176
0 0.439737 qiksj
2 0.238706 0.000459
0 0.066537 avyyl
0 0.034125 xnwsv
3 0.761288 10
3 0.26952 40
0 0.709257 teobt
3 0.923182 4
3 0.506071 25
2 0.761168 0.000523
1 0.185797
0 0.765754 rsiwh
3 0.287488 1
4 0.669028 0.669072
3 0.761637 12
4 0.151732 0.151817
3 0.722486 4
1 0.547463
3 0.538913 33
1 0.76178
3 0.785306 17
3 0.979482 45
1 0.938802
3 0.518145 41
3 0.76159 1
3 0.760004 17
2 0.414442 0.000467
3 0.746348 41
1 0.066201
4 0.761777 0.761832
0 0.522065 orlpp
1 0.80195
2 0.152763 0.000593
2 0.167304 0.000335
1 0.76154
3 0.917696 34
3 0.607596 34
4 0.844959 0.844994
0 0.265105 zxxjk
4 0.761298 0.761374
0 0.0624 dmuyp
1 0.012294
4 0.491725 0.491734
1 0.774211
4 0.760893 0.760911
4 0.414432 0.414432
4 0.408749 0.408787
2 0.441482 0.000241
3 0.773339 41
2 0.761292 0.000447
4 0.46979 0.469835
4 0.093471 0.093562
4 0.585197 0.58525
2 0.87576 0.000697
1 0.761216
0 0.093238 aybfk
2 0.157551 0.000549
1 0.016595
3 0.489327 39
1 0.761677
3 0.559383 2
0 0.523564 kiptv
1 0.19012
2 0.788972 0.000358
0 0.760898 qpshb
0 0.244734 ndrkk
1 0.470543
0 0.640958 hyyqd
1 0.174797
3 0.761549 2
4 0.258626 0.258659
1 0.329214
4 0.873578 0.873631
4 0.417315 0.417354
0 0.761412 zdizr
0 0.377518 qzhis
3 0.496707 14
1 0.693409
1 0.379608
4 0.761022 0.76107
3 0.782527 25
3 0.100966 15
3 0.11853 13
2 0.275752 4e-06
1 0.76137
4 0.664977 0.664982
1 0.527495
0 0.709338 fpkfu
4 0.232612 0.232613
0 0.761128 zvgcq
3 0.8489 35
0 0.317904 hilss
1 0.273311
2 0.564422 0.000649
4 0.761597 0.761631
3 0.605296 48
1 0.626391
1 0.935301
3 0.584569 47
0 0.760875 xrzdt
1 0.986736
0 0.645213 udogl
3 0.317336 27
4 0.760956 0.760979
4 0.761814 0.761826
0 0.827829 yxclp
1 0.875662
0 0.228288 rhtqa
0 0.241594 pgklh
4 0.761389 0.761464
1 0.11787
3 0.346853 0
0 0.050835 obmrd
2 0.648752 0.000376
2 0.761601 0.000674
4 0.371003 0.371071
4 0.5769 0.57694
0 0.616485 sbcfa
0 0.892312 zfxwq
4 0.761618 0.761702
4 0.573874 0.573935
1 0.503865
1 0.425678
4 0.604122 0.604168
0 0.761187 oknke
2 0.213538 0.000543
1 0.041646
0 0.605254 rxqrd
0 0.369673 srfiu
0 0.761836 hencr
2 0.985423 0.000323
4 0.212277 0.212338
4 0.331444 0.331504
0 0.936698 gyanz
2 0.76127 0.000335
2 0.183465 0.000554
4 0.439519 0.439613
2 0.755384 0.000609
0 0.066071 riyhw
2 0.761185 0.000819
4 0.755387 0.75546
2 0.893239 0.000405
2 0.245827 0.000215
4 0.603514 0.603516
2 0.761096 0.000931
3 0.561096 17
4 0.334288 0.334378
3 0.092903 36
1 0.580148
1 0.761685
0 0.816432 imtmy
1 0.809643
3 0.183478 9
3 0.70089 28
1 0.761741
2 0.402841 0.000817
2 0.213931 0.00063
3 0.166768 3
1 0.550564
1 0.761379
3 0.063122 22
2 0.626938 0.000818
1 0.952933
3 0.383504 43
1 0.761221
3 0.774919 16
2 0.694112 0.000435
0 0.424396 tlaha
0 0.700322 luhjt
0 0.761453 bivqo
0 0.233228 xyhgi
2 0.323915 0.000882
0 0.666333 mcrqh
2 0.661828 0.000271
0 0.761555 ozgwl
3 0.997793 49
1 0.747373
1 0.683806
2 0.117343 0.000451
1 0.761181
1 0.623944
0 0.433072 jvulb
4 0.343314 0.343337
3 0.975999 37
4 0.761446 0.761479
0 0.753247 gnhuh
4 0.087489 0.087578
0 0.470174 zidyz
0 0.420594 eswbu
0 0.761313 wovhf
3 0.310109 48
4 0.196146 0.196197
3 0.799987 42
4 0.270162 0.270239
1 0.761187
2 0.750381 0.000934
1 0.686086
4 0.46091 0.460924
0 0.205416 nxfzb
2 0.761234 0.000952
4 0.657532 0.657587
4 0.973872 0.973919
3 0.760386 27
4 0.109087 0.109155
2 0.76115 0.00069
1 0.883539
2 0.85702 0.000141
0 0.276303 wpasa
2 0.102851 0.00011
1 0.761414
1 0.250607
3 0.408171 43
2 0.014838 8e-05
1 0.437772
2 0.761662 0.000158
1 0.711118
0 0.784849 qjzqr
4 0.550949 0.550998
2 0.731059 0.000997
0 0.761358 xqyjs
2 0.25953 0.000996
4 0.271783 0.271797
3 0.862293 20
1 0.826176
0 0.76121 vsqob
4 0.628025 0.628044
2 0.47317 0.000896
2 0.568923 0.000287
1 0.192021
3 0.761751 21
2 0.239686 0.000635
2 0.10198 0.000806
1 0.928156
3 0.186963 18
4 0.760916 0.760923
0 0.706468 zxtor
4 0.68573 0.68577
1 0.394103
0 0.900231 ctfdj
3 0.761828 4
1 0.12051
0 0.659051 dlakg
0 0.153994 ptcrs
0 0.789929 tnbkr
4 0.761832 0.76184
4 0.01801 0.018099
4 0.682543 0.682594
1 0.857947
3 0.341707 19
0 0.761207 npysl
3 0.820692 47
0 0.654976 sktwe
0 0.373486 nlpzm
1 0.892702
0 0.761609 vguhb
0 0.479158 fyvck
3 0.390344 41
0 0.757963 jrbuv
3 0.870187 20
1 0.760873
1 0.329606
3 0.65354 8
0 0.84983 bbyxr
2 0.872864 0.000818
2 0.761357 0.000133
4 0.309382 0.309443
0 0.557741 lfkvk
0 0.111138 lhopu
2 0.134869 0.000338
0 0.761033 yflwz
2 0.578242 0.000667
1 0.887624
4 0.514633 0.514698
4 0.697368 0.697414
2 0.761344 0.00057
4 0.911305 0.911404
3 0.316472 18
2 0.46081 0.00071
2 0.775348 0.000273
4 0.761502 0.761521
1 0.052248
3 0.950549 24
2 0.465182 0.000589
4 0.678903 0.67899
1 0.761284
4 0.246212 0.246253
3 0.630655 16
3 0.66632 26
3 0.165842 26
1 0.761026
2 0.486898 0.000241
0 0.037536 lbkcv
0 0.584228 yflov
1 0.688886
2 0.7613 0.00012
4 0.257181 0.257274
3 0.305257 41
2 0.348787 0.000143
0 0.322029 rpofl
2 0.760988 7.8e-05
4 0.158658 0.158677
2 0.164371 0.000772
0 0.20418 hqrqp
3 0.511138 18
0 0.761204 kxrdl
2 0.038752 0.000627
1 0.013041
2 0.495836 0.000335
0 0.027655 vcmms
1 0.76183
1 0.808189
0 0.301314 cboqd
4 0.644202 0.644291
1 0.188111
3 0.761718 35
0 0.411706 xlkjs
2 0.508249 7.8e-05
3 0.543479 12
4 0.86802 0.868065
0 0.761267 npltw
3 0.035533 13
2 0.906941 0.000483
4 0.972469 0.97251
3 0.35807 3
2 0.761245 2.1e-05
2 0.149053 0.000852
4 0.732532 0.732604
1 0.133678
4 0.142031 0.142061
1 0.760981
2 0.807379 0.000666
0 0.916293 grysm
2 0.290851 4.7e-05
0 0.068022 cecnd
1 0.761236
4 0.272412 0.272454
0 0.658794 raeyz
1 0.261965
0 0.624906 juvkm
3 0.761669 13
4 0.228485 0.228574
4 0.304001 0.304033
4 0.350741 0.350828
3 0.639484 24
3 0.761468 28
2 0.215447 0.000574
0 0.686919 jmhpr
2 0.568411 0.00073
0 0.517676 odvbr
3 0.761418 37
3 0.661054 11
1 0.546285
4 0.162716 0.162731
1 0.66729
0 0.760971 digkx
2 0.462126 0.000646
0 0.307765 iormx
3 0.266872 37
3 0.927926 49
1 0.761031
2 0.402278 0.000816
3 0.941388 21
3 0.098461 10
4 0.434857 0.434924
3 0.761413 43
1 0.949039
1 0.967912
1 0.810296
3 0.461213 36
1 0.761685
3 0.896054 22
0 0.814685 yyzic
0 0.043174 ksrqv
4 0.897441 0.897471
3 0.760942 41
3 0.777652 6
4 0.708244 0.708291
3 0.538957 3
0 0.948859 nwinw
1 0.761813
3 0.803595 9
1 0.022676
3 0.078903 8
3 0.442842 2
4 0.761453 0.761468
1 0.873201
4 0.822419 0.822429
4 0.528056 0.528125
0 0.883234 vjbiz
3 0.760972 4
4 0.775152 0.775176
4 0.73801 0.738102
4 0.125315 0.125318
1 0.77392
3 0.760969 34
2 0.091983 0.000603
1 0.969352
3 0.171915 14
4 0.421292 0.421347
3 0.761656 45
4 0.837275 0.837372
3 0.063996 10
2 0.73356 0.000775
0 0.052907 uuwiz
1 0.761766
2 0.222855 0.000883
2 0.191171 0.000175
2 0.463327 0.000995
2 0.185487 0.00094
4 0.761238 0.761257
3 0.22785 29
0 0.935625 ukqwb
2 0.662186 0.000483
0 0.259456 mfiac
2 0.761601 0.000862
1 0.44424
0 0.902232 hgizz
3 0.988545 20
2 0.92718 4.4e-05
4 0.761084 0.761165
1 0.021931
4 0.293014 0.293047
4 0.743599 0.743606
3 0.860513 12
1 0.761101
1 0.109624
2 0.347963 0.000128
2 0.540358 6.1e-05
4 0.18473 0.184765
4 0.761378 0.761416
2 0.096563 0.000599
0 0.066052 isayl
2 0.517077 0.00075
0 0.240821 obnbb
3 0.761484 36
1 0.957718
1 0.118792
4 0.578903 0.578933
1 0.675466
2 0.761719 0.000547
2 0.632457 0.000464
0 0.553091 marix
0 0.498159 txwjn
0 0.839632 hmsia
2 0.761662 0.000341
0 0.298037 maoey
0 0.943598 fjykv
2 0.580296 0.000406
1 0.493047
3 0.760879 9
1 0.807456
2 0.040418 0.000215
4 0.080584 0.08064
4 0.378621 0.378717
4 0.761349 0.761437
0 0.056099 kkndb
0 0.284505 jkgka
1 0.858101
1 0.466744
3 0.761807 24
1 0.861867
1 0.294874
0 0.30684 jhmwm
3 0.82543 31
1 0.761166
1 0.892905
4 0.193556 0.193603
4 0.852844 0.852845
2 0.319588 0.000344
4 0.760919 0.760976
1 0.814917
1 0.584781
2 0.720325 0.00065
2 0.698776 0.000969
2 0.7609 0.000674
1 0.730723
2 0.533753 0.000537
0 0.599901 hemdp
3 0.65087 16
4 0.760882 0.760968
1 0.565168
0 0.276288 uprti
2 0.230544 0.00079
0 0.961267 onyji
0 0.761476 pyras
3 0.038904 7
0 0.078515 xpnch
0 0.470337 kofws
0 0.918894 ammmw
2 0.761246 0.000691
4 0.259322 0.259386
2 0.298226 2.4e-05
4 0.893093 0.893192
4 0.280601 0.280698
3 0.761082 47
3 0.794467 24
4 0.489319 0.489389
1 0.096327
0 0.714193 zdqrj
4 0.760865 0.760903
4 0.677393 0.677491
3 0.902445 42
4 0.009342 0.009399
4 0.102928 0.102935
2 0.761331 0.000599
1 0.955153
0 0.515745 mbluk
2 0.805138 0.000124
3 0.906508 15
3 0.760961 33
1 0.304757
4 0.01204 0.012106
3 0.63132 23
3 0.045067 6
2 0.761658 0.000387
3 0.832638 8
4 0.544923 0.544941
1 0.866414
0 0.039885 pzmcm
3 0.76148 39
1 0.37645
2 0.551939 0.000624
0 0.113358 kiqgi
4 0.408432 0.408442
3 0.761028 29
2 0.724575 0.000966
1 0.646985
1 0.531275
0 0.068851 pmqkn
0 0.761119 dfflw
3 0.908697 42
0 0.103959 idtml
2 0.312923 6e-05
2 0.581792 0.000336
0 0.761685 auzed
1 0.360379
3 0.351434 33
0 0.955047 vtqwn
0 0.202654 aeqgr
4 0.761188 0.761203
3 0.353983 4
0 0.124671 xsrdw
0 0.823664 ujsxu
2 0.316866 0.000985
4 0.76123 0.761322
4 0.757846 0.757886
0 0.108363 rdkxs
0 0.893339 yimbn
3 0.808002 6
1 0.761607
3 0.54757 25
3 0.81239 48
3 0.885834 39
4 0.080826 0.080837
4 0.761096 0.761164
3 0.226789 13
4 0.738897 0.738911
0 0.723235 jalde
3 0.231667 9
3 0.761833 20
0 0.356843 rubec
2 0.00549 0.000395
0 0.753316 bvese
0 0.01802 sikjh
0 0.761672 bthwi
2 0.468727 7.3e-05
4 0.49506 0.49508
1 0.50055
0 0.326753 bvyeq
3 0.761158 42
0 0.408272 icoeo
4 0.357608 0.357671
0 0.312146 hsjpd
2 0.459533 5.3e-05
2 0.76112 0.000911
4 0.559619 0.559668
2 0.846243 0.000511
2 0.925811 0.000135
4 0.935341 0.93537
2 0.761071 0.000313
3 0.749939 9
3 0.411734 30
4 0.052237 0.052259
2 0.709642 0.000582
3 0.761341 7
0 0.168694 yfzvj
0 0.873373 rwizf
1 0.360538
1 0.487202
3 0.761432 4
4 0.397759 0.397838
1 0.384341
2 0.339168 0.000834
4 0.036053 0.036134
3 0.760934 19
1 0.485779
0 0.517811 qbfti
1 0.932133
1 0.337944
0 0.761099 ssgls
2 0.921836 3.9e-05
3 0.957889 20
2 0.569776 0.000358
1 0.650602
2 0.761614 0.00069
1 0.926257
2 0.186557 0.000991
1 0.209725
2 0.341176 0.000478
3 0.761837 18
1 0.712842
0 0.226447 wlayr
4 0.356511 0.356602
4 0.315001 0.315061
2 0.761751 0.000146
3 0.395461 37
1 0.605186
0 0.31148 ugvxw
1 0.974848
4 0.760929 0.760969
0 0.568234 jovya
3 0.767764 0
4 0.976667 0.976763
3 0.88848 34
1 0.760907
1 0.449035
2 0.487926 4.1e-05
1 0.342312
1 0.846231
2 0.761219 7.5e-05
3 0.079232 17
3 0.805036 30
1 0.5728
0 0.372598 oyioz
4 0.761317 0.761358
1 0.072844
2 0.1571 0.00085
2 0.359341 0.000433
1 0.246016
2 0.761124 0.000741
3 0.629634 27
3 0.314443 29
3 0.687041 0
0 0.232359 azycg
1 0.761036
4 0.764934 0.765024
1 0.640627
4 0.998222 0.998265
3 0.180879 22
4 0.761106 0.761109
3 0.597053 32
1 0.284094
4 0.838803 0.838808
2 0.158326 0.000154
2 0.761843 0.000946
0 0.613256 qulac
2 0.346503 0.000461
3 0.483127 35
2 0.765738 0.000738
0 0.76107 zmryb
1 0.735588
2 0.298608 0.00061
0 0.352907 hjhvi
2 0.162901 0.000875
3 0.761778 30
0 0.264637 rwnhq
4 0.26975 0.26982
1 0.465793
1 0.241067
3 0.761525 38
4 0.80685 0.806891
3 0.462975 42
1 0.625876
4 0.486376 0.486467
4 0.761042 0.761129
2 0.488535 0.000644
1 0.572098
3 0.584341 19
1 0.050134
2 0.761677 0.000514
3 0.414717 48
3 0.394759 22
3 0.337203 45
1 0.455523
1 0.760972
2 0.788274 0.000363
1 0.793161
2 0.187047 0.000259
2 0.28774 0.000728
4 0.761264 0.761271
1 0.03893
2 0.450774 0.000531
0 0.361885 kkmlh
0 0.070019 hisck
2 0.761659 0.000956
0 0.43803 pikdb
4 0.037332 0.037413
1 0.488106
2 0.433762 0.000343
2 0.760984 0.000465
1 0.285451
1 0.086777
1 0.131937
2 0.758047 0.000494
3 0.761298 1
0 0.261499 tprha
3 0.604764 7
1 0.389577
1 0.187262
4 0.761246 0.761258
4 0.570849 0.570849
2 0.253093 0.000337
1 0.01114
3 0.58058 2
1 0.76179
0 0.952317 pmcrt
4 0.265148 0.265187
1 0.801721
1 0.498888
2 0.7613 0.000137
1 0.114852
1 0.015594
2 0.388992 8.6e-05
0 0.485924 jsblg
4 0.761658 0.761732
4 0.486883 0.486922
4 0.689522 0.689554
1 0.595776
2 0.76606 0.000427
4 0.761776 0.761805
3 0.081874 21
3 0.141312 46
2 0.449452 0.000808
0 0.165535 ijrph
0 0.760975 kyxwy
4 0.201558 0.20159
3 0.737108 12
4 0.232468 0.232507
0 0.116821 fovhf
1 0.761574
4 0.705084 0.705181
0 0.225719 kxbkz
1 0.805384
0 0.230862 ksoew
2 0.76102 0.000964
3 0.628381 15
4 0.244102 0.244155
2 0.893828 0.000904
1 0.231777
0 0.760976 eucdk
4 0.074642 0.07469
2 0.369665 0.00027
4 0.207725 0.207738
1 0.296249
4 0.761479 0.761575
2 0.685085 0.000101
4 0.095266 0.095271
2 0.327043 0.000897
4 0.039172 0.039176
0 0.761636 ynbof
3 0.402816 36
3 0.024581 4
2 0.512662 0.000395
0 0.354158 trlfx
1 0.761
4 0.265147 0.265223
0 0.767009 zgowq
4 0.780376 0.780465
0 0.617765 vppda
2 0.760921 0.000486
2 0.283684 0.0001
1 0.630652
4 0.490599 0.490617
1 0.694275
3 0.761784 49
1 0.351072
0 0.54949 ukqub
0 0.897887 feiql
1 0.941269
1 0.760916
1 0.594062
4 0.407314 0.407395
1 0.305603
4 0.544582 0.544636
2 0.760894 0.000938
0 0.778728 dmzaq
4 0.857902 0.857972
1 0.39601
1 0.634068
3 0.760984 1
1 0.757507
1 0.639347
3 0.448571 8
3 0.263725 6
0 0.761394 pxqqv
0 0.938298 rsmhb
1 0.88731
2 0.409085 0.000798
4 0.570704 0.570709
0 0.761658 gkwgf
3 0.809381 16
0 0.981233 yzcxw
3 0.771464 4
0 0.862651 uzhoa
2 0.761813 0.000947
1 0.838775
0 0.854443 odbqa
2 0.876972 0.000705
3 0.887257 20
2 0.761026 9.6e-05
0 0.107378 rtcql
0 0.53978 cmwxx
0 0.985365 hikre
0 0.79401 dqpwi
3 0.761179 13
2 0.582431 0.000551
2 0.356874 6.2e-05
4 0.896654 0.896707
4 0.905734 0.905809
4 0.76124 0.761272
0 0.51102 dyntk
3 0.800104 12
0 0.866269 jtoga
0 0.466309 zgihj
0 0.76173 fanrx
2 0.074456 0.000674
0 0.676941 ycxjg
4 0.89249 0.892508
3 0.608547 0
0 0.761603 wtfvu
1 0.085976
2 0.787313 0.000251
3 0.657511 0
4 0.282537 0.282612
0 0.761828 swcpq
1 0.958108
4 0.567271 0.567364
3 0.405378 30
0 0.916596 srkut
2 0.761166 0.00089
3 0.191324 30
3 0.40492 3
1 0.128264
3 0.886815 23
0 0.760879 kjdjg
2 0.86296 8.8e-05
2 0.375568 0.000802
2 0.56804 0.000181
4 0.22271 0.222734
4 0.761052 0.761122
2 0.434557 0.000433
1 0.582282
3 0.658494 17
0 0.811526 ghfuy
2 0.761224 0.000494
2 0.854178 0.000626
2 0.132712 0.000563
3 0.928136 4
0 0.03934 yjzfo
2 0.761721 0.000401
3 0.004751 15
1 0.736906
1 0.20493
3 0.00619 6
4 0.761685 0.761776
4 0.659549 0.659555
4 0.587685 0.587745
4 0.143377 0.143414
1 0.133626
4 0.761358 0.76141
0 0.758264 rlljv
0 0.728569 gnbyl
2 0.335716 0.000328
3 0.285574 48
3 0.760867 25
4 0.051746 0.0518
3 0.737203 16
3 0.615885 32
3 0.499318 14
2 0.761792 0.000228
3 0.031414 4
3 0.872788 18
0 0.285116 fakua
1 0.587108
0 0.760962 ofido
0 0.043959 jzvxk
2 0.744623 0.000489
3 0.055918 27
2 0.186578 0.000745
1 0.76181
3 0.995386 48
3 0.125784 32
4 0.761052 0.761073
2 0.880991 0.000547
2 0.761191 0.000193
1 0.564148
3 0.600769 23
4 0.846072 0.846113
1 0.596896
0 0.761702 bbplh
3 0.824307 27
0 0.101711 rtwlk
0 0.055542 zmeoy
3 0.449343 22
0 0.761216 qexev
3 0.311487 5
3 0.652147 33
0 0.753858 rrjyx
0 0.997927 gbigp
3 0.760916 38
0 0.326788 cfzmb
1 0.255269
2 0.857747 0.000768
0 0.627722 zlngc
1 0.761598
0 0.20671 wssxm
3 0.332494 39
1 0.663312
4 0.20123 0.201275
1 0.760914
4 0.236512 0.236546
1 0.380587
3 0.909459 46
1 0.110282
2 0.761233 0.000454
0 0.158105 qqtku
3 0.099347 34
2 0.916739 0.000816
2 0.564492 0.00023
4 0.76159 0.76166
0 0.957329 vazkz
0 0.605962 sjywi
4 0.100533 0.100593
2 0.051693 6e-05
3 0.761647 5
4 0.002643 0.00268
0 0.313905 mxalt
1 0.444338
0 0.711715 sxpsy
3 0.76166 38
0 0.547064 bavid
0 0.870634 uzfzc
0 0.204645 tqmet
4 0.707062 0.707147
1 0.761162
1 0.328221
1 0.496624
1 0.597191
2 0.056213 0.000446
2 0.761556 0.000141
2 0.396855 0.00025
1 0.235333
0 0.284961 uhpbp
0 0.166421 enpuh
1 0.761688
4 0.027751 0.027798
4 0.822197 0.822251
0 0.941905 cmkah
2 0.08105 0.000676
4 0.761469 0.761502
3 0.415618 7
4 0.478848 0.478868
0 0.839064 hhccy
3 0.015321 18
2 0.760873 0.000557
4 0.943489 0.943496
4 0.550287 0.550296
0 0.298613 ggxxx
1 0.428385
4 0.761846 0.761945
1 0.041818
0 0.717643 oiapu
1 0.051888
0 0.356972 ieayn
1 0.761033
2 0.866929 0.000391
3 0.747335 27
2 0.298913 0.000775
1 0.663301
0 0.761144 omgyd
0 0.839734 eohdq
0 0.344802 dgfig
1 0.510442
0 0.009508 iudrj
0 0.76114 wewfq
1 0.917848
1 0.783398
1 0.931594
2 0.199143 0.000397
2 0.761584 0.000631
0 0.259467 dpjmg
2 0.729003 0.000525
0 0.926593 xzatb
4 0.825766 0.825843
0 0.760988 cwstt
3 0.830492 10
4 0.08996 0.090048
3 0.391639 23
3 0.151954 26
3 0.761469 3
2 0.975882 0.000778
1 0.784408
2 0.969118 0.000469
4 0.267258 0.267334
0 0.76108 omims
1 0.826854
2 0.373028 0.000879
0 0.524982 rhhgh
0 0.122763 iifmb
2 0.761764 0.00082
1 0.771811
2 0.40528 0.000651
4 0.946898 0.946983
2 0.290104 0.000399
0 0.761168 jwgcp
2 0.979257 0.000182
1 0.233797
1 0.991713
3 0.661698 13
2 0.761339 0.000535
0 0.014123 mvzew
0 0.41637 jxagf
0 0.868761 knfhu
3 0.802011 49
4 0.76086 0.760956
2 0.014856 0.000531
3 0.028979 17
4 0.990001 0.990041
3 0.757478 12
0 0.761653 aghgl
0 0.416241 yaobn
1 0.051438
4 0.590382 0.590404
0 0.347265 nlqoo
4 0.761051 0.761087
2 0.106142 0.000293
1 0.670432
1 0.228579
1 0.716408
2 0.761379 0.000934
0 0.600703 hkzfw
0 0.732319 pjtay
4 0.436114 0.436146
3 0.429714 25
1 0.761355
4 0.835001 0.835001
4 0.512526 0.512585
0 0.720812 gxzgq
4 0.408866 0.408918
1 0.761204
1 0.135525
0 0.946596 ceqhq
2 0.124128 0.000952
2 0.475482 0.000952
3 0.761659 36
0 0.944257 jqavi
0 0.33004 xigjy
1 0.580572
4 0.150851 0.150887
0 0.761214 mzqnf
3 0.219037 13
4 0.927858 0.927879
1 0.668515
4 0.969629 0.969641
4 0.760968 0.761056
0 0.734097 tmjqx
3 0.951233 0
1 0.70678
1 0.858254
3 0.761642 45
1 0.054119
0 0.602534 fdmjc
0 0.629415 xdkaa
2 0.760876 0.000995
2 0.761428 0.000347
2 0.181361 0.000345
3 0.119171 43
3 0.276018 7
4 0.360724 0.360815
1 0.761075
4 0.725934 0.725994
0 0.921692 dmdbo
3 0.270553 34
4 0.745134 0.745165
4 0.761677 0.761726
3 0.608724 14
1 0.797181
0 0.715112 mclmp
1 0.386864
3 0.761793 38
0 0.775855 slsgl
1 0.643042
0 0.267093 nsttt
2 0.758481 0.000532
4 0.761028 0.761106
3 0.647568 24
2 0.173463 0.000514
4 0.918051 0.918057
1 0.484178
4 0.760937 0.760946
3 0.170484 24
4 0.006707 0.0068
2 0.451655 0.000375
4 0.726489 0.726548
1 0.761639
4 0.16231 0.16237
0 0.12199 hpakv
3 0.051405 17
0 0.062495 cdnkg
3 0.76146 46
0 0.449211 myziz
3 0.235045 40
3 0.357035 13
0 0.951001 kexzi
1 0.761321
0 0.500074 qqoyw
0 0.202554 qzypy
0 0.330763 ewmkt
3 0.595565 18
3 0.761564 6
3 0.378811 31
0 0.395237 vzgfj
2 0.177143 0.000775
0 0.045338 zacev
3 0.761627 1
2 0.158696 6.9e-05
2 0.063413 0.000138
3 0.929672 1
4 0.561052 0.561143
0 0.761441 enjjw
2 0.531663 0.000929
4 0.389924 0.389985
1 0.481547
2 0.874207 0.000148
1 0.761417
3 0.096317 9
4 0.542341 0.542402
0 0.103394 wftys
0 0.305354 kpmjj
3 0.761654 10
2 0.69086 0.000619
2 0.861091 0.000875
3 0.397564 45
3 0.583538 36
4 0.761128 0.761166
2 0.251446 0.000435
2 0.820996 0.000789
2 0.690059 0.000263
1 0.202756
2 0.761762 0.000659
0 0.175774 fubda
4 0.781051 0.781119
0 0.129937 wgkky
1 0.027679
2 0.761668 0.000659
4 0.322436 0.322444
0 0.171683 gncap
4 0.504568 0.504653
2 0.491963 0.000866
3 0.761034 23
0 0.635954 khinl
3 0.658825 31
0 0.552601 lynwz
2 0.397898 0.00056
2 0.760977 0.000884
2 0.293444 0.000751
2 0.321076 0.000289
0 0.979713 fczwu
0 0.538013 todsb
0 0.761405 pptro
0 0.54366 tcefv
2 0.316692 0.000699
3 0.791288 11
3 0.1055 35
0 0.761634 hscgz
1 0.003852
4 0.633692 0.633751
3 0.803107 41
0 0.754406 minbo
3 0.76138 41
2 0.644725 0.000993
4 0.226425 0.226484
0 0.167014 gjxaz
0 0.247791 ytsoe
1 0.760946
2 0.739181 0.00076
1 0.837386
3 0.10024 29
3 0.744965 22
2 0.760931 0.000805
4 0.886985 0.887076
0 0.793374 schbv
3 0.196125 30
1 0.186497
0 0.760878 fmmtz
0 0.396014 dkkmt
2 0.794211 0.000292
0 0.350334 lhfjy
0 0.346128 wkepj
2 0.761689 0.000636
2 0.668307 0.000325
0 0.064322 cuqxi
0 0.507998 mbgbb
0 0.310491 elvna
3 0.760854 5
2 0.096847 0.000241
0 0.281507 gfnhu
2 0.711389 0.000916
2 0.219387 0.000853
4 0.761009 0.761082
2 0.208652 8.9e-05
0 0.381623 vszuu
1 0.307282
4 0.668239 0.668291
1 0.760887
2 0.089113 0.000311
4 0.316854 0.316934
1 0.536242
3 0.135002 15
1 0.760942
3 0.371117 14
2 0.019144 0.000493
0 0.640774 ncyoi
1 0.137458
3 0.760978 28
4 0.70278 0.702863
4 0.827833 0.827858
4 0.479188 0.47923
1 0.422216
2 0.761533 0.000751
0 0.845181 ielsu
4 0.160841 0.160924
0 0.298299 hlrbd
3 0.83201 37
2 0.761167 0.000287
0 0.534847 qgtfh
1 0.11837
0 0.335342 yrqpd
0 0.502918 ehaqp
1 0.76174
1 0.524479
0 0.553402 plxke
1 0.81881
4 0.578952 0.579032
1 0.761057
0 0.091918 afukh
0 0.354573 thpqh
3 0.836311 39
0 0.418429 xqjhb
1 0.76138
3 0.6378 28
2 0.549712 9.7e-05
2 0.892658 0.000423
1 0.48129
3 0.761589 18
1 0.158925
2 0.015869 0.000236
1 0.415921
0 0.451617 ludgu
2 0.761818 0.000884
4 0.723925 0.724021
1 0.212482
0 0.348736 faifx
0 0.624193 nkvbm
1 0.761424
1 0.300238
2 0.609065 0.000167
4 0.999751 0.999789
4 0.111967 0.111982
2 0.761745 4.7e-05
2 0.225163 0.000297
4 0.163785 0.163873
1 0.787978
4 0.75151 0.751603
3 0.761578 27
0 0.509641 qjwgf
4 0.167125 0.167205
3 0.78154 22
4 0.124789 0.124809
2 0.761765 0.000188
4 0.328205 0.328265
0 0.928761 pqlto
3 0.767489 36
1 0.686762
4 0.761194 0.761249
3 0.140126 34
0 0.293698 yuozj
4 0.891613 0.891666
1 0.056725
3 0.761547 39
3 0.134143 34
2 0.901633 0.000723
0 0.104747 elfuf
1 0.330661
3 0.761154 7
4 0.844731 0.844802
0 0.252696 fmhwn
0 0.542241 rxoca
4 0.508896 0.508992
3 0.761289 45
4 0.437012 0.437018
2 0.323985 0.000565
1 0.980981
3 0.356405 17
4 0.761549 0.761566
4 0.416742 0.416831
3 0.999214 5
1 0.892815
4 0.169057 0.169068
2 0.761255 0.000243
3 0.886533 7
1 0.172555
3 0.322946 39
4 0.274946 0.27504
3 0.761676 44
4 0.438712 0.438751
1 0.594542
3 0.618906 48
1 0.765713
0 0.761363 dspil
1 0.361887
3 0.553311 36
4 0.807238 0.80727
3 0.194081 25
1 0.761382
0 0.182265 pyunt
3 0.190207 7
3 0.075074 40
0 0.439185 yrkve
0 0.761704 pluur
4 0.544865 0.544882
2 0.243482 0.000753
0 0.401952 iuahn
4 0.109232 0.109276
1 0.76099
0 0.784322 ybzys
3 0.504259 17
2 0.13589 0.000241
2 0.233408 0.000878
4 0.761818 0.761851
2 0.712614 2.9e-05
2 0.215666 0.000105
4 0.725511 0.725564
4 0.355653 0.355704
1 0.760879
1 0.329089
1 0.265531
3 0.011188 13
1 0.82143
0 0.761508 isfat
2 0.538456 0.000302
3 0.009913 6
1 0.048219
1 0.087132
0 0.761665 gyglp
2 0.382765 0.000263
0 0.204195 bgvbn
3 0.187443 47
0 0.725899 jzcht
3 0.761509 3
2 0.652479 0.000106
4 0.085737 0.08582
0 0.352344 pxabu
2 0.709202 0.000749
4 0.76104 0.761053
0 0.153443 tmyhk
1 0.034564
4 0.762897 0.762933
3 0.043355 28
1 0.761318
2 0.213838 0.000675
2 0.969185 5.6e-05
1 0.19474
3 0.720346 35
0 0.760865 wgvkg
1 0.460097
1 0.26384
1 0.855805
1 0.782702
0 0.76094 mgjql
0 0.877239 jwdwq
4 0.732653 0.732716
2 0.766981 1.6e-05
3 0.456133 32
3 0.76177 49
4 0.97472 0.974773
1 0.781861
3 0.185903 40
3 0.052085 2
3 0.761144 14
3 0.393838 11
0 0.126492 koziu
1 0.813924
4 0.078513 0.078612
0 0.761119 hutqy
3 0.478015 10
0 0.815468 qaaub
3 0.269235 4
4 0.83871 0.83879
2 0.761239 0.000543
4 0.216256 0.216298
4 0.87948 0.879546
3 0.993452 49
2 0.293327 0.000322
4 0.761797 0.761852
4 0.841521 0.841562
2 0.544284 0.000139
4 0.373538 0.373602
4 0.12897 0.129001
2 0.761222 0.000743
4 0.259469 0.259562
1 0.072187
3 0.388605 36
1 0.198284
0 0.76142 nxqjt
0 0.611467 okxkq
0 0.069767 rqwvd
3 0.131107 16
0 0.383686 mueac
3 0.761057 8
1 0.591392
4 0.691366 0.691377
4 0.458128 0.458149
4 0.180175 0.180228
1 0.761194
0 0.192412 yqkyb
3 0.230404 10
4 0.625162 0.625222
4 0.863493 0.863563
2 0.76121 0.000911
4 0.200926 0.200947
3 0.937847 17
0 0.854152 kiwqe
2 0.900606 0.000132
2 0.76089 0.000246
1 0.629088
0 0.214604 brord
3 0.755089 26
4 0.67601 0.676061
3 0.761249 15
2 0.721601 0.000416
0 0.938213 nmmgu
2 0.32412 0.000678
1 0.13988
2 0.761334 0.000856
1 0.984819
2 0.43435 0.000895
1 0.626712
1 0.856477
1 0.761242
1 0.112252
2 0.945996 0.000466
2 0.237552 0.000516
4 0.826387 0.826395
1 0.760989
4 0.948348 0.948425
2 0.221557 0.000191
1 0.565054
3 0.651622 17
1 0.761794
4 0.70282 0.702861
0 0.815072 xymbr
3 0.263414 41
4 0.159251 0.159308
0 0.760905 nlgzy
0 0.362226 mkawj
4 0.235972 0.236001
1 0.567396
0 0.044437 djjlr
2 0.7609 0.000341
4 0.563724 0.563822
1 0.195303
2 0.254804 0.000961
4 0.61703 0.61707
4 0.76124 0.761308
1 0.689364
2 0.344089 0.000113
4 0.904879 0.904931
4 0.17522 0.175221
4 0.761818 0.761841
3 0.839299 48
3 0.33477 3
2 0.589574 6.4e-05
2 0.722956 0.000657
1 0.760897
4 0.252526 0.252592
4 0.596616 0.596695
3 0.017847 33
0 0.193067 xkrec
4 0.761645 0.761704
2 0.800253 0.000772
3 0.688317 24
0 0.529326 qdenp
4 0.877856 0.877936
0 0.761175 aqmwm
0 0.461351 cpkfa
1 0.956274
1 0.783189
4 0.21559 0.215689
0 0.761133 puxvm
4 0.918569 0.918625
1 0.511277
0 0.872702 ljrlg
0 0.767333 tdbyd
1 0.761299
2 0.65087 0.000301
4 0.164868 0.164928
3 0.002713 27
2 0.921282 0.000784
0 0.761189 rgigp
4 0.18261 0.182658
3 0.251403 20
1 0.489264
1 0.911656
2 0.761374 0.000721
0 0.243746 lzvdv
4 0.062497 0.062507
3 0.154838 0
1 0.87361
0 0.761182 nypxt
1 0.416442
2 0.261152 0.000509
3 0.34003 30
3 0.100128 14
3 0.760973 23
1 0.351974
4 0.212744 0.212756
1 0.672892
2 0.384446 0.000651
4 0.76161 0.761658
0 0.524892 xiidu
1 0.49293
4 0.203669 0.203728
0 0.89047 arlkp
2 0.761808 0.000265
3 0.252383 12
1 0.879844
1 0.271138
2 0.368629 0.000382
4 0.761589 0.761678
0 0.538057 shxjm
4 0.459678 0.459745
4 0.495415 0.495478
2 0.260248 0.000624
4 0.761207 0.76126
4 0.262203 0.26229
2 0.167947 0.000416
2 0.449088 0.000182
3 0.366778 48
0 0.761143 vajxr
1 0.284245
1 0.362222
4 0.545474 0.545572
3 0.243447 9
4 0.76096 0.761011
0 0.337411 wzybz
0 0.692801 liwor
3 0.846997 24
1 0.647594
2 0.761211 0.000728
1 0.537273
0 0.101675 mgvzz
3 0.351907 16
0 0.385409 vhmho
4 0.761182 0.761281
2 0.986658 0.000145
1 0.387912
1 0.295836
0 0.673184 kfyjd
1 0.760944
1 0.158347
2 0.631361 0.000108
3 0.76145 18
1 0.371271
4 0.761453 0.761533
3 0.777615 26
1 0.165527
2 0.014504 0.000519
3 0.847614 34
0 0.761672 pyzuu
0 0.196464 hoguv
3 0.165063 43
0 0.809896 qtwrx
1 0.65691
2 0.761724 0.000196
2 0.232693 0.000373
1 0.250949
4 0.103481 0.103486
1 0.816297
3 0.761412 2
2 0.136102 0.000118
2 0.772597 1.4e-05
1 0.70306
3 0.387939 3
1 0.761113
2 0.582077 0.000813
1 0.331122
1 0.953622
1 0.934832
1 0.761512
3 0.739297 36
2 0.360351 0.000485
1 0.662821
2 0.621721 0.000835
4 0.760923 0.761021
1 0.783233
4 0.617153 0.617191
3 0.764319 29
2 0.467857 5.2e-05
3 0.761708 4
1 0.804613
1 0.435344
3 0.837554 29
4 0.500376 0.500434
0 0.761365 yxnlh
3 0.603303 14
3 0.367622 46
0 0.835479 eirwg
2 0.049773 0.000283
3 0.761037 2
1 0.565565
1 0.857238
1 0.89638
2 0.686472 0.0003
2 0.761318 0.0006
0 0.552321 nfvhu
1 0.717575
1 0.181283
4 0.046644 0.046662
3 0.760956 32
1 0.556025
3 0.372754 6
1 0.543254
0 0.533078 edcxt
3 0.761505 47
0 0.553368 oitbi
0 0.3246 ymyyw
1 0.229518
3 0.300944 46
4 0.761574 0.761646
3 0.380626 27
4 0.7822 0.782204
1 0.602099
4 0.632981 0.633078
2 0.761379 0.000104
2 0.609484 0.000394
3 0.924544 18
1 0.79563
3 0.980219 27
4 0.761402 0.761412
4 0.427912 0.428001
1 0.189516
1 0.934895
4 0.36274 0.36277
0 0.76147 dduxo
2 0.987289 0.000149
2 0.835598 0.000132
1 0.332169
4 0.121867 0.121877
3 0.761022 27
4 0.661366 0.661411
0 0.596261 dwdwe
2 0.44537 0.000862
0 0.376211 yphjf
1 0.761241
0 0.922512 lqvcm
4 0.541361 0.541388
4 0.483773 0.483813
3 0.788925 34
1 0.760949
1 0.814529
4 0.092594 0.092643
3 0.972447 18
0 0.20425 cpbph
2 0.761478 0.000266
4 0.856344 0.856437
3 0.340117 34
3 0.129043 20
4 0.43871 0.438781
0 0.761468 wcbgu
1 0.441226
4 0.197799 0.197848
2 0.120487 0.000607
2 0.435469 0.000225
1 0.761167
1 0.631931
0 0.373289 uierw
0 0.485627 xgutd
3 0.675383 49
3 0.761099 22
1 0.23121
0 0.945491 jgmzb
2 0.552311 0.000876
3 0.482186 15
4 0.761635 0.761664
1 0.748386
4 0.771168 0.771177
2 0.962903 0.000411
0 0.836086 xgbwa
0 0.761088 fyjqh
4 0.12646 0.12648
1 0.505409
0 0.368208 jlxvc
3 0.528567 34
4 0.76137 0.761455
4 0.511982 0.512043
1 0.836284
0 0.584964 smtnl
0 0.50425 dxrog
2 0.761272 0.000593
4 0.696332 0.696392
1 0.676004
2 0.623558 4.1e-05
3 0.651892 5
2 0.76148 0.000321
0 0.644079 qyfom
3 0.510228 24
3 0.239057 26
2 0.600833 0.000119
3 0.76148 19
4 0.504651 0.504681
0 0.594636 avdae
1 0.050772
1 0.206779
4 0.760939 0.760986
4 0.415671 0.415742
4 0.654729 0.654826
3 0.771914 18
2 0.585432 0.000952
1 0.761803
3 0.018222 42
1 0.124144
0 0.793957 bitov
4 0.377273 0.377299
1 0.761345
4 0.094889 0.094967
3 0.358387 43
1 0.499869
0 0.634656 oalyj
3 0.76115 41
2 0.265001 0.000745
1 0.098334
0 0.520567 lkswt
4 0.119271 0.119305
2 0.761427 0.000751
2 0.377856 0.000407
2 0.32744 0.00037
0 0.811598 erpma
2 0.514164 0.000555
1 0.760971
1 0.513654
3 0.799578 9
0 0.435201 cybjj
3 0.952683 27
0 0.761046 fosoa
3 0.49895 27
4 0.532505 0.532571
2 0.60298 1.4e-05
1 0.050586
2 0.761704 0.000145
0 0.650173 loouk
1 0.932254
0 0.611971 qsrle
0 0.28137 avwln
3 0.761717 44
2 0.881444 0.00065
2 0.024914 0.000176
1 0.74321
2 0.281515 0.000542
3 0.761197 15
2 0.989878 0.000962
4 0.093382 0.093387
0 0.426115 vzvxw
0 0.851088 ukagc
1 0.761255
4 0.92367 0.923692
3 0.382566 44
2 0.453433 0.000688
0 0.818395 ttkws
1 0.761494
3 0.125778 29
1 0.671796
1 0.415599
3 0.946665 47
2 0.761254 0.000739
4 0.686661 0.686666
3 0.064913 38
1 0.949395
1 0.772536
4 0.760923 0.761014
1 0.27063
4 0.014331 0.014339
3 0.697398 6
1 0.629349
4 0.761594 0.761687
4 0.541505 0.541538
3 0.744518 40
4 0.809432 0.809461
2 0.275179 0.000767
3 0.761505 24
2 0.620659 0.000704
1 0.63499
2 0.338792 0.00074
0 0.439233 iaumn
3 0.761623 14
3 0.196965 43
2 0.581246 5e-06
2 0.144013 4e-06
3 0.098671 30
2 0.761334 2.3e-05
2 0.36495 0.000167
0 0.25197 mhekl
1 0.419726
1 0.392731
0 0.760897 jipkz
1 0.518846
1 0.962684
1 0.690303
1 0.254114
4 0.760912 0.76101
2 0.871034 0.000951
4 0.552101 0.55215
3 0.772057 27
0 0.681141 vsejr
2 0.761795 0.00085
1 0.534198
1 0.165867
4 0.532252 0.532334
0 0.633995 rxclq
1 0.761336
2 0.266943 0.000315
4 0.464436 0.464468
3 0.767978 36
1 0.275168
0 0.760866 dplnp
4 0.453523 0.453613
1 0.008921
0 0.150711 gszcg
1 0.229888
2 0.761524 0.000199
0 0.978655 vatzx
3 0.922589 28
0 0.439778 cnxqn
2 0.287999 0.000231
0 0.761711 hsxmk
4 0.322846 0.322881
1 0.301501
2 0.889265 0.000676
0 0.685845 eibys
2 0.760862 0.00048
4 0.673293 0.673324
0 0.59263 nxmpj
0 0.640946 msnty
4 0.28074 0.280747
4 0.761177 0.761201
3 0.656353 37
0 0.967042 jyhen
3 0.778026 26
4 0.252939 0.253028
3 0.761784 14
1 0.490069
3 0.928677 23
3 0.728136 20
0 0.499465 bbics
4 0.761689 0.761704
2 0.723321 0.000211
1 0.468999
2 0.746652 0.000989
0 0.070321 moskd
4 0.761371 0.761456
2 0.790788 0.000902
3 0.349814 22
4 0.944008 0.944097
0 0.324849 chele
4 0.761008 0.761071
4 0.345833 0.345925
0 0.166105 juciu
1 0.476756
0 0.401393 qvokn
2 0.761809 0.000963
3 0.378836 33
1 0.92871
2 0.777648 0.000925
4 0.123482 0.123551
1 0.761807
3 0.720994 24
0 0.145837 kvryg
1 0.138404
4 0.58256 0.582598
2 0.761066 0.000183
3 0.617355 45
3 0.395003 20
4 0.034837 0.034928
0 0.324425 ihpsh
3 0.761152 41
3 0.923226 44
4 0.517612 0.517616
4 0.40996 0.409992
3 0.681143 42
3 0.761713 18
3 0.589874 6
0 0.846045 pqbgz
4 0.761564 0.761612
4 0.049108 0.049151
2 0.761291 0.000985
4 0.755084 0.755181
1 0.326592
2 0.025283 0.000807
3 0.173501 26
2 0.761282 0.000704
2 0.275619 0.000862
0 0.329575 xbndx
4 0.439943 0.439978
2 0.738738 0.000472
3 0.761617 4
0 0.926562 ewjij
4 0.109418 0.109504
3 0.751542 5
0 0.58567 zqrxc
3 0.761552 33
4 0.228442 0.228448
2 0.722264 7.5e-05
1 0.059031
4 0.317388 0.317394
0 0.761406 nulsd
2 0.40044 0.000413
2 0.962002 0.0007
1 0.011763
3 0.023738 17
3 0.761109 41
0 0.484877 dmhph
2 0.115095 0.000779
0 0.475425 txdok
2 0.043488 0.000612
4 0.761823 0.761835
0 0.668065 xiztb
4 0.698922 0.698958
3 0.759183 46
2 0.24705 0.000242
1 0.760867
3 0.38955 24
1 0.920575
3 0.851226 39
3 0.391766 16
2 0.761779 0.000871
2 0.606115 0.000915
4 0.585061 0.585098
2 0.637616 2e-05
3 0.081168 20
0 0.761746 lmgfc
0 0.089344 owzyu
1 0.391007
0 0.228777 fufir
2 0.704979 0.000911
3 0.761279 25
0 0.735283 xhgib
3 0.59375 3
0 0.298016 viimu
3 0.17531 36
2 0.761424 0.000798
2 0.860555 6.1e-05
0 0.008269 pgbof
1 0.933926
4 0.107705 0.107734
4 0.761765 0.761853
2 0.085103 0.00074
4 0.320648 0.320708
4 0.676834 0.676897
4 0.348762 0.348775
2 0.761274 9e-06
3 0.252919 27
0 0.449047 pijej
0 0.756861 bbxqx
2 0.994759 0.000675
2 0.761357 0.000417
3 0.602271 32
2 0.32794 0.000209
4 0.57823 0.57831
3 0.56313 28
1 0.761349
0 0.073231 bqcey
4 0.929459 0.929556
4 0.506134 0.506186
3 0.275995 21
3 0.761752 33
0 0.753465 fsvxl
3 0.632601 2
2 0.961241 0.000535
2 0.563095 0.00083
0 0.761117 geuqf
3 0.756913 26
4 0.151532 0.151562
2 0.390442 0.000747
1 0.723935
2 0.761407 0.000518
1 0.297863
2 0.190063 0.000398
4 0.753158 0.753186
1 0.466561
0 0.76161 ryqku
2 0.079628 0.000151
4 0.465265 0.465311
1 0.945183
1 0.832414
3 0.761132 25
0 0.732481 aytew
4 0.69636 0.696396
2 0.740474 0.000507
3 0.20914 31
2 0.761357 0.000191
4 0.693126 0.693215
1 0.154661
0 0.104647 stnjo
4 0.459281 0.459309
3 0.761115 7
4 0.626455 0.626476
3 0.280962 39
0 0.429195 bukdl
2 0.111761 4e-05
0 0.760887 lresw
3 0.191887 1
1 0.397319
0 0.257679 krcmh
2 0.890895 0.000386
3 0.76129 45
0 0.661625 ntkwi
2 0.13629 0.000103
3 0.672163 41
0 0.436964 vftmi
3 0.761692 1
3 0.467739 37
1 0.465282
0 0.980456 jcmxg
0 0.359155 syktu
4 0.761525 0.761589
2 0.893062 0.000455
3 0.592027 1
4 0.483478 0.483567
0 0.545668 yqssm
4 0.761017 0.761107
0 0.480676 ywjdy
1 0.427741
2 0.20155 0.000218
1 0.646358
3 0.761009 42
3 0.034951 18
1 0.357853
3 0.067708 12
2 0.054969 0.000538
3 0.760916 20
1 0.897148
2 0.919777 0.000588
0 0.86387 kmzol
4 0.510146 0.510165
2 0.761818 0.000512
3 0.305176 40
1 0.48274
4 0.867621 0.867699
3 0.660633 49
0 0.761695 rqxwd
4 0.076982 0.077072
2 0.64284 0.000241
3 0.03886 33
2 0.986182 0.000547
2 0.761787 0.000411
3 0.363654 34
4 0.907564 0.907581
3 0.935994 18
0 0.408231 ouzeb
0 0.761186 hcyhw
2 0.343283 0.000664
0 0.150993 xyczq
1 0.419174
4 0.108601 0.108621
2 0.760951 0.000171
0 0.39452 mlyav
1 0.220295
1 0.261613
4 0.307238 0.307334
0 0.761738 uymxy
2 0.749224 0.000872
3 0.620744 47
1 0.416847
3 0.522626 18
2 0.761488 0.000205
4 0.785801 0.785801
0 0.047415 nzvoq
0 0.945485 ghyrk
0 0.043721 aggdq
4 0.761272 0.761303
1 0.304065
1 0.083162
3 0.740189 32
3 0.745805 45
4 0.761788 0.761842
0 0.114516 yavau
0 0.541451 sgbzd
3 0.314674 25
4 0.135091 0.135153
4 0.760899 0.760962
0 0.372208 vuzso
0 0.592017 btgbr
4 0.506692 0.506757
0 0.709038 nlcrn
2 0.761707 3e-06
0 0.979262 braib
0 0.928628 drvay
2 0.569676 0.000595
2 0.076369 0.00056
4 0.761623 0.761716
2 0.489016 0.00069
1 0.648701
1 0.561595
3 0.693515 12
1 0.761137
0 0.706923 taocf
1 0.893942
1 0.643786
1 0.897252
1 0.760859
3 0.14441 28
2 0.473101 0.00097
0 0.187354 dbicz
3 0.899016 17
3 0.760885 1
3 0.463244 43
2 0.284127 0.000181
0 0.18138 hbvai
2 0.323195 0.000514
2 0.761068 9e-06
0 0.65709 fquyu
4 0.16139 0.16147
0 0.809591 mbhsq
1 0.498835
2 0.761427 0.000795
1 0.437053
1 0.167652
2 0.843434 0.000873
1 0.462469
0 0.761691 hscoo
1 0.523789
4 0.569542 0.569564
4 0.886997 0.887081
0 0.385833 yvaow
2 0.760853 0.000314
0 0.410878 usnzw
1 0.636816
2 0.824315 0.000609
3 0.348105 43
2 0.761663 0.00011
3 0.450007 43
4 0.170573 0.170632
4 0.469926 0.470002
4 0.936931 0.936973
4 0.761562 0.761615
1 0.884832
2 0.686218 0.000648
2 0.510533 0.00061
0 0.37499 zybnn
2 0.761408 0.000973
3 0.154619 38
4 0.956847 0.956866
2 0.422389 0.0003
3 0.015455 3
2 0.761321 0.000702
2 0.125945 0.000587
2 0.660987 0.000578
0 0.660142 tyhrn
2 0.344905 0.000161
1 0.76099
3 0.119064 7
4 0.785365 0.785445
4 0.956018 0.956082
1 0.441491
1 0.761636
4 0.670453 0.670529
2 0.04501 0.000918
1 0.317986
1 0.508663
0 0.761769 zjsus
4 0.754858 0.75495
1 0.86169
1 0.083214
0 0.99609 hmebo
1 0.761607
2 0.790893 0.000843
0 0.206219 ylyds
1 0.414546
0 0.138466 nvubt
1 0.761406
3 0.040549 32
1 0.681748
4 0.051723 0.051745
1 0.830537
0 0.761185 ixsuw
3 0.915499 2
0 0.053965 qghaj
2 0.249795 0.000274
2 0.290345 0.000858
4 0.760866 0.760893
2 0.392289 0.000316
3 0.541755 5
4 0.996727 0.996816
2 0.676183 0.00083
2 0.761573 0.000837
1 0.765186
3 0.38722 2
2 0.153368 0.000528
4 0.960065 0.960152
3 0.761253 37
2 0.009046 0.000555
2 0.550801 0.00056
4 0.06388 0.063882
1 0.740064
2 0.761449 0.000109
3 0.163518 47
3 0.06709 1
2 0.220458 0.00043
3 0.180523 17
4 0.761422 0.761483
0 0.73162 bhzpx
3 0.234831 22
4 0.296215 0.296269
1 0.748325
4 0.761172 0.761179
1 0.369226
1 0.629442
1 0.76753
2 0.552825 0.000804
3 0.761165 18
1 0.555386
4 0.322144 0.32216
3 0.701149 49
2 0.820219 0.000415
1 0.761588
3 0.307783 14
0 0.716766 aayas
0 0.544123 xhkfw
2 0.186682 0.000804
3 0.761767 43
4 0.209606 0.20962
4 0.4223 0.422308
1 0.000568
3 0.029173 45
1 0.760987
2 0.597466 0.000665
4 0.657941 0.657984
4 0.510168 0.510207
4 0.885765 0.885838
3 0.761223 18
1 0.798624
1 0.815972
1 0.195178
0 0.813749 yakzo
2 0.761358 0.000908
3 0.043314 1
1 0.128403
4 0.070037 0.070136
2 0.05201 0.0006
0 0.761368 xoucu
2 0.22856 0.000104
2 0.885835 0.000379
3 0.850771 23
1 0.502282
1 0.761444
4 0.861612 0.861664
1 0.93165
3 0.826195 12
3 0.608245 0
3 0.761312 22
3 0.541819 49
0 0.297275 fwkwi
4 0.849515 0.8496
2 0.920029 0.000734
2 0.761286 0.000603
0 0.169741 axnae
3 0.6302 24
2 0.746833 0.000745
3 0.608378 20
2 0.760875 0.000524
3 0.789206 39
1 0.440819
0 0.798485 zxtbu
1 0.781523
4 0.761118 0.761149
2 0.08747 0.000805
4 0.350655 0.350705
0 0.475385 kxryk
0 0.291156 sxjtt
0 0.761171 ydgxa
3 0.739263 11
2 0.343085 0.000516
4 0.69374 0.693758
4 0.685477 0.685518
1 0.76149
1 0.399784
0 0.605955 esszy
4 0.189424 0.189468
4 0.561116 0.561153
4 0.761148 0.761234
4 0.351737 0.351791
3 0.045477 25
4 0.730954 0.73102
2 0.280278 0.00056
3 0.761559 40
0 0.663188 lihdq
4 0.344256 0.344263
2 0.142483 0.000929
4 0.310069 0.310159
2 0.761163 0.000416
3 0.167226 23
1 0.955713
1 0.195227
1 0.536768
3 0.761731 28
1 0.455451
3 0.415528 40
0 0.276137 nvqcs
1 0.562073
2 0.761236 0.000859
0 0.892614 arvvo
2 0.383056 0.000848
0 0.035291 rckxn
0 0.712729 oehto
4 0.761839 0.76192
3 0.851731 42
3 0.260697 26
1 0.625376
4 0.634187 0.63424
2 0.761016 0.000813
1 0.081501
1 0.068043
2 0.987741 0.000772
3 0.993828 8
0 0.761595 ybchp
0 0.089624 hxafn
2 0.094746 0.000191
2 0.411266 0.000357
0 0.492767 lsrun
1 0.761769
4 0.302932 0.302952
0 0.954669 ahnkk
1 0.524733
3 0.160899 4
3 0.761146 7
3 0.577655 2
0 0.34092 smmbb
4 0.281727 0.281823
1 0.020747
1 0.761747
0 0.134258 hoqfx
3 0.984268 5
0 0.847566 fzhvs
1 0.534306
3 0.76096 30
0 0.043839 cdqdk
4 0.181956 0.181966
3 0.900393 24
2 0.905719 0.000437
3 0.761445 19
2 0.51002 0.000893
4 0.724177 0.724211
2 0.401846 0.000806
4 0.663628 0.663721
0 0.761225 fmfuh
3 0.708913 20
4 0.622397 0.622488
4 0.52015 0.520218
3 0.26547 5
1 0.761459
3 0.921749 23
1 0.781907
4 0.60553 0.605531
4 0.894989 0.895067
4 0.761655 0.761716
3 0.570947 26
1 0.124362
4 0.379102 0.379168
4 0.33727 0.337289
4 0.761445 0.761504
0 0.989301 gqgrx
4 0.846269 0.846347
0 0.317947 rflnd
4 0.864037 0.864123
1 0.761389
4 0.323436 0.323499
1 0.595032
3 0.704003 44
3 0.209656 5
4 0.761221 0.761284
3 0.803995 42
4 0.638294 0.638333
1 0.622401
0 0.202233 biewi
3 0.761685 28
0 0.998222 nvyyz
3 0.785508 38
3 0.394071 31
3 0.348113 2
3 0.760858 39
0 0.313244 xmmtb
1 0.382331
4 0.668561 0.668609
1 0.798185
3 0.760894 47
4 0.343554 0.343639
3 0.253977 19
1 0.118443
1 0.615931
3 0.760871 3
0 0.56557 zicwl
0 0.20373 uhhjq
3 0.991377 41
0 0.851283 wepzz
1 0.761186
4 0.542455 0.542468
4 0.509235 0.50927
0 0.725635 xfwke
1 0.221381
1 0.761223
1 0.20302
1 0.722756
0 0.321795 cwjux
3 0.759018 28
3 0.761688 6
1 0.02575
1 0.100696
2 0.543008 5.2e-05
4 0.837671 0.837704
0 0.761008 nouhn
4 0.501589 0.50165
2 0.542917 0.000286
0 0.818287 bgypo
2 0.464409 0.000648
3 0.760856 37
2 0.813031 0.000622
4 0.378697 0.378779
2 0.663734 0.000961
2 0.035779 0.000935
4 0.761002 0.76103
2 0.239187 0.000816
0 0.597488 bbpyy
2 0.920357 0.000731
1 0.469546
3 0.761017 29
1 0.422951
1 0.376821
2 0.294644 0.0006
4 0.235903 0.235996
4 0.76092 0.760961
4 0.157918 0.157999
1 0.161422
3 0.929709 37
0 0.366418 tjlje
1 0.761057
2 0.07112 0.000382
2 0.365764 0.000983
1 0.118019
3 0.312607 3
1 0.761602
4 0.995881 0.995921
3 0.782611 2
0 0.598987 vpcmc
3 0.241823 5
3 0.761073 35
0 0.306342 mbfcq
3 0.029252 26
3 0.516623 10
0 0.681768 qyilf
3 0.761027 13
1 0.151003
0 0.006181 bbzxu
1 0.448851
0 0.007242 uaejr
1 0.761514
4 0.027839 0.027874
4 0.4617 0.461777
4 0.348633 0.34869
2 0.844409 0.00016
2 0.760976 7e-05
2 0.449763 0.000311
3 0.898614 18
3 0.048346 44
4 0.221754 0.221798
3 0.76181 7
3 0.21145 49
3 0.228427 38
3 0.154584 43
3 0.748096 17
1 0.761837
0 0.554339 wryel
2 0.396065 0.000667
3 0.311362 35
2 0.571324 0.000492
2 0.761089 0.000113
2 0.347382 6.1e-05
3 0.696075 19
2 0.996642 7.2e-05
3 0.217632 39
3 0.761758 11
1 0.14878
3 0.922622 47
3 0.750336 32
0 0.32166 baxmx
1 0.761277
4 0.908979 0.908979
1 0.905622
0 0.344582 kvfyw
1 0.316447
2 0.761269 0.000456
1 0.505757
1 0.664143
0 0.14647 whctf
0 0.296194 qwagz
4 0.760952 0.761038
2 0.985347 0.000862
0 0.818147 sqgux
3 0.330221 7
3 0.993043 4
2 0.761367 0.000607
0 0.207065 rsizu
1 0.90927
4 0.426817 0.426854
1 0.387032
4 0.761751 0.761833
4 0.116583 0.116631
2 0.446804 0.000357
2 0.439847 0.000112
4 0.961235 0.961318
3 0.761249 11
4 0.001213 0.001263
4 0.994396 0.994416
3 0.937566 10
1 0.324598
1 0.761349
1 0.068301
0 0.110899 zffra
1 0.696533
1 0.586056
1 0.761305
4 0.05782 0.05789
1 0.532456
4 0.942194 0.94225
0 0.692104 sfgfd
3 0.761369 25
2 0.991763 0.000384
1 0.858556
0 0.525704 fzcbw
4 0.247247 0.24734
0 0.76126 nnrjn
0 0.486078 qzjru
3 0.558267 3
2 0.387439 0.000609
4 0.429495 0.429536
3 0.761469 6
4 0.75122 0.751319
1 0.047276
4 0.254701 0.254788
3 0.670858 18
1 0.761787
3 0.572242 4
3 0.99497 23
2 0.418083 0.000964
1 0.692004
2 0.760935 0.000222
3 0.046493 18
3 0.800245 19
4 0.188409 0.188431
4 0.738322 0.738403
2 0.761817 0.000928
3 0.817211 34
2 0.812182 8e-06
4 0.746617 0.746641
2 0.438621 0.000136
2 0.761558 0.000105
4 0.50148 0.501541
4 0.63125 0.63129
3 0.048424 11
3 0.620105 49
1 0.761677
0 0.198638 kywao
1 0.623348
0 0.745115 gdwbb
2 0.72638 0.000925
2 0.760866 0.000442
1 0.585929
0 0.058864 ckzzi
1 0.240324
2 0.198806 0.0007
0 0.760896 kdzma
4 0.012064 0.012089
4 0.074989 0.074996
3 0.706007 1
1 0.808289
2 0.760967 0.000508
3 0.132779 26
2 0.373103 0.000168
0 0.140803 ewcru
3 0.802324 16
2 0.761789 0.000503
4 0.7252 0.725206
4 0.172902 0.17297
3 0.758281 45
2 0.398141 0.000666
2 0.761616 0.000732
2 0.11938 0.000888
2 0.520939 9.2e-05
1 0.689265
0 0.775217 xphik
4 0.761578 0.761658
2 0.274398 0.00021
0 0.290595 dwbgn
1 0.787773
4 0.158761 0.158822
1 0.761601
4 0.885318 0.885408
4 0.096204 0.096214
3 0.591032 34
4 0.327412 0.327428
1 0.761214
1 0.936961
1 0.991748
4 0.349223 0.349259
4 0.904956 0.905017
3 0.76107 41
1 0.362327
2 0.661441 0.000318
3 0.757646 30
2 0.86503 0.000714
3 0.76153 40
2 0.524048 0.000426
3 0.573362 26
4 0.922585 0.9226
0 0.343893 jlhgq
4 0.761238 0.761266
1 0.696804
1 0.334277
3 0.500556 43
1 0.725702
1 0.761742
1 0.305305
4 0.059788 0.059871
3 0.498725 48
3 0.842619 25
3 0.761674 46
2 0.851604 0.000586
0 0.963701 fnqpw
3 0.274004 33
1 0.050882
2 0.761387 0.000978
1 0.730723
3 0.985992 23
3 0.828611 48
3 0.595193 26
4 0.761579 0.761586
4 0.720784 0.720834
2 0.535114 0.000817
3 0.030139 23
1 0.971191
3 0.760869 47
0 0.402287 uknqm
2 0.939896 0.000379
3 0.329023 0
2 0.086106 0.000808
2 0.761258 0.000196
1 0.057579
0 0.404847 obiyp
1 0.21646
4 0.209699 0.209782
0 0.761279 dqtvk
0 0.228338 ojsmn
3 0.160678 6
3 0.178288 4
3 0.269348 44
1 0.760904
1 0.415424
2 0.663401 0.000724
4 0.439832 0.439914
4 0.15616 0.156232
1 0.761311
4 0.365671 0.365732
0 0.336721 ayqum
4 0.284655 0.284754
3 0.283113 33
1 0.761705
3 0.161433 33
0 0.117617 lkpty
2 0.197255 0.000432
3 0.993217 14
4 0.761023 0.761087
3 0.702525 48
0 0.365224 cbklv
4 0.049713 0.049802
3 0.010748 7
3 0.761384 15
0 0.605528 hgbwl
0 0.178581 fnuak
1 0.747256
1 0.369619
1 0.761823
2 0.772308 0.000765
2 0.783056 0.000172
0 0.925906 efute
3 0.626484 46
2 0.761625 0.000636
3 0.263563 17
3 0.135561 25
1 0.50518
3 0.003431 7
1 0.76112
3 0.558796 46
1 0.001054
2 0.176774 4.3e-05
3 0.837828 46
4 0.760876 0.760927
3 0.990664 14
3 0.246683 24
4 0.249959 0.250019
1 0.888852
1 0.761783
1 0.333293
4 0.15258 0.152669
0 0.153634 umxcg
0 0.973083 vdsxy
3 0.761151 22
4 0.359614 0.359648
0 0.764818 mngvp
0 0.499641 zczvw
0 0.474849 ktskv
3 0.761303 18
4 0.44011 0.440152
3 0.799724 28
3 0.080895 3
3 0.319649 14
2 0.761703 0.000922
1 0.465483
2 0.367322 0.00014
1 0.050071
2 0.607455 0.0001
3 0.761762 16
0 0.267933 bdqzi
1 0.215098
3 0.198849 49
2 0.673021 0.000215
0 0.761244 noqqk
1 0.263442
4 0.349593 0.349596
1 0.990507
4 0.018172 0.018264
