1 0.325915
3 0.301197 11
1 0.690875
0 0.15136 azzbj
3 0.368289 21
0 0.954986 brbln
1 0.110277
2 0.271473 0.000936
4 0.890498 0.89051
4 0.152272 0.152334
2 0.733633 0.000689
4 0.401346 0.401346
1 0.089527
2 0.561462 0.000575
4 0.944335 0.944401
0 0.592009 hiyff
2 0.025771 7.8e-05
4 0.282735 0.282812
3 0.381966 49
2 0.901508 0.000834
2 0.094775 0.000532
4 0.504621 0.504681
2 0.582435 0.000635
3 0.526771 3
3 0.11878 12
2 0.49071 0.000118
4 0.972917 0.973007
3 0.338413 27
2 0.024174 0.000296
3 0.331396 4
4 0.98366 0.983691
2 0.655225 0.000552
2 0.724159 0.000988
4 0.558752 0.558811
0 0.630342 etwnp
4 0.78787 0.787938
4 0.642636 0.642733
1 0.183162
3 0.622854 10
0 0.373166 ecuhl
2 0.910307 7.4e-05
1 0.985411
3 0.801498 3
4 0.544606 0.544609
2 0.127184 0.00057
4 0.058652 0.058731
2 0.654449 0.000513
4 0.812895 0.812914
0 0.919145 hncft
2 0.872457 0.00069
1 0.326368
1 0.269409
1 0.688747
0 0.286262 tkube
3 0.032563 5
1 0.881965
0 0.163848 tudpp
4 0.254543 0.254579
1 0.278585
4 0.833349 0.833387
1 0.102759
4 0.091745 0.091771
3 0.983522 28
2 0.38255 0.000881
1 0.415113
1 0.361434
0 0.110138 xabbu
2 0.389997 0.000762
0 0.755435 njvzb
1 0.999982
0 0.641022 frkzg
4 0.179541 0.179543
2 0.057327 0.000785
1 0.098962
2 0.220846 0.00033
4 0.786105 0.786184
1 0.7005
1 0.782526
2 0.279251 0.000263
1 0.003499
2 0.164758 0.000522
3 0.659745 24
3 0.053634 10
1 0.378989
3 0.518245 26
1 0.617207
3 0.641542 39
4 0.427648 0.427668
3 0.6445 37
4 0.878074 0.878164
4 0.015016 0.015106
2 0.696126 0.000364
2 0.872224 0.000938
2 0.925858 0.000151
0 0.821199 eivsc
1 0.411774
1 0.36533
2 0.537652 0.000895
0 0.809039 zxlfs
1 0.399645
4 0.326654 0.326722
1 0.030858
3 0.238677 43
3 0.588213 25
0 0.358445 ajbvl
4 0.156051 0.15608
4 0.481442 0.48151
3 0.873823 9
3 0.336695 6
2 0.03093 0.000445
0 0.165456 gmbmb
3 0.834023 14
3 0.495691 17
0 0.11409 ynrjv
0 0.374903 xmgos
0 0.926872 ukara
3 0.111678 16
3 0.620376 41
2 0.003872 0.000682
2 0.157587 0.000124
0 0.47 uyexp
4 0.579015 0.579069
0 0.57382 qfopo
1 0.763461
4 0.935131 0.93516
2 0.071859 0.000773
0 0.075731 rqqhr
0 0.132901 zlgcp
0 0.830858 azclk
3 0.649689 9
1 0.718468
0 0.413073 ppgtv
3 0.074054 5
0 0.331375 digxg
3 0.453921 22
3 0.241987 19
4 0.748305 0.74833
2 0.397994 0.000884
1 0.632815
1 0.229879
3 0.488828 25
1 0.299313
3 0.112117 18
1 0.443492
1 0.972155
4 0.096529 0.096581
4 0.066802 0.066828
4 0.825142 0.825187
3 0.573447 23
3 0.487793 9
4 0.326353 0.326408
1 0.844266
0 0.696849 qpkor
1 0.675046
4 0.462392 0.462419
3 0.812013 31
4 0.648532 0.648555
2 0.095087 0.00067
2 0.615157 0.000464
1 0.952033
4 0.890681 0.890769
3 0.251299 18
2 0.91123 0.000479
1 0.43063
0 0.876894 wzmdo
1 0.297388
2 0.832535 0.000612
4 0.927622 0.927656
3 0.059132 0
4 0.011165 0.01124
3 0.529954 38
2 0.668574 0.000202
3 0.884053 35
0 0.099059 dvmch
3 0.82482 35
0 0.657355 acutn
4 0.001334 0.001415
4 0.965561 0.96564
0 0.499351 zouas
1 0.011166
4 0.025723 0.025779
2 0.699244 0.000653
3 0.524065 39
0 0.697772 nkmli
1 0.598759
1 0.680248
0 0.928415 gxgmv
2 0.137011 0.000121
4 0.039335 0.039431
0 0.26011 kmnrj
3 0.09963 10
2 0.415085 0.000285
3 0.407353 44
4 0.087601 0.087617
2 0.018487 0.00074
3 0.352232 18
0 0.489243 sgzkw
1 0.332781
0 0.370896 piyvd
1 0.765707
2 0.326327 0.000338
0 0.777014 krbxh
0 0.525818 oggpw
0 0.423958 hnjet
2 0.023099 4.9e-05
2 0.215587 0.000108
1 0.760368
1 0.081875
4 0.005535 0.005617
1 0.83374
1 0.271839
0 0.553599 cntmf
2 0.453562 0.000475
3 0.417349 28
0 0.658582 jbypw
0 0.873136 jhjxg
3 0.137033 3
2 0.634859 0.000602
1 0.318717
4 0.075485 0.075573
3 0.045399 15
3 0.462748 44
3 0.637682 26
0 0.783858 ertwh
3 0.02185 16
2 0.004856 9.9e-05
0 0.743348 piuri
4 0.352216 0.352249
3 0.520231 11
3 0.562327 17
1 0.017955
2 0.343459 0.000351
0 0.99203 othas
0 0.570941 tyzan
0 0.243092 cgqaj
3 0.717106 33
3 0.757075 36
3 0.671172 47
4 0.044988 0.045018
4 0.659928 0.659999
1 0.786582
1 0.545194
2 0.082108 0.000187
1 0.949861
3 0.962195 20
2 0.073855 1.3e-05
2 0.738451 0.000471
2 0.965374 0.000546
3 0.210252 20
0 0.557834 vwowm
1 0.326904
2 0.376608 0.000449
4 0.095711 0.095722
4 0.057907 0.057938
4 0.131762 0.131858
3 0.386565 17
0 0.351939 zckrz
3 0.855346 46
3 0.850685 39
1 0.148957
1 0.479028
2 0.686332 0.000664
4 0.877995 0.878011
1 0.095479
0 0.84365 ovmej
2 0.330512 0.000733
1 0.850448
3 0.813429 45
1 0.899457
2 0.995996 0.00074
4 0.956879 0.956899
2 0.643211 0.000785
3 0.521207 3
1 0.616686
3 0.473226 13
3 0.219794 10
3 0.318302 23
1 0.495353
1 0.778681
0 0.029768 zmoqo
2 0.442715 0.000805
1 0.602278
2 0.054841 0.000837
0 0.684417 rtbnl
2 0.957901 0.000601
4 0.431426 0.43145
4 0.239048 0.239054
4 0.785168 0.785214
4 0.404121 0.404203
4 0.761215 0.761264
1 0.898368
4 0.959014 0.959075
2 0.446861 0.000978
4 0.353187 0.353212
0 0.17705 trcvd
3 0.739413 15
4 0.304697 0.304731
0 0.627278 puigx
4 0.202794 0.202837
0 0.672355 yupzo
0 0.325996 kdvrk
3 0.180154 12
3 0.001204 48
0 0.628482 itlrz
3 0.403425 5
0 0.592132 tozsr
2 0.123668 0.000228
2 0.065001 0.000665
1 0.055799
3 0.716905 13
3 0.234461 11
1 0.379296
0 0.012658 uwojr
4 0.686943 0.687005
3 0.910411 29
4 0.586558 0.586617
4 0.925138 0.925206
0 0.565155 pvsad
4 0.568438 0.568457
0 0.947734 ejxnx
4 0.446621 0.446701
2 0.357936 0.000123
1 0.687715
3 0.884344 26
4 0.325835 0.32593
0 0.89099 wngfs
1 0.755482
3 0.653368 18
3 0.439102 30
1 0.713156
4 0.400249 0.400285
4 0.758185 0.758196
0 0.962253 nrbww
1 0.546668
1 0.239693
0 0.415472 fmlby
4 0.950843 0.950931
3 0.275173 16
4 0.299934 0.299999
2 0.195718 0.000803
0 0.90564 bjjkg
2 0.888666 1.1e-05
3 0.644711 48
1 0.587799
4 0.007746 0.007768
1 0.473232
0 0.439404 uomgo
3 0.408148 45
3 0.576696 35
4 0.174848 0.174942
3 0.325974 4
1 0.744567
0 0.737104 brdbu
2 0.970231 0.000808
3 0.348052 48
1 0.859968
4 0.537801 0.53787
4 0.678994 0.679059
2 0.171595 0.000365
3 0.649883 8
2 0.53319 0.000814
0 0.061207 jjgse
0 0.750369 ftmpv
3 0.016285 48
4 0.800754 0.800823
0 0.678271 kqqvk
4 0.292796 0.292886
0 0.144578 aozqg
0 0.655142 annfb
1 0.482672
1 0.781791
3 0.03986 12
3 0.718132 41
0 0.96512 uljsf
0 0.8592 ortoc
3 0.255045 15
4 0.743262 0.743329
4 0.830805 0.830896
0 0.612596 ewrqk
2 0.566246 2e-06
2 0.517134 1.9e-05
0 0.756664 lfzsr
3 0.932631 19
0 0.162348 ptrng
4 0.326395 0.326408
1 0.563145
2 0.418013 0.000379
1 0.500611
1 0.216503
0 0.465753 hgkio
0 0.848672 winkz
4 0.309763 0.309769
3 0.63388 17
0 0.570594 hfqqy
0 0.252045 cagmf
1 0.144788
0 0.230063 ulyfb
3 0.713023 1
4 0.232981 0.233012
4 0.519198 0.519255
0 0.326794 ncnsf
1 0.484738
3 0.088504 47
0 0.749644 klhje
4 0.418633 0.418701
2 0.447634 0.000962
4 0.743165 0.743254
4 0.147974 0.147983
0 0.708854 lojym
3 0.263181 2
4 0.490828 0.490882
3 0.927292 22
2 0.904893 0.000512
1 0.323526
2 0.061613 0.000512
0 0.520094 hoiax
1 0.403858
3 0.344182 45
0 0.732741 ndhpc
0 0.186762 uiaet
2 0.032114 0.000568
2 0.835978 0.000563
2 0.383008 0.000899
3 0.078012 47
4 0.998222 0.998267
3 0.894967 37
4 0.762519 0.762578
4 0.656678 0.656688
1 0.84344
4 0.52378 0.523828
2 0.335316 0.000522
4 0.006237 0.006246
2 0.0958 0.000743
0 0.416052 lpdlf
1 0.550857
0 0.778533 jtoho
0 0.320231 hloxx
0 0.482459 ewfha
1 0.124847
2 0.62052 7e-06
3 0.425959 38
1 0.976817
1 0.818654
0 0.32966 ouukz
4 0.476019 0.476075
4 0.404474 0.40451
0 0.530387 mmbxi
3 0.52975 12
0 0.731473 vweut
0 0.731128 jzynf
4 0.326043 0.326083
0 0.655603 mzkor
3 0.924763 6
1 0.454513
3 0.836769 36
1 0.546155
2 0.713332 0.000334
4 0.960812 0.960885
3 0.582952 23
2 0.416337 0.000624
3 0.304977 16
3 0.977258 8
0 0.618745 tgckg
1 0.42695
0 0.700359 twhpw
3 0.15454 17
1 0.737492
2 0.397165 0.000829
3 0.098843 7
4 0.488828 0.488845
2 0.064803 0.000163
4 0.098263 0.098286
1 0.952847
0 0.573802 kpscz
4 0.0379 0.03798
4 0.782267 0.782315
1 0.535261
3 0.293788 29
4 0.268947 0.26901
2 0.221364 0.000808
3 0.308879 29
3 0.939903 30
0 0.568948 iiiro
1 0.855806
4 0.824088 0.82416
4 0.127336 0.127367
0 0.344102 smftl
2 0.18233 0.00055
0 0.49121 torav
3 0.501494 18
4 0.109375 0.109457
3 0.481533 49
3 0.739806 33
2 0.138037 0.00083
1 0.830056
2 0.451924 2.2e-05
3 0.948776 4
3 0.347574 16
0 0.74658 gefah
2 0.924966 6.3e-05
4 0.326512 0.326557
4 0.888403 0.888483
3 0.542792 11
4 0.372848 0.372916
0 0.680222 xlanu
0 0.102649 dqzyj
2 0.5915 0.000739
1 0.649497
2 0.499488 4.2e-05
3 0.904243 23
2 0.963387 0.000786
3 0.336235 6
4 0.532809 0.532884
3 0.219087 44
3 0.402632 45
3 0.030909 36
1 0.136682
0 0.777712 eqtsj
3 0.167461 41
1 0.84024
3 0.638064 4
0 0.817471 edoga
2 0.636021 0.000398
2 0.827746 0.000307
0 0.013957 dmjkb
0 0.783574 clkij
3 0.391221 27
2 0.032739 0.000648
2 0.207065 0.000694
2 0.116831 0.000638
0 0.945582 uwlyb
3 0.117996 7
2 0.006147 0.000338
2 0.299247 0.000172
0 0.41789 xjraw
2 0.492461 0.000387
0 0.051507 vlvtd
2 0.624556 0.000627
1 0.406642
0 0.932873 zvqvl
2 0.060611 0.000543
4 0.019248 0.019332
3 0.836061 9
0 0.844875 frmlm
0 0.531323 fjpia
3 0.078525 2
2 0.343785 0.000572
2 0.390668 0.000192
0 0.170212 hygjj
2 0.647202 0.000914
0 0.326563 riqod
1 0.225455
1 0.760362
0 0.538534 msfes
4 0.157382 0.157424
3 0.450436 17
4 0.241462 0.241468
3 0.405016 20
4 0.022718 0.022787
0 0.325722 awhbv
0 0.746894 vcuoy
1 0.359851
4 0.161085 0.161178
3 0.611521 12
4 0.369336 0.369355
0 0.774352 beggb
0 0.029562 ogyee
4 0.639184 0.63927
1 0.672318
3 0.700852 19
0 0.37829 vbhkc
4 0.542498 0.542499
2 0.267889 0.000647
1 0.093602
3 0.118771 14
4 0.732332 0.73239
3 0.263964 49
2 0.735851 0.000101
3 0.063014 5
4 0.551146 0.551241
4 0.643446 0.643505
3 0.354918 8
1 0.288719
2 0.731175 0.000367
4 0.824777 0.824854
2 0.947941 9.2e-05
4 0.603552 0.603614
4 0.022151 0.022168
2 0.170604 0.00039
3 0.536262 34
0 0.280209 hpshn
4 0.313071 0.313084
1 0.044247
2 0.686482 0.000376
4 0.093047 0.093117
3 0.715591 22
1 0.118452
0 0.235433 wzvym
4 0.277172 0.277225
2 0.706195 0.000122
2 0.325968 0.000314
0 0.596446 nzjof
3 0.754311 47
4 0.207533 0.207598
4 0.715611 0.715661
2 0.394293 0.000425
4 0.609237 0.609273
1 0.620742
3 0.523907 14
1 0.530396
4 0.169602 0.1697
1 0.172515
0 0.206997 sgtdo
1 0.555353
4 0.982672 0.982736
4 0.515265 0.515274
4 0.055804 0.05585
1 0.389868
4 0.175846 0.175873
0 0.903134 lnexl
1 0.824553
2 0.322408 0.000928
2 0.153876 0.000353
0 0.225581 bokau
0 0.443298 jffqr
3 0.278558 2
4 0.755433 0.755512
1 0.358206
2 0.967124 0.000111
1 0.805884
2 0.831035 0.000112
0 0.186801 fylro
3 0.392747 22
4 0.378101 0.378124
1 0.807748
3 0.513551 1
3 0.785337 30
1 0.143543
3 0.974607 7
1 0.780492
4 0.880357 0.880361
4 0.067158 0.067256
3 0.625101 40
2 0.553099 0.000638
4 0.93966 0.939751
4 0.174653 0.174693
3 0.688205 41
3 0.473542 21
1 0.133437
1 0.289278
4 0.326685 0.326728
2 0.842727 0.000339
2 0.801025 0.000175
3 0.990268 32
4 0.572258 0.572271
4 0.532349 0.532418
3 0.816541 49
0 0.879582 jgqab
4 0.014889 0.014905
4 0.601011 0.601022
1 0.443738
1 0.510958
1 0.714378
3 0.751384 10
2 0.323642 0.000475
4 0.372343 0.372387
2 0.188885 0.000696
4 0.584819 0.584854
3 0.211875 46
4 0.453212 0.453299
2 0.325446 0.000498
4 0.225288 0.225377
2 0.252598 0.000705
0 0.516127 jrumx
3 0.171778 5
2 0.360663 0.000101
1 0.945483
2 0.081359 0.00071
0 0.851771 wtysu
2 0.194009 0.000613
1 0.446607
0 0.579351 opjxu
4 0.496966 0.497043
0 0.696736 yzjpa
4 0.308238 0.308263
2 0.43516 0.000199
0 0.403881 lfukw
2 0.436508 0.000565
3 0.760971 0
1 0.368518
0 0.134018 enepl
3 0.471415 37
4 0.779653 0.779667
1 0.731165
4 0.859319 0.859418
3 0.075649 41
0 0.798862 vgfpj
3 0.068887 27
3 0.719257 22
0 0.066363 tgror
0 0.326385 glkto
1 0.933464
2 0.200853 0.000678
0 0.144789 yakhw
0 0.887411 wzfdy
4 0.919162 0.919249
2 0.642228 0.000618
2 0.124372 6.3e-05
0 0.982187 qxdtf
4 0.570834 0.570869
2 0.401055 0.000883
3 0.816515 8
1 0.951233
2 0.043517 0.000667
3 0.707619 29
2 0.954376 5.7e-05
0 0.518955 gmibd
3 0.768619 1
4 0.449301 0.449386
0 0.99644 jqysk
2 0.476993 0.000598
2 0.14566 0.000816
1 0.73349
0 0.427219 ajmzf
4 0.203649 0.203743
4 0.488621 0.488667
3 0.454274 33
0 0.450714 bweqg
0 0.107181 aiwbh
1 0.108779
4 0.498935 0.499015
3 0.365968 24
4 0.08597 0.085989
0 0.574591 myzod
3 0.993528 32
1 0.623716
4 0.449803 0.449901
1 0.770112
2 0.60531 0.000912
3 0.71409 33
0 0.823122 ofnem
3 0.132169 47
0 0.740489 mtzho
1 0.545867
2 0.29813 0.00067
2 0.804739 0.000782
4 0.410049 0.410095
4 0.640491 0.640572
2 0.979966 0.000509
1 0.278613
0 0.326746 nnazz
3 0.19852 28
4 0.347632 0.347728
2 0.162114 0.000418
4 0.966853 0.966854
1 0.893255
4 0.955117 0.955163
1 0.494539
2 0.687142 0.000697
2 0.670273 0.000561
0 0.301924 yvfog
3 0.47963 1
0 0.384378 iqsml
4 0.512303 0.512396
1 0.983772
1 0.119582
4 0.322604 0.322628
1 0.147633
2 0.354923 0.000494
2 0.316997 0.000672
1 0.954099
1 0.874629
1 0.15451
4 0.334459 0.334524
4 0.135607 0.135664
4 0.119309 0.119321
4 0.61461 0.614647
0 0.734192 msckh
3 0.138389 46
2 0.455387 0.00027
3 0.925838 27
3 0.875919 37
4 0.210378 0.210432
3 0.862337 14
4 0.981646 0.981722
3 0.596256 15
1 0.8468
1 0.225622
4 0.352181 0.352255
4 0.006922 0.006994
1 0.462309
3 0.164866 47
0 0.871079 puarq
4 0.369486 0.369563
4 0.351132 0.351138
4 0.947389 0.94746
2 0.794189 0.00079
2 0.21461 0.000323
1 0.685649
0 0.265194 wzfpk
4 0.326388 0.326406
4 0.918621 0.918652
1 0.288107
4 0.190242 0.190282
2 0.941906 0.000981
3 0.137131 22
3 0.557978 33
3 0.683199 34
4 0.464745 0.464764
4 0.222534 0.222552
0 0.909593 vdtjk
0 0.270146 tkuiw
1 0.181037
3 0.055777 10
4 0.130107 0.130152
2 0.813307 0.000531
1 0.794404
0 0.29535 lslaf
1 0.109048
1 0.433353
3 0.852694 20
4 0.829434 0.82946
2 0.74808 0.000264
0 0.32021 ddhxe
1 0.066752
0 0.090733 ttqit
3 0.187544 39
1 0.770092
0 0.588199 vgwvq
2 0.716653 0.000659
0 0.553215 uqapl
1 0.790513
1 0.390594
3 0.913774 18
3 0.130015 26
0 0.661604 nulun
1 0.874185
3 0.83276 9
1 0.300419
4 0.226711 0.226718
3 0.262948 15
3 0.562809 28
1 0.469755
3 0.016455 25
2 0.662822 0.000603
2 0.840779 0.000438
1 0.983678
3 0.189739 47
0 0.146583 hwdrj
3 0.688885 4
1 0.326754
2 0.980133 0.000521
4 0.845582 0.84561
1 0.602526
3 0.007039 10
2 0.379478 0.000978
2 0.630303 0.000718
4 0.271665 0.271666
3 0.402184 32
2 0.503877 0.000875
4 0.402533 0.402551
2 0.106725 0.000922
3 0.913598 33
2 0.736926 6.9e-05
3 0.739429 11
0 0.099063 hqwzp
0 0.293611 hlzsg
0 0.591452 drher
0 0.076902 oerph
4 0.647941 0.647954
4 0.747005 0.747009
2 0.189381 0.00015
4 0.004168 0.004229
3 0.536874 11
0 0.949777 zalqu
1 0.493832
0 0.597098 svzbp
3 0.705519 47
4 0.968876 0.968878
1 0.674609
4 0.346762 0.346839
3 0.659113 2
4 0.170688 0.170769
0 0.790068 lkhfg
2 0.796246 0.000111
3 0.869705 38
4 0.42151 0.421569
2 0.375804 0.000435
1 0.329413
4 0.051295 0.051322
4 0.951765 0.951805
3 0.737144 29
4 0.156161 0.15621
0 0.327375 xnqer
0 0.3819 hhaso
2 0.687327 0.000623
3 0.01674 19
0 0.209268 ftolz
4 0.611683 0.611722
4 0.636595 0.636661
2 0.326253 0.000157
0 0.013926 crmtp
2 0.151926 0.000473
2 0.045046 0.000214
2 0.505814 0.000834
2 0.918347 9.4e-05
1 0.068024
4 0.126336 0.126351
0 0.279283 guwzt
1 0.228398
2 0.791876 0.0006
2 0.358022 0.000989
0 0.127847 ysjic
2 0.422315 0.000945
2 0.936968 0.000969
3 0.063304 37
0 0.858939 qiako
1 0.838892
3 0.844359 44
0 0.202381 maocy
2 0.621278 0.000328
1 0.559945
3 0.154583 14
4 0.843313 0.843383
3 0.149418 10
4 0.130966 0.131006
1 0.00841
3 0.822541 14
2 0.647385 0.000776
0 0.052923 vejvq
3 0.979132 29
4 0.715757 0.715771
0 0.885704 nkdfs
1 0.656117
4 0.73599 0.736017
2 0.558531 0.000743
1 0.722268
0 0.624301 bdtws
1 0.398101
3 0.556217 42
3 0.055932 47
2 0.431664 2.4e-05
4 0.956814 0.956876
3 0.612931 43
3 0.793811 46
1 0.456906
2 0.350719 0.000778
1 0.642263
3 0.440833 21
4 0.651919 0.651991
4 0.326779 0.326831
1 0.721013
1 0.728437
4 0.379638 0.379689
3 0.197216 35
2 0.267136 0.000698
3 0.895587 4
2 0.762658 0.000383
0 0.404922 gqpwo
2 0.192943 0.000359
1 0.337648
2 0.306146 4.9e-05
4 0.123535 0.123622
2 0.777391 0.000255
2 0.425838 0.000391
0 0.795633 npgyw
3 0.108263 5
3 0.431456 39
0 0.587373 baodc
4 0.106782 0.106846
1 0.138469
4 0.412282 0.412307
1 0.354472
3 0.325454 5
4 0.992168 0.992188
0 0.995265 zgypw
1 0.801927
1 0.595695
3 0.388794 26
4 0.90015 0.90016
3 0.535041 31
2 0.463676 0.000756
1 0.3345
2 0.821542 0.000606
1 0.330062
1 0.517868
2 0.220926 0.000623
4 0.353504 0.353538
0 0.671783 zokzc
3 0.300418 43
3 0.351811 25
3 0.331839 33
1 0.66634
0 0.191428 sykay
4 0.000402 0.000483
3 0.870258 17
3 0.542042 39
0 0.120516 ejmfz
2 0.396891 0.000339
0 0.72873 wxcap
0 0.326203 uubsy
2 0.745209 0.000685
2 0.287251 0.000727
3 0.407767 36
2 0.301343 0.000116
1 0.329325
2 0.731766 0.000458
4 0.776691 0.776767
2 0.664778 0.000275
4 0.857404 0.857467
1 0.905141
0 0.385083 uckib
0 0.090023 pfeij
3 0.375547 35
0 0.623665 ipuqt
2 0.351948 7.3e-05
3 0.916864 6
4 0.378589 0.37863
0 0.012793 bpzia
2 0.091196 0.000375
3 0.766905 3
1 0.288292
0 0.823798 nzbdh
4 0.746111 0.746195
4 0.662975 0.663065
4 0.041564 0.041596
4 0.054358 0.054376
1 0.024265
1 0.549577
3 0.341599 4
1 0.108505
0 0.370744 hppef
0 0.86445 fndav
4 0.910108 0.910119
3 0.111692 33
3 0.612562 44
4 0.346613 0.346636
4 0.688213 0.688241
2 0.31307 4e-05
2 0.226219 0.000742
2 0.72921 0.000564
4 0.59366 0.593757
0 0.720574 jilrc
3 0.510014 44
4 0.122576 0.122616
3 0.985542 14
2 0.673755 0.000744
4 0.503177 0.503261
3 0.245748 28
2 0.974959 0.000794
1 0.326406
3 0.321897 6
3 0.348712 30
4 0.723333 0.723428
3 0.500117 23
3 0.219682 17
4 0.744406 0.744478
0 0.761252 rgaud
3 0.836209 21
2 0.92118 0.000713
0 0.75943 pdcxp
0 0.656898 uyayx
1 0.524184
2 0.628116 0.000245
0 0.243617 uslzz
3 0.897442 35
1 0.628507
3 0.654391 30
1 0.278885
1 0.568731
1 0.765032
0 0.474657 vdkwa
3 0.535217 2
3 0.778835 45
3 0.400054 18
2 0.373835 0.000412
4 0.785148 0.785167
2 0.955891 0.000549
1 0.234776
2 0.126727 0.000489
1 0.466329
2 0.945024 0.000448
1 0.852126
0 0.749099 kkdjb
0 0.082585 lakoe
0 0.376405 djuht
1 0.717168
4 0.948407 0.948505
1 0.893432
3 0.057359 8
3 0.32281 3
0 0.548567 nnxgg
2 0.903493 0.000773
3 0.177765 31
2 0.407928 0.000837
1 0.872867
3 0.29718 48
1 0.480678
4 0.58437 0.584398
0 0.84628 dhrql
4 0.326813 0.326851
1 0.768158
3 0.139222 38
3 0.430105 10
3 0.777942 24
1 0.520473
1 0.384796
1 0.687186
3 0.312133 14
3 0.158413 45
1 0.170298
3 0.362072 18
0 0.16697 okmuu
4 0.838242 0.838315
1 0.118171
2 0.899055 0.000319
0 0.589211 mspxb
3 0.199149 49
3 0.221555 0
1 0.583627
0 0.335644 wucmg
3 0.960601 17
3 0.983033 40
0 0.39844 miknh
3 0.764169 31
2 0.47967 0.000832
0 0.701225 kerem
0 0.307583 perrm
4 0.378453 0.378529
1 0.297955
3 0.237077 48
2 0.549758 0.000245
1 0.830279
3 0.151843 49
0 0.97407 xdctm
4 0.913238 0.91327
4 0.732528 0.732568
2 0.512419 0.000466
2 0.308047 0.000683
3 0.502115 12
3 0.200188 22
0 0.195014 rylkv
1 0.019977
1 0.498276
0 0.016135 phetc
0 0.289509 dldoc
2 0.34976 0.000974
0 0.549948 sykgc
0 0.848852 zvjjl
2 0.284263 0.000977
1 0.326909
0 0.822895 zdroa
0 0.071779 lcwjt
4 0.63669 0.636701
1 0.793918
4 0.6787 0.678725
0 0.946828 uzpxw
3 0.647884 0
3 0.59674 18
3 0.583755 33
3 0.655534 9
1 0.70498
0 0.841008 xmbjn
0 0.41521 iuejw
3 0.009724 1
3 0.657608 1
3 0.254348 22
2 0.354455 5.7e-05
2 0.526341 0.000218
4 0.747673 0.747676
4 0.15662 0.156703
0 0.376778 nvjew
1 0.555237
2 0.812565 0.000961
0 0.474728 sphmt
1 0.347724
0 0.324428 hjxsz
3 0.778359 32
1 0.67149
3 0.627467 31
1 0.900386
2 0.082753 2.5e-05
4 0.647715 0.647781
0 0.386636 xaopg
2 0.223353 0.000613
0 0.019247 khxbx
1 0.350376
4 0.790994 0.791037
0 0.31851 blccp
1 0.265373
1 0.468319
0 0.41521 mgvnp
4 0.275664 0.27568
4 0.048155 0.04822
4 0.631709 0.631755
1 0.886754
3 0.219041 31
3 0.613623 21
4 0.08323 0.083323
2 0.348603 0.000574
4 0.3267 0.326703
3 0.933532 15
1 0.559893
4 0.133139 0.133158
1 0.502156
1 0.770448
0 0.389139 ptymq
3 0.367307 23
3 0.369052 27
3 0.270626 1
3 0.103763 5
3 0.553648 22
0 0.113541 tmzic
2 0.685088 0.000358
1 0.858642
1 0.515921
3 0.359009 27
2 0.553084 0.000462
4 0.538862 0.538865
2 0.817365 0.000531
3 0.753172 17
1 0.471195
2 0.997172 0.000449
3 0.367833 41
1 0.402787
2 0.545981 0.000528
1 0.937287
2 0.441054 0.000649
1 0.511243
3 0.705045 32
2 0.466848 0
3 0.840732 33
0 0.149899 lozok
3 0.755324 27
2 0.674463 0.000861
3 0.501344 37
3 0.844146 44
2 0.473729 0.000387
0 0.178774 dwxmo
2 0.206207 0.00047
3 0.596525 3
1 0.467663
3 0.193776 39
0 0.644793 qfssz
0 0.275645 bnyjo
0 0.923373 wqzbn
1 0.217217
4 0.974681 0.974701
2 0.958697 0.000408
4 0.698036 0.698112
2 0.326519 0.000941
3 0.64987 23
0 0.379984 aqsvo
1 0.945995
1 0.326809
2 0.84298 0.000317
4 0.153824 0.153923
1 0.537404
1 0.184791
0 0.369084 fcqjd
1 0.041694
4 0.908654 0.908685
2 0.026067 0.000869
3 0.587981 30
0 0.789075 hjhul
1 0.13391
4 0.839635 0.839641
3 0.954395 42
0 0.291305 exyjq
2 0.169643 0.000649
1 0.19571
3 0.113754 44
3 0.989407 19
2 0.715801 0.000526
1 0.026507
2 0.620661 0.000243
0 0.425619 zpvgh
4 0.24609 0.246147
3 0.097356 40
1 0.919357
3 0.430026 25
0 0.73007 oyjty
2 0.844121 6.7e-05
2 0.464782 0.000311
4 0.406753 0.406835
1 0.039118
1 0.098268
2 0.607692 0.000925
0 0.2214 uxmvf
3 0.004263 42
4 0.22167 0.221704
4 0.187582 0.187635
0 0.66365 bsrqy
3 0.870475 8
2 0.968743 0.00011
4 0.76602 0.766058
1 0.428038
1 0.859199
1 0.501603
0 0.208564 oaesg
3 0.326043 20
3 0.511213 31
4 0.444402 0.444429
4 0.41671 0.416734
4 0.748173 0.748238
0 0.987111 ekchi
3 0.803095 22
1 0.574091
0 0.277378 nipkp
3 0.574963 34
3 0.535717 11
4 0.952428 0.952463
4 0.216953 0.216953
4 0.720416 0.720475
4 0.12096 0.120977
2 0.53946 0.000612
1 0.310508
0 0.535318 jaqbi
1 0.427135
2 0.823838 9.3e-05
4 0.176349 0.176402
4 0.797385 0.797442
4 0.700337 0.700415
0 0.087296 zclhw
2 0.913642 0.000594
3 0.965312 30
2 0.759312 0.000684
1 0.126166
0 0.399383 grsjc
1 0.44009
2 0.28333 0.000428
0 0.115643 nuqjg
3 0.977667 41
2 0.533852 0.000703
0 0.792714 wwpmk
0 0.026186 pqrdi
2 0.170148 0.000753
0 0.774505 cgdio
1 0.342018
1 0.120558
2 0.099248 0.000613
2 0.408315 0.000629
2 0.259022 0.000163
3 0.509113 1
0 0.101102 lbfft
3 0.456337 28
2 0.449823 0.000947
1 0.5212
4 0.196061 0.196157
4 0.968379 0.968475
2 0.326426 0.000619
0 0.885886 xuvhs
3 0.840781 14
3 0.047708 37
3 0.504045 18
0 0.953868 wlwnh
3 0.624207 21
0 0.790197 ksecq
2 0.326335 0.000665
0 0.285729 bidhq
3 0.431057 26
3 0.842044 47
0 0.107075 nickb
1 0.633655
2 0.054643 8.3e-05
0 0.225686 xdlfw
0 0.369238 lieqh
0 0.114959 pcmkc
3 0.562114 37
3 0.49488 29
3 0.217842 22
4 0.707325 0.707385
4 0.27711 0.277192
3 0.702737 34
3 0.824988 32
0 0.691571 xzunv
3 0.011362 9
3 0.089828 46
2 0.584708 0.000925
0 0.802551 dkupo
3 0.927894 31
2 0.137779 0.000144
3 0.192413 46
4 0.653981 0.654025
1 0.895434
0 0.034659 tvckc
4 0.614037 0.614055
2 0.416588 0.000818
1 0.959168
1 0.377154
1 0.300825
2 0.301286 0.000956
1 0.165054
2 0.308978 0.000745
3 0.078074 16
4 0.096009 0.096034
0 0.304056 ennln
2 0.740796 0.000945
1 0.931994
3 0.417869 0
2 0.326852 0.00061
3 0.031519 14
0 0.856849 jvzwp
4 0.983704 0.983715
0 0.900703 dtkrm
3 0.858584 45
0 0.063049 rkbzw
3 0.145913 4
4 0.51599 0.515995
0 0.20377 zoare
0 0.995657 fhkmx
3 0.8069 9
0 0.161795 xcima
2 0.985915 0.00039
1 0.799267
1 0.968836
2 0.678503 0.000516
2 0.332247 0.000833
2 0.588603 0.00049
4 0.662241 0.662329
4 0.349166 0.34921
1 0.894675
4 0.070408 0.070441
4 0.445302 0.445367
1 0.52853
3 0.198576 13
0 0.156957 gyljw
3 0.629203 11
3 0.818693 22
4 0.066834 0.066917
0 0.598978 leytk
1 0.102107
1 0.450367
2 0.533281 0.000944
2 0.509333 0.000253
4 0.300765 0.300779
0 0.725063 iecan
1 0.049343
3 0.419034 13
1 0.489079
1 0.700708
0 0.226842 pfocy
2 0.043257 0.000634
2 0.365511 0.000438
2 0.039577 0.000613
3 0.881352 44
1 0.995791
3 0.590917 36
1 0.009952
1 0.795262
3 0.326237 18
1 0.439916
3 0.282647 28
4 0.431971 0.432006
0 0.090628 cyrpc
1 0.68028
0 0.616907 elpsx
4 0.681513 0.681551
2 0.637627 0.000813
0 0.820584 kpbdh
4 0.312095 0.312165
4 0.555093 0.555184
2 0.354021 0.000878
3 0.034302 10
3 0.226725 9
0 0.496987 wimsf
2 0.936639 0.000738
3 0.053368 32
1 0.004328
4 0.340552 0.340575
1 0.515439
3 0.37124 26
0 0.06047 jpuqb
4 0.740312 0.74032
0 0.324056 wqgha
0 0.196651 mcikq
2 0.236513 0.000307
1 0.624382
2 0.082018 0.000624
2 0.847277 0.000168
2 0.737974 0.000789
4 0.478286 0.478336
1 0.802342
3 0.985669 4
3 0.331711 6
0 0.731121 axqij
2 0.246858 0.000944
4 0.779757 0.779771
3 0.856774 41
3 0.245574 15
0 0.672263 vrvzt
0 0.337551 cgxpi
2 0.548054 0.000298
4 0.587356 0.587432
4 0.9683 0.968335
4 0.947614 0.947685
3 0.290557 26
4 0.371474 0.371545
4 0.930677 0.930695
0 0.808574 dchmu
4 0.326185 0.326226
3 0.228568 47
1 0.129944
4 0.583749 0.583781
3 0.531363 5
3 0.338273 33
3 0.709747 5
2 0.156777 0.000475
0 0.481703 fjhbh
2 0.708361 0.000203
3 0.220101 21
1 0.319198
3 0.882677 47
0 0.697165 wtthq
1 0.515035
2 0.604021 0.000164
3 0.161496 17
2 0.038245 0.0004
2 0.800178 0.000722
0 0.293381 rrnjm
3 0.697476 16
0 0.394641 omwqs
3 0.239505 22
1 0.427669
2 0.140384 0.000536
1 0.178629
2 0.294475 0.000808
1 0.271693
4 0.660797 0.660809
4 0.991948 0.992029
4 0.205776 0.205873
4 0.116769 0.116796
3 0.876366 47
3 0.218529 2
2 0.197417 0.000171
1 0.337801
3 0.904197 30
2 0.715025 0.000238
3 0.986718 30
3 0.45573 26
3 0.957611 46
0 0.91166 mdvas
2 0.792024 0.000251
4 0.071051 0.071071
1 0.949629
1 0.716271
1 0.339252
0 0.085203 oifke
3 0.754801 49
4 0.578247 0.578283
1 0.326807
1 0.78386
0 0.531703 jlige
3 0.112916 10
4 0.483095 0.483159
4 0.568298 0.568305
0 0.156572 gmtll
0 0.448881 ublmo
3 0.507012 37
3 0.957582 30
2 0.376821 0.000733
1 0.135234
0 0.614771 pntsm
3 0.280887 1
4 0.151521 0.151588
1 0.600403
2 0.923279 0.000426
4 0.285966 0.285975
3 0.664003 27
0 0.211783 phrzd
1 0.414636
3 0.848389 9
1 0.442073
3 0.265118 24
4 0.932991 0.933034
2 0.533394 0.000215
3 0.59682 34
4 0.90713 0.907199
3 0.556559 35
3 0.708396 24
4 0.508261 0.50831
0 0.922897 qxfde
4 0.707223 0.707237
3 0.156567 9
2 0.689961 0.000825
0 0.803134 olsch
0 0.379416 pkicd
3 0.434019 35
2 0.275684 9.4e-05
1 0.592126
3 0.775846 42
3 0.932413 2
2 0.138727 0.000427
4 0.941861 0.941949
1 0.168477
1 0.10363
4 0.604739 0.604817
3 0.101981 20
1 0.786976
4 0.463901 0.463995
1 0.326032
2 0.619207 0.000963
0 0.881157 cuaxv
3 0.303669 16
0 0.988498 xpolq
3 0.563311 45
4 0.866639 0.866676
0 0.280133 sxalv
1 0.543416
3 0.243295 15
2 0.605103 0.000441
0 0.425124 yewkm
1 0.689979
0 0.835259 ygwpq
0 0.916415 fsglt
2 0.044685 0.000832
4 0.6669 0.666929
4 0.407694 0.407731
3 0.779754 11
4 0.524756 0.524837
2 0.214735 0.000779
2 0.984378 0.000524
2 0.137012 0.000206
0 0.053427 ybxqj
4 0.15456 0.154618
3 0.821461 40
4 0.745507 0.745536
4 0.041613 0.041703
3 0.566369 24
1 0.781104
3 0.666025 34
4 0.197109 0.197207
0 0.458204 ztvyw
4 0.249805 0.249881
2 0.721065 0.000889
4 0.28866 0.288756
3 0.894064 9
4 0.467253 0.467283
3 0.911054 34
3 0.577079 21
2 0.774188 0.000219
4 0.748745 0.748842
1 0.173608
3 0.700413 49
0 0.253841 hmobo
0 0.442256 xrnxc
0 0.614931 pxiuo
2 0.3467 0.000763
2 0.12725 0.000661
2 0.177575 0.000427
1 0.326183
2 0.4989 0.000703
0 0.325108 ffmph
0 0.674646 mcqef
0 0.253669 catca
4 0.773059 0.773072
1 0.559768
3 0.022142 25
3 0.266197 20
1 0.77573
3 0.024206 7
2 0.773463 0.000806
4 0.137651 0.137663
4 0.210201 0.210249
0 0.765302 faecy
3 0.465439 48
1 0.620257
2 0.700706 0.000327
4 0.441228 0.441234
0 0.581052 zckns
3 0.737179 48
4 0.947381 0.947427
0 0.229035 fabay
4 0.249199 0.249235
3 0.869456 28
1 0.176135
3 0.328175 41
0 0.425579 nkfng
1 0.624413
3 0.78072 46
1 0.429502
3 0.594737 13
4 0.378497 0.378497
4 0.627696 0.627732
4 0.013504 0.013569
0 0.189639 vnlan
2 0.192694 0.000449
1 0.746149
2 0.966986 0.000454
2 0.055133 0.000405
2 0.888666 0.000142
0 0.084693 ejibh
3 0.336191 31
0 0.042183 edujo
3 0.148035 29
4 0.894185 0.894201
2 0.016639 0.000626
0 0.738397 phvkc
1 0.505492
3 0.07257 8
1 0.326704
3 0.967297 7
3 0.177113 48
2 0.325916 0.000386
3 0.817292 21
0 0.275654 ctkyo
1 0.914851
1 0.743575
4 0.189695 0.189703
1 0.343056
1 0.17877
2 0.085774 6.7e-05
0 0.694018 ziylm
0 0.98274 fznfk
2 0.435388 0.000401
0 0.866591 ymnms
4 0.784356 0.784444
4 0.301553 0.301615
4 0.40976 0.409792
1 0.547966
4 0.663857 0.663914
2 0.646597 7.2e-05
4 0.421344 0.421345
0 0.501593 zhkgt
0 0.75951 cjawl
3 0.916476 5
4 0.326237 0.326326
0 0.874203 sigsu
1 0.199729
3 0.499037 36
4 0.344279 0.344324
2 0.572464 0.00016
0 0.848326 eebbv
1 0.560774
2 0.231705 1.1e-05
1 0.962642
1 0.338052
4 0.048679 0.048771
3 0.654215 22
3 0.669605 10
2 0.530236 0.000457
2 0.1027 0.000617
2 0.951026 0.000992
1 0.892901
0 0.234688 amnfj
1 0.119129
2 0.26708 0.00027
1 0.413925
3 0.808593 49
3 0.99455 9
1 0.326732
3 0.627486 36
2 0.094865 0.000131
0 0.987766 jkuud
2 0.715619 0.000541
3 0.304966 24
3 0.459344 49
1 0.784289
3 0.538717 40
4 0.846853 0.846931
3 0.914593 15
0 0.91488 nghkw
1 0.442644
0 0.953257 teinj
4 0.397276 0.397317
0 0.035512 dulhs
4 0.535901 0.535966
2 0.499718 0.00093
4 0.5584 0.55843
2 0.604848 0.0008
0 0.563845 itwze
4 0.87754 0.877594
0 0.513981 qtrdm
1 0.303442
3 0.702887 8
2 0.718957 0.00059
2 0.277357 0.000421
1 0.398557
3 0.008711 2
0 0.966439 mptak
3 0.469583 3
0 0.677738 hqvhc
0 0.644193 yueel
4 0.775427 0.775434
2 0.113 0.000719
4 0.795237 0.795247
1 0.177917
4 0.852687 0.852776
4 0.32227 0.322312
0 0.516361 qvmje
0 0.572158 zytac
0 0.419225 zfnny
4 0.313497 0.3135
1 0.484028
2 0.492572 0.000583
4 0.737614 0.737657
2 0.240624 0.000216
2 0.684941 0.000296
2 0.2571 0.00044
0 0.708761 dthfa
1 0.326882
3 0.425206 16
3 0.963289 45
2 0.972213 0.00078
3 0.709827 23
1 0.466804
1 0.998888
2 0.434239 0.000196
4 0.38768 0.387778
0 0.984918 rgwub
3 0.782359 45
2 0.226176 0.00073
3 0.670373 7
2 0.722153 0.0004
1 0.423528
3 0.218227 21
2 0.886325 0.00071
0 0.327874 rdxqa
3 0.795747 9
3 0.927577 21
0 0.484614 kornr
4 0.856525 0.856561
0 0.796405 vikcg
1 0.152884
4 0.367977 0.368071
1 0.129638
0 0.752461 zsjin
1 0.853929
1 0.728033
1 0.416918
2 0.970815 0.000795
4 0.285127 0.285127
4 0.301315 0.301391
0 0.236532 kyasl
0 0.94263 lfbcv
3 0.676113 32
2 0.958659 0.000965
0 0.89193 plptj
3 0.951955 0
4 0.981645 0.981728
4 0.680571 0.680578
1 0.766743
4 0.322343 0.322375
3 0.223062 47
4 0.493096 0.493106
1 0.13341
2 0.964098 0.000651
4 0.602233 0.602291
4 0.193074 0.193115
4 0.661381 0.661425
4 0.326094 0.326129
4 0.392186 0.392283
4 0.523797 0.523889
1 0.648771
2 0.035074 0.000972
3 0.612336 5
0 0.66461 rjoor
1 0.403215
0 0.677655 hdnop
2 0.096629 0.000133
4 0.219673 0.219704
3 0.86995 4
0 0.421376 yngoc
3 0.190686 44
2 0.400827 0.000221
0 0.320395 aewno
1 0.147854
4 0.7383 0.738387
0 0.474326 rgumg
4 0.643702 0.643744
1 0.742833
3 0.530391 22
2 0.353881 5.1e-05
1 0.928466
3 0.558378 7
2 0.876988 0.000222
1 0.541194
3 0.517818 32
4 0.992144 0.992148
0 0.852772 cfuwv
0 0.698017 lbnog
2 0.975937 0.000936
1 0.050667
0 0.856585 hujbl
2 0.928384 0.000782
3 0.084188 27
3 0.395669 3
1 0.834501
4 0.649516 0.649586
2 0.663105 0.000111
3 0.546926 5
2 0.842862 0.000198
4 0.835858 0.835894
2 0.020427 0.000239
2 0.682938 0.000513
3 0.96172 32
1 0.582349
0 0.073971 bpumh
1 0.255641
2 0.703157 0.000205
3 0.325972 13
0 0.887929 csupb
3 0.375189 6
3 0.853261 38
4 0.435611 0.435626
2 0.317014 0.000313
3 0.287493 28
4 0.059486 0.059538
3 0.008691 3
0 0.660101 qvezs
1 0.271237
0 0.350671 mctai
0 0.451651 btjlv
2 0.767135 0.00079
3 0.91064 43
2 0.014543 0.000713
3 0.954411 48
0 0.04975 cjlpq
3 0.635455 7
3 0.846782 27
4 0.453275 0.453299
1 0.00673
3 0.35804 16
3 0.506388 6
3 0.17978 1
2 0.029625 0.000812
2 0.4275 0.000562
1 0.974565
1 0.344627
1 0.057019
2 0.465358 0.000529
1 0.776688
3 0.796492 12
1 0.319574
2 0.684556 0.00044
2 0.707297 0.000298
1 0.887077
1 0.778215
0 0.195863 zinlk
4 0.638267 0.638341
0 0.134702 qdycb
2 0.885385 0.000139
2 0.284768 4.7e-05
4 0.57811 0.578154
0 0.927208 zdzbo
3 0.206088 22
3 0.557561 3
3 0.781336 6
2 0.986821 0.000838
2 0.968994 0.00046
2 0.326866 0.000294
1 0.030999
0 0.749962 pzglj
1 0.249002
4 0.987204 0.987295
3 0.885454 2
4 0.938324 0.938364
2 0.125896 0.000161
2 0.307739 0.000507
2 0.796696 0.000239
1 0.912342
2 0.838677 0.000469
4 0.862372 0.862449
4 0.798546 0.798562
0 0.5639 jsxto
1 0.304626
2 0.858336 0.00035
3 0.67185 12
4 0.970709 0.970796
2 0.6403 0.000613
1 0.481743
0 0.516463 isqgz
1 0.607355
1 0.06321
1 0.475804
2 0.416724 0.0008
1 0.976988
4 0.794051 0.794147
1 0.833964
3 0.5574 1
0 0.714053 ymorg
2 0.55752 0.000292
1 0.450433
0 0.316133 giqks
1 0.406851
0 0.537334 tvuxk
0 0.982135 xwmeo
1 0.425278
1 0.226336
3 0.715315 14
3 0.878915 47
2 0.622077 0.000869
0 0.150313 vlnll
0 0.725736 tdgfs
1 0.620538
3 0.024067 26
3 0.826738 12
3 0.542053 26
2 0.93732 0.000924
1 0.075749
3 0.325978 11
4 0.994314 0.994328
1 0.690906
0 0.614666 rmuft
4 0.811777 0.811862
2 0.323632 0.000623
0 0.818285 xdmdx
1 0.051099
0 0.620887 iglsc
0 0.995086 sonyj
1 0.144961
1 0.71457
3 0.113498 2
4 0.622545 0.622632
3 0.838269 12
4 0.528268 0.528323
3 0.087413 42
4 0.987271 0.987334
4 0.236744 0.236833
0 0.561567 zxtwd
2 0.059211 3.5e-05
1 0.689061
2 0.363397 0.000607
2 0.7116 0.000876
1 0.551504
1 0.540446
0 0.28191 vypfa
0 0.392445 hfkog
0 0.357756 vxkkk
1 0.8172
1 0.07781
2 0.235782 0.000601
1 0.430279
4 0.071868 0.071909
0 0.231598 twnok
2 0.620196 0.000871
3 0.298104 46
2 0.698684 0.000136
1 0.668839
0 0.835272 udfyf
1 0.644199
2 0.259436 6.8e-05
0 0.128528 jjwnu
0 0.003446 gphuv
4 0.839115 0.839137
0 0.507954 ktddt
1 0.10838
3 0.685736 39
4 0.401804 0.401844
4 0.382174 0.382189
3 0.326609 30
1 0.342669
3 0.751508 1
4 0.535044 0.53506
1 0.749471
1 0.846785
3 0.824164 39
4 0.382053 0.382074
2 0.067789 0.00026
3 0.985945 2
2 0.884471 0.000719
0 0.659744 bjvbl
3 0.011536 49
4 0.333752 0.333827
1 0.680275
3 0.371771 42
4 0.68278 0.682825
0 0.805313 arafs
4 0.857402 0.857409
1 0.033498
3 0.821962 17
0 0.030307 mstgn
4 0.606718 0.606794
4 0.978489 0.978509
3 0.661269 15
3 0.466582 1
1 0.498091
4 0.895756 0.895786
3 0.241215 16
3 0.256088 30
0 0.315748 drmlw
4 0.894485 0.894526
2 0.963285 0.000882
2 0.61569 0.000151
4 0.951419 0.951505
2 0.670787 0.000177
3 0.566543 7
1 0.807758
0 0.083981 ipcmj
4 0.831948 0.831997
4 0.172897 0.172931
2 0.631774 0.000771
4 0.745723 0.745785
3 0.401237 33
4 0.101654 0.101674
1 0.852609
3 0.019465 0
3 0.16269 31
4 0.8317 0.831769
4 0.024098 0.024109
4 0.326442 0.326463
4 0.537885 0.537932
2 0.448476 0.00057
4 0.911219 0.911278
2 0.909048 0.000165
2 0.940054 0.000774
2 0.959519 0.000574
3 0.638562 7
2 0.470262 0.000628
3 0.010713 41
2 0.128812 0.000719
0 0.235398 ziavs
2 0.000652 0.000586
2 0.426052 0.000751
1 0.366107
2 0.652744 0.000978
1 0.921757
0 0.76651 synpw
2 0.538749 3.2e-05
3 0.71976 31
4 0.675617 0.675656
2 0.668397 0.000818
1 0.099335
0 0.720198 xqddr
1 0.28212
2 0.441528 0.000982
3 0.908683 23
0 0.902903 oziku
4 0.667323 0.667324
0 0.960817 fubqs
3 0.576625 38
1 0.558941
1 0.055159
3 0.425953 39
1 0.180763
3 0.878869 34
1 0.811729
3 0.366914 43
0 0.267633 gdvnc
2 0.70715 0.000732
3 0.198663 7
1 0.809186
0 0.808634 mljyf
0 0.831812 admsx
0 0.327458 somwy
1 0.685626
3 0.461813 10
3 0.176828 19
4 0.986015 0.986036
0 0.883064 xprbd
0 0.326633 cpusw
1 0.177503
4 0.619733 0.619822
2 0.821711 0.000747
0 0.904773 vsqum
3 0.231706 20
1 0.297985
3 0.711452 17
4 0.180135 0.18022
2 0.701285 0.000249
0 0.033541 ldrfu
4 0.37705 0.377054
4 0.281823 0.281888
0 0.211015 yszuf
4 0.609027 0.609105
1 0.904994
4 0.072724 0.072755
1 0.774009
3 0.325828 3
0 0.535543 jlsbm
0 0.122241 jyoex
4 0.252449 0.252496
3 0.917233 27
1 0.809822
3 0.19855 46
0 0.008518 deugh
4 0.521691 0.521743
4 0.153296 0.153326
4 0.791889 0.79192
3 0.949156 49
4 0.220907 0.220956
3 0.02061 34
0 0.587592 wwarg
0 0.360662 rhkpc
3 0.68626 4
1 0.62969
0 0.840701 ugjtr
1 0.755373
3 0.064078 8
4 0.65167 0.651686
0 0.470517 hxadr
2 0.961857 0.000744
2 0.857373 4e-06
1 0.422536
1 0.774018
4 0.173619 0.173666
3 0.867192 7
1 0.622565
1 0.193345
0 0.569242 bcnkx
3 0.326669 19
0 0.755611 csudn
0 0.763016 nycic
3 0.640415 31
0 0.074213 tslhs
2 0.514884 8.6e-05
0 0.193707 ddtnw
1 0.162492
0 0.156048 zzexp
4 0.044848 0.044937
2 0.140432 8.7e-05
0 0.945712 hfwjk
2 0.193369 0.000226
4 0.954561 0.954608
3 0.987716 34
4 0.150208 0.150247
2 0.897277 0.000965
0 0.492161 qafym
3 0.283203 41
1 0.231065
2 0.251866 0.000996
3 0.395463 15
4 0.249119 0.249145
3 0.467602 42
3 0.844043 3
4 0.86018 0.86026
4 0.837178 0.837271
4 0.24514 0.245195
2 0.757186 0.000148
0 0.931177 tduxi
0 0.715336 fiwko
0 0.67353 oxfut
1 0.963761
1 0.286911
2 0.284008 0.000266
4 0.041194 0.041209
1 0.488724
1 0.830928
3 0.305294 21
3 0.536983 31
4 0.017791 0.017858
0 0.482553 ajhbe
3 0.908853 3
4 0.195765 0.195843
3 0.701031 29
4 0.134798 0.134859
0 0.12022 txqbx
2 0.865894 0.000359
0 0.530214 heqyd
1 0.25577
3 0.32654 18
0 0.990403 salpf
3 0.76536 22
4 0.059555 0.059593
4 0.654289 0.654377
1 0.199648
3 0.520715 13
4 0.905131 0.905224
0 0.076482 tpfjt
4 0.939544 0.93959
3 0.778981 13
2 0.929779 0.000573
1 0.255571
0 0.541829 csdtf
0 0.375041 edkyl
4 0.834692 0.834784
3 0.300185 45
0 0.756082 cljfk
0 0.584082 dukyb
4 0.726736 0.726754
4 0.136086 0.136097
4 0.70671 0.706798
3 0.758219 47
3 0.021511 45
3 0.775756 7
0 0.616052 tadcy
1 0.656159
2 0.944206 0.000626
3 0.35989 12
1 0.976344
0 0.57998 nckgd
0 0.332919 etlkk
0 0.445753 zfpgc
1 0.11534
4 0.348812 0.34883
2 0.225054 0.00068
1 0.71775
2 0.484791 3.6e-05
0 0.223959 xdomc
0 0.511978 jbueq
4 0.199138 0.199234
1 0.120097
1 0.383957
4 0.119255 0.119255
1 0.305287
3 0.928066 20
4 0.141102 0.141117
0 0.850894 febfh
4 0.426734 0.42678
2 0.75091 0.000713
4 0.326576 0.326578
0 0.105949 pmeri
4 0.430775 0.430816
1 0.408181
1 0.610483
3 0.21849 28
3 0.112096 41
1 0.51768
2 0.860424 0.000644
2 0.901489 0.000885
3 0.15915 38
0 0.2651 zmqky
0 0.686391 flwej
2 0.604399 0.000782
2 0.232847 0.000225
0 0.750527 nemkq
4 0.539682 0.539692
4 0.494019 0.494029
4 0.503764 0.503782
3 0.811935 21
4 0.830248 0.830287
0 0.216157 djvov
1 0.072554
2 0.836636 0.000308
2 0.93316 0.000502
3 0.415921 36
0 0.767671 roiiy
3 0.929607 12
4 0.759856 0.759909
0 0.492365 vvirk
1 0.794031
3 0.752019 42
2 0.685179 0.000194
0 0.617452 itvyt
3 0.052311 31
3 0.981918 43
2 0.258126 0.000349
4 0.750492 0.750589
4 0.096118 0.096145
2 0.011501 0.000358
2 0.76352 5e-05
4 0.965051 0.965148
1 0.582504
3 0.697594 29
2 0.189785 0.000979
0 0.741066 vseed
3 0.343861 21
2 0.26085 0.000989
4 0.219394 0.219437
0 0.004856 jjzkx
4 0.326644 0.326692
2 0.447048 0.000485
2 0.441678 0.000552
4 0.934579 0.934645
1 0.685606
1 0.895663
2 0.438893 0.000865
1 0.028233
0 0.975661 cxnan
4 0.724785 0.724785
0 0.745866 hmdfq
3 0.80639 3
2 0.265108 0.000604
3 0.087989 19
2 0.526882 0.000485
1 0.071467
2 0.784087 0.00075
2 0.165112 0.000838
3 0.949256 25
0 0.719023 eopql
1 0.047702
4 0.704499 0.704525
2 0.987456 5e-06
1 0.166075
4 0.529675 0.529687
0 0.601143 ghzaj
3 0.682742 1
0 0.77421 sjacu
0 0.318368 ejtwy
0 0.999998 posbj
0 0.864743 jkxdb
4 0.236398 0.236426
0 0.010608 daejr
3 0.359346 18
4 0.414918 0.414977
2 0.457945 0.000909
0 0.667048 hwskt
1 0.099111
3 0.017097 39
3 0.769847 17
0 0.780456 qfgnc
3 0.277249 0
2 0.208519 0.000611
2 0.666465 0.00052
2 0.333513 0.000744
3 0.743577 22
3 0.72337 34
1 0.740467
3 0.014094 15
2 0.201286 0.000123
2 0.326484 0.00017
2 0.634582 0.000771
4 0.631842 0.631933
1 0.644424
1 0.463588
3 0.220269 32
2 0.480199 5e-06
0 0.203569 isfdx
1 0.678208
1 0.810531
2 0.368884 0.0001
2 0.559936 0.000683
1 0.463392
2 0.461412 0.000108
1 0.86452
4 0.630906 0.630947
3 0.779133 40
0 0.546925 xbdfu
4 0.265059 0.265117
0 0.07559 lvenb
0 0.819956 xsiys
0 0.486231 sdrnc
0 0.066925 epgho
0 0.22175 oekyc
4 0.609067 0.609166
2 0.945375 0.000821
1 0.743095
4 0.954374 0.954461
0 0.178888 gypeg
0 0.257534 vtdan
2 0.623082 0.000252
4 0.169666 0.16974
1 0.295085
0 0.960918 tvifu
0 0.421594 upsci
1 0.166751
1 0.975747
0 0.002895 bakdn
0 0.424672 cioqd
3 0.102682 23
4 0.118941 0.118969
0 0.056887 lzirk
2 0.865764 0.00033
4 0.665114 0.665191
2 0.923152 0.000643
0 0.804271 sctck
1 0.875988
0 0.852666 rpfcn
0 0.874712 eydbl
0 0.464484 ssrgs
0 0.326295 shbaf
0 0.265126 qcbiy
3 0.937458 43
0 0.614577 yuhwo
1 0.781344
4 0.527277 0.527343
0 0.076334 kczhc
2 0.000522 0.000167
0 0.096232 rpxyx
2 0.574896 0.000298
1 0.65489
4 0.914187 0.914239
3 0.362403 49
2 0.889681 0.000815
0 0.966015 mkpzg
2 0.299373 0.000751
2 0.911957 0.000708
0 0.774026 zovno
4 0.301851 0.301937
4 0.208655 0.208675
2 0.896804 0.000522
0 0.50862 geyrc
1 0.526824
2 0.056191 0.000927
1 0.968149
2 0.848216 0.000175
4 0.749983 0.750012
0 0.834049 qbxbo
2 0.083944 0.000323
2 0.786929 0.000943
1 0.972282
1 0.774228
2 0.090377 0.000404
4 0.146569 0.146652
2 0.63107 0.000671
4 0.373245 0.373315
4 0.205326 0.205408
0 0.057769 loksv
4 0.431735 0.431834
4 0.34003 0.340118
3 0.189941 16
1 0.79667
3 0.740547 41
1 0.418865
1 0.424627
4 0.463907 0.463957
3 0.185585 32
1 0.243354
3 0.134949 15
2 0.801366 0.000819
4 0.32672 0.326779
1 0.453074
2 0.737174 0.000755
4 0.895447 0.895449
1 0.324756
2 0.066427 0.000383
3 0.046686 35
4 0.232272 0.23229
0 0.991978 dyppe
0 0.122719 mnuch
4 0.995652 0.995703
3 0.891099 6
1 0.732207
0 0.446506 xqosx
1 0.125846
2 0.750147 0.000346
3 0.346592 36
2 0.959857 0.000307
2 0.821928 0.000589
4 0.653424 0.653447
1 0.725676
4 0.668598 0.668632
0 0.400805 xjggr
0 0.14429 kotnf
0 0.058317 mmwze
1 0.011807
1 0.526231
1 0.045263
4 0.440167 0.440228
3 0.703877 18
2 0.930446 0.000415
3 0.650207 42
0 0.128136 ljrsx
0 0.347752 nyagm
4 0.039661 0.039759
2 0.601276 5.7e-05
4 0.831489 0.831491
2 0.462507 0.000506
3 0.492274 16
2 0.949818 0.000717
3 0.477338 25
1 0.474179
0 0.927593 pfypf
4 0.756031 0.756099
2 0.027343 0.000644
1 0.255175
0 0.539378 xjgxs
3 0.045049 38
2 0.201899 0.000776
4 0.198611 0.198666
1 0.326802
4 0.519206 0.519246
2 0.766775 0.000523
2 0.911494 0.000219
4 0.20527 0.205364
4 0.261 0.261026
4 0.957237 0.957302
4 0.368292 0.368358
2 0.196416 0.000265
3 0.783815 26
0 0.872158 orbvj
2 0.882767 0.000453
4 0.794261 0.794333
3 0.999532 18
0 0.776884 fxvya
3 0.777379 12
4 0.016645 0.016702
1 0.970873
3 0.471155 6
2 0.63682 0.000298
2 0.040347 6.5e-05
3 0.214808 28
2 0.745497 0.000562
1 0.630954
2 0.089172 0.000468
0 0.829186 jofsu
0 0.676036 yxuwg
1 0.561191
0 0.485421 ocmhi
0 0.594547 mzpxk
2 0.72277 0.000402
1 0.245456
4 0.971764 0.971787
0 0.6478 esyev
0 0.522101 xirlz
2 0.368398 3.6e-05
1 0.533801
0 0.825443 uutsi
0 0.35358 mlmhb
3 0.867569 18
1 0.72263
0 0.489159 qfdtx
0 0.903744 jhnub
2 0.028907 0.000398
2 0.693309 0.000553
2 0.80103 0.000825
1 0.975282
4 0.194952 0.195003
4 0.16201 0.162043
0 0.651169 aeghw
4 0.325994 0.326002
0 0.06469 qsjwn
3 0.544697 27
0 0.743522 sfpop
3 0.514901 9
3 0.166071 28
3 0.979095 42
1 0.926665
2 0.800257 0.000425
2 0.864947 0.000466
4 0.991248 0.991306
1 0.294506
1 0.798515
4 0.45483 0.454832
1 0.465954
4 0.982547 0.982594
0 0.535859 warki
3 0.560129 31
0 0.360386 jswek
4 0.136581 0.13667
3 0.847889 6
2 0.302719 0.000359
3 0.768673 5
3 0.387472 2
4 0.523496 0.523567
3 0.146799 35
3 0.706928 16
3 0.583666 22
0 0.325352 axfsc
2 0.278468 0.000728
4 0.581188 0.581227
4 0.866213 0.866257
2 0.770038 9.7e-05
3 0.293534 18
1 0.440333
0 0.787441 jkqbj
4 0.605336 0.605379
0 0.179975 mtzwl
1 0.327431
0 0.004921 xrjuj
4 0.773569 0.773652
2 0.213903 0.00074
4 0.393868 0.393881
3 0.673852 10
0 0.279189 tdcxs
2 0.43832 0.000881
0 0.765752 ewjsb
2 0.855685 0.00061
1 0.149669
2 0.943256 0.000761
3 0.32629 14
4 0.387185 0.387266
3 0.644191 28
3 0.336268 29
2 0.774589 0.000862
2 0.056693 0.000766
1 0.01609
1 0.215995
2 0.511521 0.000605
0 0.177542 vbays
4 0.437727 0.437765
1 0.989908
2 0.583408 0.000238
2 0.436028 0.000867
4 0.726969 0.726998
1 0.783662
2 0.752104 0.000104
3 0.968099 28
2 0.343704 0.000854
4 0.580719 0.580805
3 0.168384 47
4 0.606111 0.606196
3 0.112371 44
3 0.186609 38
1 0.376828
4 0.986761 0.98677
3 0.286775 7
2 0.60288 0.00044
2 0.890858 0.000349
3 0.880064 49
4 0.997402 0.997406
3 0.096349 41
1 0.704235
4 0.646652 0.646733
2 0.349613 0.00082
0 0.242793 hcdrr
0 0.321472 qfhor
2 0.861296 0.000403
4 0.858698 0.858757
2 0.955048 0.00095
4 0.175635 0.175731
3 0.835916 5
4 0.066088 0.066146
2 0.50325 0.000671
0 0.506514 snobw
2 0.426713 0.000866
2 0.288009 0.000269
1 0.663059
0 0.662288 dipxr
0 0.146011 crhkt
3 0.326609 20
4 0.362353 0.362411
2 0.928265 0.000728
2 0.838131 0.00034
3 0.931752 33
3 0.765333 21
2 0.196216 0.000543
2 0.805747 0.00095
3 0.999036 4
1 0.440983
2 0.202172 0.000602
3 0.973092 33
2 0.604702 0.000945
2 0.18843 0.000275
4 0.99477 0.994835
3 0.054003 13
3 0.291877 23
4 0.684772 0.684797
4 0.855722 0.855762
2 0.810078 0.000606
1 0.76328
3 0.251078 31
2 0.797111 0.000483
0 0.551408 ovltk
1 0.245805
0 0.765716 sglqh
1 0.423406
0 0.187006 vylau
0 0.169156 nbvou
0 0.012037 aujdg
1 0.784318
0 0.547489 rrduw
2 0.398531 0.000651
3 0.567222 16
1 0.015545
2 0.936683 0.000749
0 0.419302 jnoba
0 0.661212 dmmue
0 0.245518 xrdny
0 0.829478 ohznd
4 0.027652 0.027745
1 0.963307
4 0.533518 0.533559
4 0.585149 0.58524
4 0.960265 0.960275
4 0.636051 0.636068
1 0.397922
4 0.683575 0.683638
3 0.15757 38
2 0.481013 0.000687
4 0.326098 0.326161
4 0.808076 0.80808
1 0.604757
4 0.561339 0.561403
0 0.504131 icrrr
0 0.821996 iwlam
3 0.319518 49
3 0.101558 5
2 0.215741 0.00052
1 0.54017
1 0.009529
4 0.14955 0.149619
3 0.293326 0
3 0.913719 45
3 0.170163 7
4 0.308178 0.308247
2 0.19496 0.000962
0 0.514478 ddmdt
0 0.610389 fcwcj
3 0.423137 25
1 0.014489
3 0.106965 34
3 0.277129 44
2 0.101659 0.000763
1 0.296619
2 0.118308 0.000449
1 0.798323
3 0.28451 31
3 0.411251 22
0 0.645269 qaupq
4 0.425221 0.425305
0 0.329908 weufi
0 0.510173 mccdb
0 0.3408 unyga
0 0.379919 qnval
3 0.580154 4
0 0.910062 elogf
2 0.784484 0.000181
2 0.412966 0.000792
0 0.839772 idatc
3 0.657453 33
1 0.330097
2 0.247609 0.00012
3 0.344115 26
0 0.254178 suqoj
3 0.771311 14
2 0.700629 0.000758
4 0.056753 0.056755
2 0.583214 0.000767
2 0.931689 0.000573
2 0.326585 0.000482
4 0.02279 0.022862
1 0.356017
2 0.902971 0.000884
1 0.712618
1 0.565006
1 0.859374
2 0.685256 3e-06
0 0.13703 grwkn
4 0.648012 0.648037
1 0.188729
2 0.970745 5.5e-05
3 0.807917 46
2 0.009375 0.000468
3 0.722948 36
1 0.287954
4 0.16198 0.162006
0 0.238336 vdvzs
0 0.214697 nwcir
1 0.574426
3 0.910259 43
4 0.539918 0.539988
4 0.754462 0.754533
0 0.57342 rkrxl
4 0.620612 0.62063
4 0.250405 0.250414
1 0.981454
1 0.75049
3 0.736007 3
0 0.310433 spuxj
1 0.291024
1 0.780922
4 0.429066 0.429113
1 0.680819
1 0.747497
3 0.418464 17
4 0.185221 0.18525
0 0.683028 zuysn
3 0.192647 20
0 0.401776 qyjmc
4 0.778178 0.778242
3 0.96818 36
2 0.232029 0.000144
3 0.695648 41
1 0.193177
1 0.182469
0 0.893734 juzty
2 0.810956 0.000375
2 0.658308 5.4e-05
1 0.877658
0 0.32599 nnfcp
2 0.426423 0.000488
3 0.925865 15
0 0.624686 xuiya
1 0.607601
1 0.798557
1 0.980775
3 0.82403 23
1 0.040685
0 0.893303 swseg
4 0.410223 0.410263
2 0.85244 0.000605
4 0.477127 0.477135
2 0.916291 0.000362
0 0.903892 lninl
0 0.923673 qwmeu
0 0.901975 uuvok
2 0.944517 0.000362
4 0.084283 0.084324
4 0.167326 0.167359
3 0.625428 27
1 0.554041
4 0.012652 0.012734
1 0.452677
2 0.3498 0.000387
3 0.318704 38
0 0.552574 owvha
0 0.770677 nlobh
3 0.631698 29
1 0.061059
3 0.718912 14
2 0.509464 0.000741
4 0.375616 0.375697
3 0.69432 19
0 0.763246 cklmn
2 0.277151 0.000731
1 0.574669
1 0.756382
3 0.812729 14
1 0.39014
2 0.70367 0.000556
1 0.213134
0 0.253901 ocbbk
1 0.562669
1 0.382611
3 0.069235 30
1 0.346386
1 0.989429
3 0.720842 13
3 0.049923 27
4 0.326781 0.326842
2 0.583363 0.000996
4 0.353616 0.353714
0 0.937387 bsazz
4 0.95238 0.952388
4 0.853828 0.853923
2 0.843257 0.000555
2 0.105421 0.000988
0 0.934148 ompfn
0 0.548036 jirow
0 0.006377 kfikj
4 0.077905 0.07792
1 0.890285
2 0.225661 0.000507
0 0.842649 zuukm
3 0.571452 43
2 0.621664 0.000141
4 0.244982 0.245008
4 0.25136 0.251391
0 0.71991 fohgl
0 0.814715 ftuwu
2 0.415479 0.000465
0 0.531192 vlbni
3 0.219039 46
4 0.711495 0.711503
3 0.355205 18
3 0.618901 40
0 0.872765 jexpf
4 0.203393 0.203407
4 0.648211 0.64827
3 0.183897 8
1 0.391192
2 0.000326 0.000583
0 0.317033 ubrek
3 0.328536 38
3 0.717653 6
1 0.161354
2 0.519084 0.000189
0 0.97845 bveer
0 0.887911 ccygl
1 0.044922
4 0.847494 0.847551
3 0.661432 46
3 0.087867 49
4 0.941516 0.941522
1 0.4606
0 0.900207 vkbag
1 0.222435
2 0.109302 0.000579
2 0.799795 0.000746
3 0.326805 34
2 0.267935 0.000318
3 0.155969 37
4 0.643758 0.643811
0 0.752412 dcdbv
1 0.391772
0 0.087039 zjaav
4 0.445533 0.445564
3 0.292775 17
0 0.560711 veoqd
2 0.861578 0.000465
4 0.564583 0.564674
2 0.222991 2.2e-05
4 0.614764 0.614781
0 0.228971 qystz
0 0.039965 kywzv
4 0.800805 0.800823
4 0.56994 0.57
2 0.882405 0.000267
2 0.880548 0.000144
4 0.739571 0.739591
0 0.11674 tnyas
0 0.6187 ypzao
0 0.196153 ikbsc
4 0.529862 0.529872
3 0.653169 10
4 0.51582 0.515853
0 0.509587 jqyws
0 0.897032 zoqhn
3 0.281478 44
4 0.90489 0.904958
2 0.130947 4e-06
1 0.239409
2 0.637412 0.000419
1 0.153233
0 0.312478 dcolc
3 0.731025 25
4 0.431397 0.431495
2 0.16444 0.000693
2 0.577284 0.000232
4 0.648204 0.648213
1 0.683208
2 0.45326 0.000915
4 0.68168 0.681702
4 0.187737 0.187789
0 0.055468 ktrot
3 0.393752 43
1 0.257584
3 0.998029 48
4 0.740261 0.740264
4 0.326269 0.326353
4 0.185615 0.185667
1 0.383647
4 0.32574 0.325824
3 0.44371 2
4 0.989531 0.989596
2 0.266377 0.000503
0 0.490972 ehztg
3 0.053835 3
4 0.990709 0.990766
4 0.559384 0.559408
1 0.429975
1 0.329517
0 0.165455 tljkh
1 0.965529
0 0.419532 tgsum
2 0.609548 0.000399
4 0.385651 0.385657
4 0.41046 0.410505
0 0.620885 ybeha
1 0.3845
2 0.238127 6.9e-05
0 0.564804 npsrd
4 0.543141 0.543185
1 0.669041
1 0.386898
4 0.816702 0.816794
0 0.388647 cblys
2 0.635251 0.000518
2 0.254706 0.000646
2 0.095821 0.000802
3 0.457679 40
3 0.83125 6
2 0.612895 0.000667
3 0.165291 17
3 0.498345 9
0 0.886992 pelld
1 0.067914
0 0.208315 ylras
2 0.392472 0.0009
1 0.740075
1 0.879753
2 0.849525 0.000798
0 0.872443 gzugm
1 0.375172
3 0.476498 14
4 0.060764 0.060838
1 0.899736
2 0.007301 0.00053
2 0.725243 0.000354
2 0.326696 0.00065
4 0.869103 0.86913
3 0.420068 20
1 0.98573
0 0.00062 ttkna
3 0.516973 28
4 0.149945 0.149959
3 0.673598 44
0 0.398841 omgsx
4 0.479436 0.47947
4 0.415856 0.41586
3 0.917939 31
0 0.356323 hsnwy
3 0.472838 41
0 0.505504 ncrhk
2 0.879977 0.000297
4 0.232483 0.232571
2 0.823517 0.00028
1 0.041874
0 0.43952 yuzcv
0 0.452416 qloph
0 0.243769 jnbta
2 0.2928 0
1 0.32114
2 0.645275 0.000772
0 0.203501 vchty
0 0.750705 hairl
4 0.932007 0.932106
3 0.792103 11
4 0.905606 0.905632
1 0.198406
1 0.273122
3 0.007451 0
1 0.564108
1 0.049855
1 0.137462
2 0.385011 0.000829
4 0.03598 0.03604
4 0.478809 0.478858
4 0.927168 0.927169
4 0.719271 0.719283
3 0.624877 40
0 0.339635 mided
3 0.131528 48
1 0.691814
2 0.61632 0.000177
2 0.708229 0.000158
4 0.110208 0.110227
1 0.486619
4 0.463357 0.463436
2 0.326847 0.000691
1 0.995054
1 0.05738
4 0.192563 0.192563
0 0.901472 azmtl
3 0.590377 2
4 0.219535 0.219591
2 0.360206 0.000312
2 0.428045 2.1e-05
3 0.731507 44
0 0.176198 omgnk
4 0.333191 0.333274
3 0.605872 29
3 0.086719 39
3 0.193448 43
2 0.929335 0.000549
2 0.289541 0.000214
1 0.233938
2 0.577219 0.000797
2 0.327051 0.000347
0 0.071938 lxgmz
0 0.44063 idejt
2 0.825113 0.000375
0 0.754449 zsecm
1 0.16543
4 0.79243 0.792442
2 0.966778 5.2e-05
1 0.134353
2 0.633664 0.000368
4 0.085324 0.085423
4 0.689115 0.6892
4 0.177397 0.177479
0 0.488772 dihze
1 0.643963
1 0.270321
4 0.757587 0.757672
2 0.240717 0.000637
0 0.37507 suhpm
2 0.546125 0.000703
2 0.544392 0.000101
4 0.367772 0.367797
4 0.978305 0.978331
2 0.14918 0.000518
1 0.114337
1 0.818355
1 0.160777
4 0.145345 0.145411
4 0.520415 0.520453
1 0.383206
4 0.608457 0.608505
2 0.325942 8.4e-05
3 0.547189 8
1 0.340083
3 0.991817 17
3 0.683687 15
2 0.645879 0.000623
0 0.323008 tzctf
0 0.23292 lollb
4 0.796057 0.796064
0 0.343246 relsz
1 0.379574
3 0.200966 6
4 0.293589 0.293608
2 0.527979 0.000674
3 0.253678 47
3 0.00295 27
0 0.360679 oigsb
0 0.282517 nuyvn
1 0.543766
2 0.642568 7.4e-05
3 0.452509 43
0 0.49684 mbysq
3 0.017344 39
4 0.644205 0.644232
0 0.067124 xrlbb
1 0.279679
0 0.789793 wbxsv
4 0.037265 0.037317
0 0.154333 qkwly
2 0.661657 0.000605
4 0.209185 0.20921
3 0.16636 23
1 0.281847
4 0.234465 0.234491
4 0.54061 0.540633
3 0.489323 45
0 0.923249 wbwye
2 0.135695 0.000105
3 0.928294 14
3 0.365099 49
1 0.385379
2 0.459964 0.000653
1 0.63861
3 0.771738 16
3 0.189413 24
3 0.874608 16
2 0.11342 6e-05
4 0.506565 0.506663
1 0.158613
3 0.851379 7
0 0.326273 bxqrp
3 0.634345 11
1 0.922435
4 0.210941 0.210989
3 0.263344 9
1 0.238996
4 0.612281 0.612346
0 0.00018 phlew
0 0.753464 egxfq
3 0.897563 7
1 0.061776
4 0.134596 0.134613
3 0.047251 11
4 0.141473 0.141482
3 0.270106 27
0 0.786638 ydiit
1 0.897599
1 0.10401
0 0.232756 mmzln
0 0.741029 drsak
3 0.956146 34
3 0.226253 11
4 0.012891 0.01292
1 0.562417
4 0.151994 0.151995
0 0.145282 rscff
4 0.033571 0.033668
4 0.290952 0.291019
3 0.698926 40
3 0.276654 37
0 0.673069 adhrq
2 0.184401 0.000738
1 0.342054
0 0.352681 gwdpd
1 0.001279
2 0.488585 0.000231
1 0.202906
2 0.839606 0.000451
1 0.706093
1 0.94088
0 0.232577 kypjw
2 0.698298 0.000976
4 0.050979 0.051072
4 0.298051 0.2981
4 0.086184 0.086212
1 0.091121
1 0.016137
2 0.836068 0.000744
4 0.620231 0.62032
2 0.077464 0.000375
1 0.326811
3 0.520212 18
0 0.21851 hxugk
0 0.116241 mltrp
3 0.250296 30
1 0.622392
1 0.486485
2 0.068575 0.000949
4 0.536967 0.537028
0 0.540062 tdzhz
0 0.150529 cxmmq
0 0.789523 cdssp
4 0.715382 0.715435
1 0.932316
3 0.736395 27
2 0.846008 0.000182
4 0.475833 0.475842
3 0.356873 30
4 0.507402 0.507492
0 0.774529 njowq
1 0.697327
2 0.359986 0.000288
4 0.060839 0.060874
2 0.34662 0.000482
4 0.169367 0.169458
3 0.532177 26
2 0.446937 0.000549
2 0.445281 0.000304
4 0.421224 0.421309
0 0.489348 dqkah
0 0.447206 dnqye
3 0.575101 7
2 0.745944 0.000925
1 0.908973
2 0.552204 0.000874
4 0.513837 0.513867
0 0.451413 ohqmx
0 0.456909 fabfu
0 0.528071 vpohk
1 0.617676
1 0.790794
3 0.562795 20
4 0.592985 0.593036
1 0.044398
1 0.966009
2 0.885307 0.000982
2 0.342216 0.00055
4 0.762684 0.762738
2 0.207549 0.000425
1 0.539785
1 0.326673
2 0.301545 0.000349
3 0.995775 47
4 0.930914 0.930996
0 0.787868 arbyu
4 0.548889 0.548923
1 0.717991
3 0.716115 13
3 0.277892 32
3 0.975546 49
3 0.038668 47
2 0.925289 0.000872
1 0.031578
4 0.115143 0.115213
2 0.803728 0.00058
4 0.477473 0.477571
1 0.542714
3 0.341209 5
1 0.573677
1 0.413971
1 0.294303
4 0.343467 0.343521
2 0.898488 0.000951
2 0.823777 0.000176
3 0.371707 15
4 0.250829 0.250851
2 0.460409 0.000558
2 0.91846 0.000654
1 0.934493
4 0.765434 0.76553
3 0.363055 18
4 0.657358 0.657402
2 0.848564 0.000332
0 0.205516 krkrk
2 0.954358 0.000787
1 0.406195
1 0.311239
4 0.814008 0.814054
1 0.748501
0 0.638372 hqply
2 0.519162 0.000451
1 0.295846
3 0.745569 32
4 0.018613 0.018645
2 0.967972 0.000442
4 0.506653 0.506743
3 0.334245 49
1 0.560491
2 0.86498 0.000953
4 0.43373 0.433738
3 0.326392 27
4 0.433281 0.433312
1 0.957206
2 0.669895 3.1e-05
1 0.077979
3 0.162338 22
0 0.185344 fpjti
0 0.937453 rtgfb
3 0.594093 18
2 0.866308 0.000451
3 0.950721 8
1 0.620616
4 0.991034 0.991082
4 0.153372 0.153394
4 0.338716 0.338802
2 0.858305 0.000801
4 0.454737 0.454791
0 0.57777 gahbn
4 0.871904 0.871936
0 0.49282 osadb
2 0.91287 0.000639
4 0.600944 0.600972
3 0.01443 23
0 0.355583 aoekh
2 0.336417 0.000944
1 0.56399
3 0.084187 22
3 0.093359 28
4 0.382847 0.382897
3 0.663369 22
2 0.613616 0.000616
3 0.418931 48
1 0.082551
1 0.309287
4 0.500171 0.500244
2 0.51493 0.000291
1 0.210861
3 0.448616 1
2 0.908631 0.00076
0 0.34539 rvsvu
3 0.597297 27
3 0.016228 27
1 0.09878
4 0.141008 0.141049
2 0.153234 0.000135
3 0.985525 21
1 0.41451
4 0.157977 0.157994
1 0.57909
0 0.712163 ozluc
0 0.326348 ptjfv
2 0.947935 0.000783
4 0.101169 0.101187
4 0.603046 0.603138
1 0.017556
1 0.723675
1 0.991654
0 0.940431 rnzra
4 0.294241 0.294269
3 0.269447 37
1 0.076374
2 0.564798 0.000309
2 0.648204 0.000479
0 0.350974 sqyeh
2 0.81406 0.000312
0 0.270843 dmymy
0 0.374047 xxabx
3 0.450628 41
0 0.51969 svglj
0 0.903693 debfi
3 0.527279 0
2 0.964248 0.000354
4 0.52495 0.525003
2 0.813115 0.000248
1 0.719808
3 0.484514 1
3 0.520556 46
1 0.815579
0 0.91595 stepo
4 0.350196 0.350212
0 0.106096 qruub
1 0.714474
0 0.004804 wpohp
0 0.269784 atlgx
4 0.81335 0.813413
0 0.624509 vitss
3 0.834003 17
0 0.981595 hxhqz
3 0.774304 40
0 0.767631 ftzmg
1 0.77768
2 0.211269 0.0002
3 0.829643 17
1 0.073707
2 0.764964 6.2e-05
4 0.288342 0.2884
0 0.009842 ilvut
2 0.498116 0.000891
4 0.757318 0.757327
3 0.595457 17
4 0.326403 0.326447
0 0.480131 crcrl
0 0.489349 aomfa
0 0.395433 smarl
4 0.572198 0.572241
0 0.684008 oqbka
0 0.566781 cvoyc
1 0.963574
1 0.129248
0 0.549422 ydzhq
2 0.541467 0.000656
4 0.630018 0.630018
4 0.314026 0.314088
0 0.244981 esrah
2 0.67987 0.000344
3 0.360151 18
4 0.489399 0.48947
3 0.931927 2
0 0.174867 wkyqs
4 0.121784 0.121832
0 0.478547 fkani
4 0.720039 0.720095
0 0.815383 enbuq
4 0.403897 0.403956
3 0.879497 28
4 0.975937 0.976002
4 0.105921 0.10599
3 0.091221 2
2 0.391301 0.000315
2 0.490222 0.000612
2 0.726613 0.000921
4 0.058348 0.058401
2 0.449001 0.000604
4 0.380478 0.380479
4 0.914856 0.914907
2 0.726763 0.000288
2 0.739854 0.000562
4 0.874729 0.874812
1 0.488152
0 0.082318 wlbfm
4 0.603337 0.603409
2 0.204132 0.000325
1 0.299206
0 0.176115 rjqoq
1 0.578834
3 0.04302 33
2 0.485804 0.000236
4 0.836241 0.836296
4 0.193252 0.19329
4 0.276876 0.276918
2 0.326614 0.000346
2 0.714312 0.000552
0 0.890427 yavfr
1 0.424536
1 0.587076
2 0.904623 0.000232
3 0.20219 25
3 0.523291 27
1 0.851815
0 0.896145 jrmbz
2 0.42028 0.000472
1 0.741377
1 0.765534
4 0.242449 0.242491
2 0.85401 1.8e-05
4 0.274985 0.275036
0 0.477175 riuro
4 0.040163 0.040177
1 0.420021
4 0.621039 0.621099
3 0.041319 32
1 0.782696
3 0.05949 27
4 0.885432 0.885526
1 0.814803
1 0.895653
1 0.496336
4 0.793834 0.793835
2 0.38934 0.00057
1 0.429504
0 0.926945 qfqwb
0 0.199621 apudo
0 0.000647 tekmu
3 0.9955 32
3 0.813254 30
0 0.268824 iyjfp
4 0.486144 0.486201
0 0.108151 buomy
4 0.782336 0.782348
1 0.828084
2 0.007773 0.000486
0 0.519626 gkuik
1 0.847866
4 0.409118 0.409144
0 0.597279 karjr
0 0.409529 undig
1 0.062387
1 0.278652
3 0.719927 28
4 0.813849 0.813907
1 0.326129
2 0.041757 0.000684
4 0.003827 0.003891
2 0.432406 0.000821
1 0.527116
3 0.546267 31
3 0.275833 34
2 0.030359 0.000421
4 0.825363 0.82541
3 0.623641 41
2 0.271151 0.000589
0 0.036718 mlsno
3 0.714357 12
1 0.334743
4 0.625519 0.625582
2 0.524119 0.000196
1 0.603504
2 0.960417 0.000288
3 0.068064 3
4 0.640357 0.640372
3 0.513947 35
1 0.053051
4 0.73724 0.737336
0 0.236959 ciclv
4 0.006511 0.006591
0 0.196059 nlffe
2 0.90041 4e-05
1 0.057119
3 0.168326 18
0 0.177812 clpmp
4 0.45857 0.458589
3 0.067719 37
2 0.07423 0.000817
0 0.27029 nhzxt
3 0.421501 21
1 0.994972
4 0.576788 0.576879
0 0.7546 bqlxc
1 0.8983
3 0.643992 19
0 0.631336 xceci
1 0.062205
4 0.731795 0.731803
2 0.866816 0.000569
2 0.843198 0.000357
3 0.112975 10
2 0.689712 0.000667
2 0.701385 0.000741
0 0.724678 jpnzb
4 0.285648 0.285665
4 0.326037 0.326076
1 0.589582
3 0.390129 4
0 0.749679 jjoph
1 0.847543
2 0.253752 0.000636
2 0.494782 0.000721
4 0.904991 0.905033
4 0.850252 0.850294
2 0.986607 0.000308
1 0.351498
1 0.146236
1 0.668751
0 0.059069 xxglg
4 0.349803 0.349875
4 0.119907 0.119915
3 0.61469 31
4 0.036033 0.036056
4 0.886286 0.886352
1 0.872893
4 0.985784 0.985875
1 0.13202
4 0.107399 0.107459
3 0.042181 14
0 0.839618 ofcah
3 0.613275 39
3 0.343356 33
4 0.267931 0.26797
0 0.156297 hxqsg
2 0.125779 0.000552
3 0.19354 41
1 0.279606
3 0.776875 49
1 0.999001
1 0.664769
4 0.260043 0.260053
0 0.603399 wxoxp
0 0.674807 cvcgo
1 0.661189
1 0.504238
2 0.963959 0.000844
2 0.257186 0.000345
1 0.256187
3 0.31849 24
1 0.1127
1 0.291907
0 0.767255 ovhkf
4 0.116577 0.116581
3 0.764557 2
2 0.274908 0.00024
2 0.326351 0.000276
1 0.656781
2 0.268594 0.000246
2 0.89852 0.000402
2 0.342556 0.000661
3 0.626163 1
0 0.144736 uotbk
3 0.882659 14
2 0.67392 0.000557
1 0.42914
3 0.019463 46
2 0.428812 0.00014
3 0.156652 12
3 0.997191 18
4 0.587476 0.587507
2 0.110692 0.000467
2 0.757997 0.000382
4 0.197959 0.197976
3 0.741276 10
3 0.375833 46
3 0.401826 11
0 0.117305 qsjjw
4 0.645619 0.645629
3 0.233096 42
1 0.86014
1 0.872258
2 0.553996 0.000277
4 0.757813 0.75782
0 0.504775 wuqsg
2 0.798633 4.2e-05
3 0.473763 23
3 0.273905 32
3 0.541615 30
1 0.419409
3 0.523003 21
3 0.657492 17
2 0.989941 0.000832
0 0.580018 mccqm
0 0.995419 qnldi
3 0.349032 14
1 0.406999
1 0.909804
4 0.17377 0.173777
0 0.043253 bdyfu
3 0.176612 39
1 0.238892
3 0.557194 9
0 0.642206 sklmu
0 0.115816 qopny
0 0.699766 wvawq
1 0.326859
0 0.71148 bxfki
0 0.218513 lghsw
4 0.138367 0.138458
1 0.94708
4 0.324407 0.324422
0 0.018965 jswdt
0 0.63381 omjjc
2 0.296574 0.000805
2 0.900672 0.000885
1 0.923222
1 0.967563
4 0.907569 0.907613
1 0.294919
4 0.970936 0.971022
1 0.991644
2 0.049896 0.000158
1 0.758811
3 0.062745 10
3 0.855542 12
0 0.152116 lfazn
2 0.045133 0.000834
4 0.469055 0.469086
0 0.763974 mkecn
1 0.566156
3 0.640857 19
1 0.703603
4 0.65898 0.659025
4 0.601157 0.60117
3 0.023782 3
0 0.379054 nbuqj
3 0.987449 37
0 0.070063 rkflf
1 0.270995
4 0.623529 0.623579
3 0.282509 47
4 0.400019 0.400079
0 0.423801 grxqf
3 0.304756 31
3 0.808557 20
4 0.394972 0.394994
2 0.055645 0.000412
1 0.700438
4 0.965335 0.965403
0 0.172616 eswnr
0 0.94665 davxj
2 0.871181 0.000997
1 0.19609
2 0.240467 6.3e-05
1 0.771724
0 0.326275 rtgfz
4 0.343 0.343086
1 0.865849
3 0.306839 1
3 0.671184 10
2 0.505149 7e-05
0 0.960146 nsgcp
4 0.898694 0.898717
0 0.514406 zzugg
0 0.080394 ustrf
1 0.813502
0 0.418858 iiwbm
1 0.150828
1 0.379401
4 0.808875 0.808922
2 0.173742 0.000854
2 0.763524 0.00066
2 0.215283 0.000483
3 0.732529 10
0 0.829183 aibxm
1 0.435081
0 0.539743 pjjkt
2 0.370725 0.000741
2 0.060819 0.000947
1 0.824344
4 0.022248 0.022327
2 0.201529 0.000508
4 0.843404 0.843447
2 0.793078 8e-05
2 0.677962 0.000244
1 0.412422
2 0.204677 0.000314
1 0.250175
0 0.160325 wvyfg
3 0.538767 11
4 0.094747 0.094753
0 0.383255 gtliu
4 0.935457 0.935555
3 0.650153 21
3 0.371183 37
1 0.13771
4 0.985551 0.985613
2 0.773154 0.000385
1 0.033174
3 0.81112 45
0 0.437226 keexv
3 0.37754 38
3 0.724839 13
3 0.000912 26
1 0.192651
4 0.326266 0.326272
0 0.615455 amufe
2 0.753434 0.000994
3 0.585379 1
3 0.293583 8
2 0.671124 0.000846
0 0.912315 bcznr
3 0.990242 48
1 0.5892
4 0.904037 0.904101
0 0.929949 bfftf
3 0.254468 36
1 0.064404
4 0.935873 0.935953
2 0.14755 0.000195
4 0.336224 0.336298
4 0.905781 0.905833
1 0.993931
1 0.384789
0 0.408623 vwmar
2 0.930845 0.000408
0 0.185314 dbmld
3 0.412636 17
0 0.29209 vsorh
2 0.648008 0.000509
3 0.007293 34
2 0.547578 0.000408
0 0.547251 dfmvh
2 0.406457 0.000957
3 0.638274 5
1 0.017641
2 0.624276 0.000585
3 0.721712 11
1 0.614737
4 0.814108 0.81411
0 0.235592 qxdzd
1 0.833118
1 0.069884
2 0.391813 0.000693
4 0.311364 0.311383
1 0.64355
2 0.069273 0.000179
2 0.878596 0.000243
1 0.196194
0 0.90258 mjfjw
2 0.274248 0.000653
4 0.717266 0.717289
0 0.78715 jqfvc
4 0.631015 0.631092
2 0.700288 0.000756
1 0.326267
2 0.291431 0.000684
0 0.818085 iasbl
0 0.120329 dgrjf
3 0.140457 47
0 0.339484 cusrx
0 0.344667 nhykw
4 0.106841 0.106919
4 0.203525 0.203579
1 0.574458
4 0.254107 0.254164
4 0.023253 0.023311
2 0.163711 0.000607
2 0.019547 1.9e-05
0 0.717961 cmkeh
3 0.291283 18
2 0.417209 0.000111
3 0.895655 36
2 0.843761 9.4e-05
3 0.097868 3
2 0.121122 0.000814
2 0.801185 0.000421
1 0.337084
2 0.038006 4.6e-05
4 0.539844 0.539926
2 0.039007 0.000592
0 0.826925 qqgji
2 0.566512 0.000644
4 0.764603 0.764667
2 0.87963 0.000338
1 0.403584
0 0.062458 uvqcn
4 0.452396 0.452488
4 0.491403 0.491487
4 0.318328 0.318374
1 0.556364
3 0.843866 38
1 0.130862
4 0.331476 0.331502
2 0.727458 0.000417
0 0.131043 boyik
2 0.835962 0.000239
3 0.731554 28
1 0.357091
0 0.180266 siwgl
1 0.655371
1 0.17823
2 0.115525 0.000664
0 0.686294 ynyyf
1 0.89965
4 0.326805 0.326812
2 0.239868 0.000846
0 0.431603 gtoyu
3 0.096818 13
0 0.275048 aqdma
0 0.069418 qppza
1 0.729215
3 0.31269 29
3 0.281536 34
2 0.947001 0.000178
1 0.349096
3 0.758264 14
3 0.367321 14
1 0.091903
4 0.461069 0.4611
4 0.046839 0.046937
2 0.483546 7e-06
2 0.172977 0.000222
0 0.485668 vzwtp
2 0.585918 0.000443
0 0.339291 cffjm
2 0.720637 0.000317
3 0.25612 47
3 0.31577 46
4 0.567778 0.567791
4 0.065352 0.065442
4 0.076906 0.077001
2 0.260645 0.000233
0 0.846563 iagwm
3 0.254822 24
2 0.491811 0.000791
1 0.747931
0 0.458971 hmkya
1 0.213184
3 0.502572 42
1 0.87057
3 0.305276 27
1 0.702656
4 0.13221 0.132307
2 0.96635 0.000271
1 0.169422
2 0.670895 0.0002
3 0.213287 21
2 0.383476 0.000234
4 0.961681 0.961698
1 0.167225
0 0.119878 pmuiq
0 0.5862 uijqu
0 0.662459 yvqqs
4 0.847028 0.847063
0 0.32625 kejmj
4 0.186348 0.186382
3 0.069892 23
3 0.172445 1
0 0.120094 gxtmp
4 0.730475 0.73054
2 0.309821 0.000246
3 0.272643 10
0 0.197147 egbbu
1 0.199352
2 0.57782 0.000875
2 0.750265 0.000829
2 0.386712 0.000138
1 0.587079
4 0.085777 0.085825
2 0.987994 0.000538
3 0.73724 11
4 0.912453 0.912476
1 0.994349
1 0.430278
3 0.54189 4
2 0.145195 0.000675
0 0.566437 rouhe
3 0.756435 31
2 0.732236 0.000818
2 0.624774 7.8e-05
4 0.914485 0.914567
2 0.21476 3.3e-05
2 0.870666 0.000664
2 0.928908 0.000518
4 0.074103 0.074148
1 0.156893
0 0.267362 crokl
0 0.710713 ruprk
1 0.682181
3 0.188829 41
3 0.379618 7
4 0.536627 0.536642
0 0.859208 bcqfl
2 0.704611 0.000702
1 0.889276
1 0.543351
1 0.665606
3 0.857448 0
4 0.882542 0.882573
4 0.071371 0.071395
4 0.967341 0.967372
4 0.503968 0.504066
4 0.363176 0.363197
1 0.042118
0 0.326338 qhpyy
3 0.983018 32
1 0.356819
2 0.116307 0.000361
0 0.670411 cphxm
2 0.814745 0.000322
1 0.694273
4 0.987527 0.987571
4 0.301311 0.301378
3 0.276149 28
0 0.806375 irbhr
1 0.413004
0 0.859606 apzlg
1 0.850461
0 0.716394 blizg
4 0.401607 0.401659
4 0.677756 0.677836
4 0.484132 0.484206
0 0.002691 ifxkj
4 0.149943 0.149968
4 0.490464 0.490508
0 0.340925 oqver
0 0.016637 ehlkq
4 0.125272 0.125356
3 0.179654 26
1 0.50058
4 0.610098 0.610162
0 0.760042 kokfs
4 0.749145 0.749203
0 0.811198 qvtef
2 0.081386 7e-06
1 0.206658
1 0.012551
4 0.393019 0.393093
0 0.147228 jcdrw
0 0.209473 lhruz
4 0.265281 0.265319
4 0.093116 0.093125
0 0.166045 iaagt
1 0.41817
0 0.889925 vxusd
4 0.384428 0.384487
2 0.573014 0.000934
1 0.027097
4 0.969633 0.969711
2 0.963834 0.000494
1 0.963689
2 0.688813 0.000904
0 0.720671 hlaio
4 0.852697 0.852764
3 0.326399 17
1 0.457773
1 0.282482
2 0.562278 0.000353
2 0.854656 0.00021
1 0.756502
3 0.478532 44
3 0.113788 37
0 0.66075 qmojf
4 0.63662 0.636627
3 0.353456 26
4 0.811229 0.811236
3 0.359901 37
3 0.91091 45
0 0.909401 qeuzx
4 0.832033 0.832096
2 0.219464 0.000122
4 0.703416 0.703507
0 0.856388 ykgqa
1 0.487935
4 0.413679 0.413751
2 0.32459 0.000769
2 0.233991 0.000516
2 0.138277 0.000362
1 0.672704
0 0.847379 agsfh
0 0.779062 lvrzo
4 0.995991 0.996001
1 0.40967
4 0.068583 0.068643
3 0.840048 4
1 0.941017
3 0.634834 33
2 0.071581 0.000565
3 0.727793 19
2 0.603773 0.000564
0 0.852493 tmoab
4 0.361 0.361057
0 0.278186 orpkf
2 0.01951 0.00017
3 0.502344 7
2 0.865261 0.000278
2 0.38468 0
2 0.882596 0.000137
0 0.722559 jvvcb
1 0.88445
3 0.992787 43
4 0.863928 0.863964
0 0.797892 ifnan
0 0.588504 eikmq
2 0.326416 0.000691
4 0.536055 0.536147
0 0.527659 scojj
3 0.53596 43
1 0.333852
2 0.757993 0.000247
2 0.879863 2.2e-05
1 0.117363
1 0.969727
1 0.724384
4 0.001206 0.001292
2 0.509075 0.000941
4 0.764238 0.764238
2 0.903851 0.000935
4 0.166359 0.166384
4 0.597552 0.597608
1 0.765996
2 0.839179 0.000683
0 0.128553 jpmri
1 0.998516
3 0.191554 18
0 0.303496 flayi
0 0.66917 ddltj
3 0.211984 21
4 0.386019 0.386108
4 0.556598 0.55662
3 0.696903 19
2 0.69542 0.000974
1 0.16319
1 0.065972
0 0.510777 lqcsb
3 0.113521 30
1 0.193043
0 0.182907 ptono
1 0.538629
4 0.33878 0.338828
1 0.550552
4 0.476253 0.476347
3 0.058577 49
2 0.616702 0.000808
2 0.026211 0.000889
3 0.656084 21
1 0.849127
2 0.331078 0.000546
3 0.416356 1
4 0.574585 0.574616
1 0.913365
1 0.924354
4 0.009158 0.009217
3 0.957841 37
0 0.326506 lyobr
4 0.211937 0.212025
3 0.452076 18
4 0.299495 0.299522
3 0.850866 12
1 0.061444
4 0.649332 0.649431
3 0.174842 8
3 0.132683 47
3 0.582688 39
3 0.201358 43
4 0.997275 0.997359
2 0.941364 0.000703
3 0.249234 19
0 0.973461 bghpj
4 0.965223 0.965315
4 0.656417 0.65642
3 0.305453 0
1 0.888141
1 0.7759
4 0.248387 0.248408
0 0.742723 jikxs
3 0.564294 39
2 0.261343 0.000164
3 0.019837 21
3 0.764129 25
0 0.927532 xgjhn
3 0.920342 16
0 0.062563 lmcbp
3 0.724412 17
2 0.524303 7e-06
3 0.596467 35
0 0.702138 bwaoa
4 0.460484 0.460568
1 0.121349
4 0.673395 0.673412
2 0.252311 0.000261
3 0.551707 47
2 0.569215 0.000359
2 0.667369 0.000662
4 0.026867 0.026949
4 0.406202 0.406274
4 0.066019 0.066057
4 0.653368 0.653418
3 0.759004 3
4 0.960568 0.960667
4 0.0228 0.022862
0 0.688423 lcihn
0 0.459805 jvjnh
4 0.893002 0.893003
0 0.32687 iweoy
2 0.913595 0.000797
1 0.452747
4 0.911316 0.911339
0 0.520786 rrpuh
2 0.076822 0.00015
2 0.702629 0.00073
4 0.251982 0.252014
1 0.379937
3 0.083829 35
2 0.034127 0.000273
2 0.887276 0.000419
2 0.895587 0.000736
0 0.610767 tbdck
3 0.170355 33
4 0.879547 0.879611
1 0.481741
1 0.519773
0 0.279535 swvba
4 0.23153 0.231594
0 0.181602 rgvhv
0 0.540105 vuhus
4 0.010377 0.010424
0 0.008471 vtjvb
2 0.937004 0.000173
2 0.317848 5.6e-05
1 0.259815
3 0.019819 19
3 0.441541 46
3 0.981646 19
2 0.156611 4.9e-05
3 0.453236 26
3 0.316601 47
3 0.216092 48
4 0.782412 0.782424
3 0.082937 14
3 0.614993 32
4 0.845004 0.845007
3 0.864212 44
1 0.354007
2 0.840307 0.000499
4 0.915356 0.915431
0 0.000783 kashu
3 0.380568 0
0 0.524673 otpeb
3 0.887387 48
3 0.751599 44
1 0.105606
2 0.840784 0.000106
1 0.272492
3 0.32619 33
4 0.40066 0.400709
2 0.991493 0.000669
2 0.40929 0.000343
2 0.980252 0.000322
0 0.462299 nuxqw
3 0.92399 31
2 0.764774 0.000739
3 0.037267 22
1 0.826894
0 0.188033 uddtm
0 0.661042 nxyep
3 0.281069 23
4 0.204583 0.204679
3 0.128574 27
0 0.4097 upjgn
1 0.315097
2 0.050472 0.000706
0 0.302224 xqcta
2 0.473605 0.000556
1 0.271027
4 0.7197 0.71971
2 0.39189 0.000536
4 0.896913 0.897002
3 0.434011 10
0 0.166365 sddme
0 0.701875 yijzs
0 0.06202 ibndk
4 0.64101 0.641016
1 0.733316
1 0.008487
2 0.518482 0.000747
2 0.2012 0.000574
1 0.320657
2 0.164543 0.000647
4 0.257647 0.257731
2 0.846062 0.00078
2 0.424434 0.000532
3 0.757481 15
4 0.08249 0.082517
2 0.044388 0.000243
4 0.052875 0.05291
3 0.587623 44
0 0.471549 ocubf
2 0.41991 0.00029
4 0.782324 0.782394
3 0.206758 4
1 0.964239
1 0.844937
1 0.748798
0 0.326309 wmtzq
1 0.967047
3 0.188993 4
1 0.351256
1 0.313333
1 0.227103
4 0.55349 0.553564
0 0.760248 xmhrc
0 0.97215 mhqmp
3 0.071763 12
4 0.03881 0.038896
4 0.175565 0.175602
2 0.585378 0.000423
3 0.812481 39
0 0.018007 gjuzr
2 0.995334 0.000877
2 0.995307 0.000619
4 0.949074 0.949133
4 0.537189 0.537213
3 0.576 10
4 0.751565 0.751664
2 0.853295 7.4e-05
2 0.665776 0.000114
0 0.200136 nymep
3 0.144284 26
0 0.655943 cplnb
4 0.513131 0.513226
4 0.113693 0.113715
1 0.424344
1 0.355771
4 0.856513 0.856612
0 0.34349 xdxwp
0 0.509179 rlkof
3 0.28554 10
1 0.460451
3 0.711761 10
3 0.083735 38
0 0.145141 bdduf
2 0.378248 0.000183
0 0.03226 wezgy
0 0.691877 nwplo
1 0.31033
0 0.165583 frqqi
0 0.804361 xgoai
3 0.287024 9
4 0.796687 0.796687
3 0.284505 36
2 0.820379 0.000467
2 0.970564 0.000266
0 0.280894 founw
0 0.326148 msfgb
3 0.646176 29
2 0.53339 6.6e-05
0 0.948311 bzeid
2 0.939867 0.000363
2 0.737113 0.000541
1 0.634879
1 0.62874
1 0.567632
3 0.348533 42
2 0.610621 4.7e-05
0 0.256797 tavve
0 0.518119 ceevb
1 0.595303
3 0.680754 44
4 0.831986 0.831998
4 0.679687 0.679731
0 0.544572 toxyx
4 0.270714 0.270798
4 0.63991 0.639959
1 0.158029
4 0.348747 0.348799
4 0.863438 0.863531
2 0.621296 0.0002
4 0.375397 0.375435
1 0.758238
0 0.623241 jtwmt
1 0.407639
0 0.98878 alyud
3 0.871269 10
0 0.875306 nkphm
2 0.539347 0.000411
1 0.297585
3 0.992467 43
3 0.944597 22
4 0.179015 0.179028
4 0.684147 0.684236
0 0.829189 azeuc
0 0.937841 iydtm
1 0.651371
1 0.167542
4 0.967489 0.967498
2 0.69698 0.000958
1 0.973166
3 0.12484 40
0 0.628229 iqxbw
2 0.480679 0.000818
4 0.945105 0.945188
3 0.573482 21
4 0.224853 0.224875
2 0.326678 0.000283
1 0.806095
4 0.834593 0.834654
4 0.475785 0.475788
2 0.104014 0.000945
3 0.439861 2
1 0.838243
3 0.842849 19
0 0.216532 ccvym
4 0.766536 0.766626
3 0.190171 9
0 0.751117 djpao
4 0.642805 0.642858
4 0.082666 0.082671
1 0.437261
0 0.242067 blqcx
0 0.135929 sxblf
4 0.270882 0.270952
1 0.333888
4 0.472143 0.47217
2 0.461924 0.000484
0 0.642759 ogteg
4 0.196197 0.196261
1 0.796512
4 0.929902 0.929944
0 0.954739 saxaf
3 0.353059 47
3 0.341554 26
0 0.803479 xvstp
2 0.907281 0.000413
3 0.103478 27
0 0.416343 zdfub
1 0.033475
4 0.209349 0.209435
4 0.562408 0.562441
2 0.903962 0.000411
4 0.223793 0.223867
1 0.186383
2 0.387405 0.000302
3 0.04417 16
2 0.363848 0.000578
0 0.558097 qjgci
2 0.975321 0.000929
3 0.53349 39
3 0.998628 4
1 0.728219
2 0.706533 0.000696
3 0.852125 3
2 0.904998 0.000624
0 0.577702 pfffc
3 0.326835 16
1 0.312593
2 0.004251 8.4e-05
2 0.338946 6.4e-05
3 0.739053 33
2 0.445586 0.000979
2 0.814063 0.000785
0 0.235413 qduib
2 0.956506 0.000131
3 0.588975 4
4 0.147469 0.147566
3 0.15172 31
2 0.490667 0.000145
0 0.746072 okofr
1 0.144897
2 0.241134 0.000658
3 0.086954 45
1 0.083172
3 0.482247 27
1 0.842003
3 0.63825 1
1 0.306322
4 0.193674 0.193715
0 0.592924 bfbrp
0 0.289496 pxlxl
2 0.046329 0.000905
1 0.431782
3 0.98284 15
1 0.673588
0 0.436509 vzwcz
1 0.345507
2 0.713589 0.000729
0 0.006414 yqblr
3 0.329838 41
4 0.927743 0.927748
3 0.524248 45
4 0.962757 0.962791
1 0.915618
3 0.537311 12
4 0.266845 0.266883
3 0.055792 27
4 0.128514 0.128608
0 0.007085 eylwx
3 0.198114 21
3 0.319505 22
3 0.879811 29
4 0.517282 0.517329
2 0.570946 0.000162
3 0.837791 0
4 0.409935 0.410015
3 0.326041 24
0 0.880409 luiaq
1 0.096159
2 0.455591 3.1e-05
1 0.851754
2 0.539102 3.7e-05
2 0.655765 0.000335
4 0.566005 0.566031
1 0.098979
3 0.082058 18
2 0.548184 0.000494
4 0.944946 0.944952
1 0.882918
1 0.318285
4 0.734605 0.734688
3 0.914989 16
2 0.142353 0.000268
1 0.815965
0 0.184426 cwmfl
2 0.505228 0.000842
2 0.569765 0.000688
3 0.514711 44
4 0.913981 0.914073
0 0.932985 adzes
3 0.413992 16
1 0.74631
4 0.22821 0.228211
0 0.739466 aeunh
3 0.081565 2
1 0.112628
2 0.948563 0.000609
1 0.909758
1 0.674091
0 0.916232 irsmy
3 0.622385 8
0 0.722138 glimx
2 0.165789 0.000188
4 0.910291 0.910332
4 0.12204 0.122044
3 0.439482 14
1 0.113573
4 0.43525 0.435306
2 0.150822 0.000731
4 0.910178 0.910246
2 0.897743 0.000606
0 0.141127 roney
0 0.185661 ljgxy
2 0.388951 0.000948
4 0.018876 0.01893
4 0.594532 0.594581
4 0.326763 0.326825
0 0.258457 mnamf
4 0.638632 0.638677
0 0.68682 fzpws
2 0.487223 0.000292
2 0.218734 0.000168
2 0.869144 5.3e-05
3 0.70308 18
1 0.930842
4 0.121843 0.121894
3 0.247266 38
2 0.091332 2.1e-05
4 0.787128 0.787221
3 0.310352 40
1 0.266693
4 0.564826 0.564911
2 0.299913 0.000153
1 0.169057
1 0.563934
4 0.005227 0.005247
1 0.228683
0 0.924734 cpbjt
1 0.909655
1 0.086689
0 0.05065 mbzet
0 0.309314 mqqvv
4 0.728767 0.728838
1 0.56445
4 0.293184 0.293269
4 0.122317 0.122377
4 0.559135 0.559191
1 0.783081
2 0.473518 0.000731
0 0.263648 wmpzq
1 0.051292
2 0.130105 3.6e-05
4 0.858872 0.858879
2 0.939675 1.3e-05
1 0.42886
2 0.459231 0.00052
3 0.018366 28
2 0.3178 0.000577
0 0.667883 qqyzr
3 0.376546 32
0 0.908611 vimuf
2 0.366187 0.00082
1 0.311399
4 0.531842 0.531913
3 0.550208 1
2 0.868008 0.000228
2 0.326352 0.000698
4 0.406981 0.406987
2 0.29988 0.000589
0 0.208491 xynzo
2 0.493279 0.000459
3 0.32103 36
0 0.896301 ekkqv
2 0.570645 0.00083
4 0.134696 0.134732
3 0.830102 9
3 0.446691 44
1 0.147272
2 0.931189 0.000364
3 0.632753 44
0 0.890577 vyqys
0 0.960984 nevnh
0 0.366856 epjpk
2 0.314883 0.000406
4 0.639212 0.639259
1 0.695181
1 0.865635
1 0.499278
3 0.305629 24
3 0.931446 45
0 0.592961 ftpfe
0 0.509423 zdurx
0 0.217722 bfxgw
2 0.4016 0.000102
2 0.904965 0.000731
2 0.909659 0.000529
2 0.391689 0.00049
3 0.07494 13
0 0.009381 reovl
4 0.901634 0.901641
3 0.339608 17
4 0.875573 0.875581
4 0.793525 0.793535
1 0.69849
3 0.534083 1
2 0.345705 0.00019
4 0.264835 0.264865
2 0.877711 0.000864
3 0.516362 32
1 0.029173
3 0.614097 32
1 0.470057
4 0.134358 0.13444
2 0.787512 0.000507
4 0.775018 0.775116
4 0.309102 0.309201
3 0.325957 2
2 0.618524 0.000232
0 0.735388 lgncb
4 0.213618 0.2137
3 0.200027 31
3 0.06201 41
2 0.717517 0.000162
0 0.587867 krtwp
1 0.104922
3 0.228637 6
0 0.480378 erptl
2 0.299701 0.000538
0 0.499729 wlzms
3 0.309879 45
1 0.914208
1 0.966195
3 0.230737 8
2 0.487062 0.000297
3 0.606149 25
3 0.588008 26
4 0.978165 0.978184
3 0.573055 31
4 0.215579 0.215653
3 0.383944 6
1 0.210176
3 0.966814 36
0 0.449361 jgdeq
4 0.767728 0.767796
4 0.075501 0.075578
3 0.469358 44
4 0.679268 0.679269
2 0.388907 0.000581
1 0.660285
2 0.68316 0.000623
3 0.584815 40
0 0.929582 hjryf
3 0.581492 5
1 0.762838
4 0.074855 0.074918
2 0.858801 0.000359
0 0.215803 lqqmt
1 0.917552
4 0.460667 0.460687
4 0.784457 0.784459
1 0.349413
1 0.999021
0 0.570099 xziwl
0 0.171919 kpelq
2 0.943357 0.000426
0 0.561288 ywocz
2 0.326052 3.5e-05
4 0.84623 0.846286
1 0.932682
1 0.830021
0 0.763976 mafzi
1 0.374669
3 0.824695 28
4 0.783905 0.783971
1 0.17702
4 0.735802 0.735856
3 0.63367 43
0 0.364599 meqtu
4 0.565168 0.56526
4 0.349165 0.349257
1 0.487754
0 0.522052 thbni
4 0.854185 0.854228
0 0.106339 lzzaj
0 0.399019 xszte
0 0.078197 iatwl
1 0.922491
4 0.415076 0.415102
3 0.754951 25
0 0.755494 iiqgg
1 0.269242
1 0.380412
2 0.438171 3.9e-05
2 0.932802 0.000834
4 0.185858 0.185904
0 0.586296 sexkn
0 0.649204 jclbw
0 0.83111 mpjbt
0 0.451556 kyjet
4 0.971046 0.971133
1 0.073694
2 0.776244 0.000834
3 0.20296 1
4 0.384628 0.384724
0 0.321791 utvsz
2 0.41678 0.000388
2 0.868336 0.000421
2 0.651931 0.000609
2 0.32941 0.000655
1 0.610366
0 0.626258 xlwim
2 0.974199 0.000336
4 0.812342 0.812405
2 0.997948 0.000922
0 0.479705 ltpit
1 0.069675
1 0.326
3 0.80753 2
0 0.950141 sbpso
1 0.508889
1 0.562185
3 0.082251 49
1 0.698526
1 0.315236
1 0.916119
1 0.149324
3 0.580674 49
1 0.09715
2 0.401606 0.000681
4 0.822679 0.822753
0 0.090287 spjhn
0 0.116261 vrapn
4 0.604585 0.604671
0 0.106903 akusm
3 0.068399 43
1 0.72864
2 0.093287 0.000295
1 0.616785
0 0.820301 ohmya
2 0.627634 4.1e-05
2 0.505638 0.000978
3 0.332465 32
1 0.888166
2 0.992323 0.000102
0 0.577074 phgsr
1 0.513433
3 0.532002 34
4 0.556876 0.556938
0 0.55192 cwbwa
0 0.337585 mmwqk
3 0.94977 28
2 0.323768 0.000884
3 0.205987 28
4 0.71942 0.719476
1 0.569506
0 0.548705 irbmr
4 0.954729 0.95482
4 0.292314 0.292407
0 0.720964 fxpzh
4 0.454751 0.454809
2 0.177091 3.6e-05
4 0.412863 0.412907
2 0.498722 0.00084
2 0.275543 0.0008
0 0.236086 btzgi
2 0.03769 1e-05
1 0.32602
1 0.866239
3 0.035072 40
1 0.511522
3 0.941324 46
4 0.716969 0.717067
1 0.007161
3 0.717914 11
3 0.470352 15
4 0.177519 0.177532
4 0.693353 0.693408
1 0.930152
4 0.578241 0.578329
3 0.234319 10
0 0.810608 niecq
3 0.162831 46
4 0.982839 0.982851
0 0.380282 idljq
2 0.991441 1.1e-05
0 0.437945 zkxks
2 0.492465 0.000937
2 0.489691 0.00087
2 0.946918 0.000475
3 0.846516 40
4 0.464028 0.464093
1 0.584596
0 0.682071 osymx
0 0.828421 bvobi
4 0.833244 0.833334
1 0.839287
2 0.0254 0.000205
3 0.503196 21
3 0.96383 1
0 0.321099 wmeip
1 0.470857
1 0.386236
3 0.995411 10
2 0.33619 1.3e-05
1 0.685786
3 0.832777 23
1 0.374529
3 0.146904 25
1 0.011834
1 0.589804
4 0.162655 0.162656
2 0.165825 0.000233
2 0.296996 0.000442
0 0.683233 nwhxh
3 0.216651 11
3 0.56578 34
4 0.326179 0.326264
2 0.788615 0.000219
3 0.378419 1
0 0.682272 uegdq
0 0.723223 rmcvf
2 0.987164 3.8e-05
3 0.938429 20
0 0.200559 mbkig
3 0.050514 31
4 0.421816 0.421872
4 0.442591 0.442605
4 0.276715 0.276781
4 0.826776 0.826868
2 0.92303 0.000679
1 0.426546
0 0.858977 yjvqq
3 0.240535 47
0 0.336403 pzkzp
1 0.079973
4 0.289552 0.289592
0 0.562991 fpafn
2 0.565746 0.000231
1 0.447074
3 0.623508 13
2 0.212661 0.000848
4 0.394179 0.394183
0 0.513776 nmpyy
2 0.187068 0.000908
2 0.266411 7.7e-05
2 0.296002 0.000276
3 0.758776 24
4 0.080527 0.080527
4 0.220387 0.2204
1 0.9494
4 0.895838 0.895917
3 0.630703 7
3 0.486597 40
0 0.938817 lqhvm
4 0.316449 0.31645
2 0.281629 0.000929
4 0.14204 0.142096
4 0.131626 0.131721
3 0.991813 45
4 0.887651 0.887726
2 0.034706 0.000234
2 0.037655 7.5e-05
2 0.976472 0.000319
0 0.756901 kulfv
0 0.298531 mnbvt
0 0.189344 kkpvf
1 0.326339
1 0.012689
4 0.511776 0.511789
4 0.083447 0.083472
0 0.267549 dedps
3 0.515289 8
1 0.578438
3 0.628456 32
4 0.225171 0.225245
3 0.225889 40
2 0.261313 0.000241
3 0.334393 19
3 0.416649 17
4 0.739454 0.739472
0 0.141019 ykszz
1 0.078411
1 0.293155
4 0.927945 0.928006
3 0.477019 41
2 0.742912 0.000853
3 0.002153 8
1 0.805875
2 0.71934 4.4e-05
3 0.975146 12
0 0.632518 twwuj
3 0.420199 20
3 0.643418 15
1 0.608161
0 0.406692 uscrg
4 0.102487 0.102516
3 0.338179 25
1 0.313325
2 0.187912 0.000195
1 0.964348
2 0.676459 0.000157
0 0.096658 wpmht
2 0.11228 0.00031
3 0.262129 6
2 0.930483 0.000463
4 0.921065 0.921163
3 0.60469 7
0 0.65243 phhpn
2 0.521779 0.00044
0 0.813556 kjhkl
3 0.352685 32
4 0.065894 0.065958
3 0.256709 35
3 0.825807 35
0 0.356464 yovrz
2 0.582451 0.00075
1 0.326235
2 0.207 2.3e-05
1 0.894727
0 0.857829 uigca
4 0.086367 0.086419
4 0.428527 0.428616
4 0.301343 0.301345
0 0.892729 lvuuq
2 0.683132 0.000261
1 0.406484
4 0.897514 0.897525
2 0.755344 0.000976
2 0.088242 0.000986
3 0.277636 6
2 0.793647 0.000233
2 0.208261 0.000576
4 0.206613 0.20667
3 0.775804 43
4 0.095745 0.095812
2 0.443006 0.000484
1 0.899643
3 0.982025 47
4 0.047001 0.047052
1 0.457987
4 0.135924 0.136017
2 0.929571 0.000278
1 0.654185
2 0.26747 0.00015
4 0.469425 0.469431
0 0.54427 tsfdz
2 0.140405 6.4e-05
2 0.036352 0.00011
3 0.627355 49
3 0.685374 23
3 0.301118 47
4 0.689776 0.68986
1 0.957247
1 0.486877
4 0.651593 0.65168
1 0.932996
2 0.822245 0.000406
2 0.83801 0.000811
3 0.319447 15
4 0.364238 0.364308
3 0.867016 47
3 0.874191 17
2 0.311645 0.000844
3 0.955658 43
0 0.958888 gofcr
1 0.962063
