2 0.400755 0.000606
4 0.388952 0.389026
0 0.288144 ggjsd
2 0.615027 0.000291
3 0.967403 37
4 0.918074 0.918134
3 0.504734 46
2 0.661486 0.000675
1 0.887628
3 0.501795 33
1 0.375199
0 0.98002 ipmzu
2 0.251529 0.000872
1 0.788173
0 0.132336 cimpa
0 0.506421 fvyld
1 0.402521
4 0.382582 0.382654
1 0.878954
4 0.584512 0.584558
4 0.026822 0.026822
3 0.536694 32
3 0.55612 18
1 0.184441
1 0.056573
3 0.707126 46
2 0.956461 0.000442
4 0.577072 0.577102
0 0.002418 hjlom
3 0.663965 45
0 0.468266 dtiha
0 0.69505 rlpdt
2 0.73531 0.00099
1 0.733756
2 0.632447 0.000372
0 0.646711 enyfe
1 0.28572
1 0.672162
0 0.312863 lmoza
3 0.856136 5
1 0.770665
4 0.652218 0.652274
0 0.385975 cntms
3 0.128482 34
3 0.406377 30
3 0.94976 44
0 0.262623 lbayo
0 0.677331 izago
4 0.676533 0.676592
3 0.611225 8
4 0.708981 0.709054
3 0.830316 11
0 0.671898 lgrah
3 0.647584 15
3 0.798935 21
4 0.904446 0.904533
3 0.278733 19
2 0.955266 0.000179
0 0.082844 knvhh
3 0.120776 29
2 0.76375 0.000877
2 0.429814 0.000451
0 0.59375 sdxpg
3 0.413426 48
2 0.972098 0.000981
0 0.182629 vqezg
3 0.391464 2
2 0.499743 0.000446
4 0.393973 0.394058
3 0.820424 28
0 0.261942 tlenr
2 0.453892 0.00077
2 0.059225 0.000605
1 0.270913
2 0.581862 0.000287
1 0.602747
3 0.6169 11
4 0.553347 0.553372
4 0.034884 0.034939
3 0.870562 35
2 0.239681 0.000853
1 0.515225
1 0.067241
2 0.376176 0.000403
2 0.749133 0.000195
2 0.76877 0.000409
0 0.259616 tmrmi
1 0.044795
0 0.9811 iwhpf
1 0.022943
1 0.122921
1 0.765737
3 0.998877 43
2 0.748011 4e-05
0 0.033133 rdmft
4 0.029579 0.02967
2 0.074375 0.000616
2 0.685978 0.000342
2 0.826068 0.00031
1 0.365364
3 0.260624 15
3 0.352663 45
1 0.505747
3 0.964781 37
1 0.530582
4 0.609893 0.609984
4 0.811864 0.811935
0 0.960051 tuztu
0 0.846596 dqsqb
3 0.265534 36
3 0.163275 33
3 0.644408 21
1 0.691342
2 0.43072 0.000233
3 0.758936 6
3 0.718988 4
2 0.841031 0.000782
2 0.460376 0.000379
2 0.217425 0.000691
3 0.718746 21
4 0.089082 0.089128
1 0.481517
4 0.385944 0.385984
1 0.593638
3 0.287028 21
1 0.045964
0 0.924772 lzaii
3 0.615416 48
2 0.832841 9.1e-05
0 0.551587 uhbip
3 0.799793 26
4 0.656101 0.656165
4 0.943129 0.943217
2 0.505445 0.000168
1 0.303102
4 0.669312 0.669401
3 0.080838 5
1 0.7381
1 0.399215
1 0.457985
0 0.190932 ghfri
3 0.756828 37
0 0.575349 okhum
0 0.669018 agxuq
2 0.951071 0.000973
0 0.350286 nrgdh
2 0.83901 0.000708
3 0.446404 38
3 0.323166 37
3 0.435816 11
1 0.932986
1 0.484744
0 0.060615 crgyg
1 0.468792
0 0.990172 fdphp
3 0.262117 1
4 0.518006 0.518097
0 0.349243 oawmk
4 0.239725 0.239789
0 0.884333 ghirf
0 0.849481 pvqme
3 0.959173 22
2 0.658459 0.00058
0 0.164559 dgjak
1 0.142074
3 0.819898 31
1 0.545225
1 0.250671
1 0.817632
3 0.506967 12
1 0.62474
4 0.774978 0.774991
0 0.065201 evjie
4 0.012237 0.012268
4 0.89284 0.892905
3 0.52952 13
4 0.534181 0.534269
2 0.301204 0.000926
1 0.266678
3 0.091623 49
3 0.038782 28
4 0.461467 0.461498
3 0.058964 14
1 0.304668
1 0.606646
1 0.94117
1 0.604868
3 0.545359 31
4 0.07954 0.079611
1 0.380745
2 0.249729 0.000775
3 0.341352 26
3 0.896486 4
4 0.874306 0.874393
3 0.93327 4
4 0.75429 0.75432
2 0.960193 0.000852
1 0.565062
2 0.099625 0.000145
1 0.179165
4 0.211749 0.211811
3 0.97783 39
1 0.319182
1 0.67679
0 0.899572 ocaun
1 0.575524
2 0.315998 0.000951
3 0.24185 17
2 0.852294 0.000842
2 0.730477 0.00036
1 0.942226
4 0.915835 0.915843
4 0.519648 0.51969
2 0.71279 0.000962
4 0.535512 0.535605
1 0.695606
3 0.728832 30
3 0.561182 34
1 0.319384
3 0.294978 28
3 0.117377 5
0 0.465446 shnez
1 0.069083
4 0.130072 0.13017
4 0.181936 0.182027
0 0.877542 imlsi
1 0.4327
4 0.168814 0.168844
2 0.055364 0.000408
0 0.921626 ojnew
0 0.141768 ztgcp
3 0.386646 48
3 0.867035 38
3 0.405659 13
4 0.354712 0.354734
0 0.598742 uwwmr
1 0.708437
1 0.027843
4 0.745399 0.745463
1 0.869951
3 0.406972 42
4 0.793618 0.793708
2 0.177005 0.000731
0 0.582665 cmnvi
1 0.457231
3 0.528974 38
2 0.348682 0.000825
3 0.892878 34
2 0.578842 0.0004
3 0.085702 22
0 0.079043 eyvvb
2 0.625365 0.000402
0 0.595446 jfmta
4 0.327291 0.327375
1 0.535468
3 0.934804 2
0 0.029998 xzhtr
1 0.485324
3 0.147504 25
4 0.970323 0.970365
1 0.291414
4 0.05194 0.051993
2 0.395844 0.00093
3 0.239487 15
1 0.774956
3 0.615786 10
0 0.162136 nvdpt
3 0.891671 45
4 0.419696 0.419708
2 0.089439 2.8e-05
3 0.354628 21
3 0.784087 15
4 0.423142 0.423194
1 0.104123
3 0.441776 11
4 0.443926 0.444024
1 0.372982
4 0.989133 0.989152
4 0.880805 0.880821
3 0.816853 28
3 0.422644 9
1 0.293624
0 0.972265 fhsdv
2 0.121329 0.000308
3 0.35759 29
1 0.27234
0 0.002158 yjxro
1 0.193337
1 0.634526
0 0.335656 pzkgv
4 0.470664 0.470675
4 0.179364 0.179449
0 0.994024 jsbjf
2 0.54477 0.000145
3 0.6334 9
1 0.772098
1 0.055495
1 0.790678
1 0.697064
1 0.020431
1 0.044212
2 0.260698 0.000275
2 0.956414 0.000461
4 0.950438 0.950482
2 0.587895 0.000156
1 0.418867
4 0.210443 0.210536
1 0.993502
1 0.196129
0 0.663171 zlwev
1 0.606203
4 0.867585 0.867586
4 0.384614 0.384629
2 0.779874 0.000105
2 0.927306 0.000352
0 0.099252 gaebx
2 0.918793 0.000561
3 0.581964 19
1 0.152639
0 0.065498 wkhvn
4 0.028649 0.028712
1 0.808523
3 0.026715 29
2 0.288838 0.000434
4 0.825239 0.825273
3 0.785672 36
3 0.458585 39
3 0.766956 23
4 0.891497 0.89157
3 0.138592 3
0 0.768941 qmkbx
0 0.85991 pgyro
4 0.536366 0.536368
1 0.566102
0 0.250949 anvbg
4 0.45084 0.450884
4 0.092493 0.09253
2 0.915234 0.000678
1 0.232077
3 0.587673 37
4 0.241223 0.24131
1 0.878816
1 0.040887
0 0.03979 dhlcz
3 0.459352 42
3 0.426545 36
4 0.03539 0.035413
1 0.950625
2 0.835094 5.4e-05
0 0.93912 ryfsh
1 0.828258
1 0.387082
3 0.088739 10
4 0.146425 0.14644
3 0.605777 7
3 0.548674 44
4 0.584065 0.584084
2 0.53469 0.000221
1 0.750096
3 0.717513 37
4 0.897856 0.897925
3 0.473368 27
1 0.376802
3 0.780101 12
2 0.926526 0.000129
2 0.048655 0.000887
2 0.59733 0.000383
1 0.181395
2 0.48265 0.000437
1 0.744692
3 0.566994 7
2 0.884799 0.000414
3 0.127114 34
0 0.818476 colcq
0 0.482579 eowqh
1 0.962883
2 0.766456 0.000534
1 0.402932
3 0.632861 26
0 0.672883 jekrv
4 0.316668 0.316691
2 0.431597 0.000773
2 0.473052 0.000353
0 0.079514 shptb
1 0.905533
2 0.318823 0.000465
2 0.468036 0.000743
3 0.14092 23
4 0.008498 0.008563
0 0.020999 ckbkf
1 0.434386
2 0.475011 0.0009
2 0.911838 0.000207
2 0.795197 5.4e-05
2 0.640441 0.000229
4 0.708616 0.708681
0 0.945574 zqjkx
0 0.488387 joahe
2 0.619442 0.000644
0 0.649694 qqizy
3 0.612048 1
4 0.616048 0.616115
4 0.931143 0.931184
4 0.444763 0.44479
2 0.138748 0.000707
1 0.36247
3 0.012962 26
3 0.992469 18
2 0.963339 0.000662
1 0.846048
1 0.642632
3 0.241576 30
0 0.520465 fduta
1 0.279338
3 0.6308 38
0 0.642323 tezow
4 0.527754 0.527773
1 0.860769
0 0.973494 botbf
0 0.919079 nhlic
4 0.1706 0.170613
4 0.105038 0.105057
3 0.918299 37
0 0.279085 zjqlq
4 0.423264 0.423343
1 0.805485
4 0.22326 0.223347
4 0.14234 0.142361
4 0.178743 0.178773
4 0.839163 0.839193
3 0.646734 21
4 0.096629 0.096649
1 0.20181
0 0.695939 eixxh
0 0.270761 wruvr
2 0.560757 0.000881
1 0.255853
1 0.184901
3 0.501094 26
2 0.167067 0.00037
2 0.751339 0.000401
4 0.614696 0.614788
3 0.284894 11
0 0.139052 oazud
2 0.680232 0.000334
1 0.779113
0 0.085589 cwviq
2 0.420137 2.4e-05
1 0.171476
2 0.931742 0.000173
0 0.992085 ohgjb
0 0.577033 jmcro
1 0.240901
3 0.244986 28
4 0.458295 0.458343
3 0.446059 36
0 0.788555 hpfds
4 0.727506 0.727601
3 0.97033 29
4 0.547363 0.547451
1 0.877023
1 0.231209
1 0.020778
4 0.314109 0.314165
3 0.772405 6
4 0.734816 0.734858
1 0.039724
2 0.883825 0.000373
1 0.875687
0 0.696255 flhce
3 0.049353 45
3 0.82923 4
4 0.36636 0.366376
4 0.896368 0.896422
1 0.672324
3 0.497777 19
4 0.053853 0.053929
2 0.330227 0.000424
4 0.351687 0.351766
0 0.071195 yyfog
0 0.612239 zeepo
0 0.916096 uyubp
1 0.635222
1 0.162167
1 0.440413
4 0.391697 0.391749
3 0.402512 47
0 0.660945 mpjgg
4 0.625462 0.625496
2 0.691187 0.000324
0 0.959466 zvuxz
4 0.350397 0.350455
0 0.79081 hcslc
2 0.30557 0.000522
1 0.750726
0 0.493971 huzce
2 0.328584 0.000158
4 0.512463 0.512469
0 0.752675 ulyyf
0 0.479158 fmshf
3 0.401185 36
2 0.112401 0.000963
2 0.264539 0.000223
2 0.591511 0.00016
1 0.394302
0 0.090809 ziuak
1 0.774314
4 0.601219 0.60128
3 0.462059 36
4 0.112117 0.11215
4 0.029254 0.029339
2 0.303569 0.000694
1 0.764792
2 0.849265 0.000952
3 0.243567 28
4 0.011485 0.011515
0 0.39177 qruud
3 0.591939 47
4 0.821618 0.821685
4 0.186079 0.1861
4 0.662941 0.663031
1 0.920695
4 0.371988 0.372048
2 0.853378 0.000527
2 0.425577 0.000365
4 0.824034 0.824121
4 0.344552 0.344575
2 0.46629 0.000473
3 0.56644 9
1 0.778707
3 0.11117 30
0 0.290464 cijwm
4 0.837795 0.837847
3 0.173614 31
3 0.035716 15
0 0.131175 nmpkx
3 0.028502 9
1 0.323561
4 0.815149 0.81519
4 0.105613 0.105628
0 0.316772 wnxel
1 0.442885
1 0.377605
1 0.932188
2 0.126128 0.000608
3 0.768838 18
3 0.031373 20
4 0.735351 0.735432
3 0.5505 24
3 0.656113 39
3 0.489237 12
2 0.30348 0.000783
2 0.628722 0.000669
1 0.522679
0 0.798159 pcfzc
2 0.381953 0.000314
4 0.630599 0.630616
2 0.420132 0.000518
3 0.70089 33
2 0.616411 0.000221
2 0.165868 5.3e-05
2 0.234517 0.000775
1 0.100488
4 0.497249 0.497249
1 0.306
2 0.459713 0.000941
2 0.358018 0.000607
1 0.988617
4 0.937861 0.93791
4 0.751429 0.751521
3 0.141739 3
1 0.023913
3 0.477104 20
0 0.031232 tuolf
4 0.80145 0.80145
4 0.201391 0.201448
2 0.242998 0.000176
4 0.177974 0.178011
1 0.040469
3 0.460773 49
4 0.703176 0.703226
2 0.144151 0.000806
0 0.819643 knkow
0 0.823408 djnmu
0 0.577535 worlv
0 0.701099 hbyvz
3 0.39278 38
0 0.212423 ctasg
0 0.188014 vhjrw
4 0.070036 0.070054
1 0.341897
4 0.216561 0.216641
0 0.245662 tbjyr
3 0.486383 25
4 0.647263 0.647314
4 0.011869 0.011938
4 0.716235 0.716268
1 0.807054
4 0.218743 0.218783
0 0.115061 mjoqc
2 0.34855 0.000765
3 0.359193 10
3 0.278969 43
1 0.411168
2 0.003647 0.000119
3 0.385817 25
0 0.442302 nulvh
4 0.6319 0.631937
1 0.888264
0 0.219083 wwvth
1 0.72557
4 0.210605 0.210623
4 0.513614 0.51368
0 0.344844 jlbcb
2 0.227626 0.000538
0 0.321586 ecpdk
0 0.670381 hvhez
1 0.819499
4 0.027674 0.027682
3 0.435892 39
4 0.229927 0.230024
0 0.466265 typfs
4 0.312124 0.312134
4 0.544531 0.544551
1 0.731264
4 0.164762 0.164812
1 0.798779
3 0.644665 4
4 0.992926 0.99302
2 0.254067 0.000479
4 0.896164 0.89624
1 0.70096
4 0.687313 0.68736
1 0.735494
3 0.929041 45
4 0.123613 0.123614
1 0.730522
0 0.467421 latve
0 0.709632 dgjcf
0 0.767955 idhlu
2 0.37033 0.000298
3 0.079527 2
1 0.390681
3 0.655168 46
1 0.727208
1 0.990727
1 0.608444
3 0.669898 42
0 0.149949 pxgug
2 0.870486 0.000142
1 0.742478
2 0.240164 0.000863
2 0.656469 0.000861
3 0.395044 31
4 0.601041 0.601131
3 0.591768 6
2 0.712211 0.000107
1 0.259599
3 0.130332 33
0 0.345257 bzsxe
1 0.133657
0 0.05079 fqdln
0 0.350024 bvvjk
1 0.535238
2 0.022728 0.000837
3 0.669412 23
3 0.014669 13
2 0.263117 0.000448
4 0.254044 0.254102
4 0.821186 0.821253
2 0.405541 0.000862
3 0.145926 36
4 0.802253 0.802336
1 0.334789
1 0.743695
1 0.283629
4 0.220834 0.220875
2 0.799514 6.3e-05
3 0.752811 32
1 0.528296
3 0.237979 32
1 0.451799
0 0.777008 adczv
3 0.785434 3
4 0.046335 0.046433
0 0.846317 xugpe
0 0.424365 ifiod
0 0.206405 kptnh
0 0.717699 utdvn
3 0.791402 10
1 0.154071
4 0.768628 0.76871
3 0.295089 9
0 0.090714 oszuh
3 0.029613 37
0 0.824378 sajvn
2 0.778023 2.2e-05
2 0.085777 0.000534
3 0.239849 28
1 0.225983
2 0.658636 0.000242
2 0.265702 0.000512
3 0.19669 20
1 0.850435
0 0.248925 owwfb
4 0.992692 0.992701
4 0.284066 0.284113
2 0.5256 0.000965
3 0.768481 14
1 0.642
0 0.762135 sbtai
4 0.523031 0.523062
1 0.288309
4 0.001819 0.001876
1 0.885312
4 0.763684 0.763705
3 0.564102 20
2 0.089703 0.000486
0 0.374536 voexe
0 0.628108 xyjno
3 0.945168 48
2 0.46334 0.000707
1 0.348652
1 0.262227
0 0.939867 eyfkh
4 0.80692 0.807006
4 0.823456 0.823496
0 0.443219 fbwhq
0 0.061994 tfbld
4 0.910449 0.910493
1 0.045575
3 0.860293 21
0 0.292677 szoxp
3 0.469983 41
2 0.209183 0.000764
4 0.143089 0.143138
4 0.205083 0.205089
0 0.478276 mlrui
1 0.241628
1 0.144269
4 0.830751 0.830798
1 0.883722
4 0.593501 0.593533
2 0.063484 0.000423
0 0.272668 aexlf
2 0.315695 0.000945
0 0.601299 ukenx
1 0.057524
1 0.702182
2 0.27973 0.000441
4 0.848979 0.849021
1 0.373987
4 0.026605 0.026629
4 0.993144 0.993207
3 0.585033 25
2 0.41708 7.1e-05
2 0.018379 0.000526
3 0.332083 34
0 0.887416 yhdxc
2 0.725836 0.000465
1 0.32337
4 0.166817 0.166892
3 0.549616 21
3 0.864524 4
4 0.349328 0.349364
2 0.449601 0.000315
3 0.964411 1
3 0.661383 17
3 0.684786 18
1 0.020624
0 0.437687 ucbzc
4 0.137375 0.137458
1 0.478818
4 0.447712 0.447799
3 0.342001 31
1 0.738316
2 0.714552 0.000419
2 0.892287 0.000587
0 0.093425 fyept
0 0.971765 xdvki
4 0.642713 0.642745
1 0.606777
1 0.265514
3 0.319403 5
2 0.356005 0.000559
1 0.666814
1 0.850805
4 0.232271 0.232282
3 0.346321 29
1 0.665813
1 0.295841
2 0.835327 0.000698
0 0.881794 tpclp
1 0.166319
4 0.160641 0.160707
1 0.923552
0 0.627195 xvhwy
1 0.157343
2 0.711912 0.000156
0 0.007754 kcuwg
1 0.730323
1 0.287757
4 0.197564 0.19764
3 0.874557 45
4 0.798109 0.798141
1 0.860507
2 0.570078 0.000528
1 0.998269
3 0.62606 34
2 0.049341 0.00064
2 0.824301 9.2e-05
3 0.997407 10
4 0.049985 0.050002
3 0.247549 46
4 0.122106 0.122199
3 0.436567 25
2 0.813426 0.000599
0 0.484954 cymgb
2 0.028681 0.00093
1 0.369334
0 0.671277 refbl
1 0.696979
3 0.52942 37
1 0.275581
4 0.978673 0.978711
0 0.737272 afeoz
3 0.022524 30
4 0.037806 0.037845
3 0.779533 16
1 0.317921
2 0.767726 7.8e-05
3 0.464705 33
1 0.800142
1 0.909702
3 0.767854 40
3 0.505126 17
1 0.595678
3 0.226635 16
4 0.223867 0.223954
1 0.542506
2 0.005266 0.000422
3 0.323187 11
1 0.296617
2 0.233721 5e-05
3 0.550215 31
2 0.638713 8.5e-05
4 0.828993 0.829057
1 0.122362
2 0.601244 0.000997
1 0.789171
1 0.002548
4 0.631723 0.631766
0 0.164145 pmvuh
4 0.689571 0.689649
4 0.756139 0.7562
1 0.911204
4 0.94327 0.94332
3 0.411816 12
2 0.529412 0.000261
0 0.318583 qkdpp
0 0.645698 vjvgx
3 0.981421 25
2 0.73756 0.000739
3 0.165116 38
0 0.421666 nyafh
3 0.895733 9
1 0.843004
3 0.892573 18
3 0.054623 15
3 0.17098 15
3 0.16921 36
0 0.545592 cctqk
2 0.425783 0.000785
3 0.742713 48
1 0.336609
1 0.19196
2 0.121885 0.00086
0 0.114055 hdoxn
2 0.459079 7.4e-05
0 0.311887 gmpds
1 0.907298
0 0.098903 vfpgw
4 0.932987 0.933018
1 0.469199
4 0.029576 0.029598
2 0.455449 0.000724
2 0.484988 0.000155
1 0.583264
2 0.821282 0.000891
1 0.755168
3 0.380242 18
0 0.479145 yhfba
3 0.37996 36
0 0.84916 gpidp
3 0.861338 21
1 0.036602
2 0.91046 0.000884
3 0.623936 2
2 0.52053 0.000222
4 0.516028 0.516045
2 0.993577 0.000438
2 0.264762 0.000399
0 0.935117 ydjjt
0 0.160304 xomgw
2 0.066026 0.000124
4 0.19543 0.195518
1 0.503653
2 0.022029 0.000822
2 0.015606 0.00026
4 0.280369 0.28038
4 0.731838 0.73186
3 0.399591 20
0 0.255429 amdla
0 0.66058 dzrzw
3 0.167292 13
4 0.685114 0.685119
1 0.147726
1 0.502762
0 0.664175 uekqw
2 0.922325 6e-05
3 0.706664 10
3 0.759899 41
4 0.89161 0.891704
3 0.889661 49
0 0.403727 blaqe
1 0.219789
0 0.260343 clwhh
3 0.592666 16
3 0.299331 27
1 0.575582
0 0.825761 uebsp
4 0.793285 0.793287
0 0.88117 owyxl
3 0.701163 42
4 0.855153 0.855201
0 0.964171 tfary
0 0.047861 ejeyi
4 0.714563 0.714637
1 0.712216
1 0.498677
3 0.880334 47
1 0.134367
0 0.29375 hqubl
4 0.409177 0.409218
1 0.843324
3 0.538519 32
0 0.048449 ljrxu
3 0.677313 21
0 0.965299 wibjd
2 0.949845 0.000497
2 0.418051 0.000436
1 0.343581
3 0.583529 5
3 0.638401 38
4 0.68685 0.686922
3 0.995146 21
0 0.324189 bogwl
1 0.490643
1 0.195811
2 0.612499 0.000661
4 0.03055 0.030647
2 0.374131 0.000327
4 0.561037 0.561073
0 0.367527 nnzbj
4 0.01802 0.018027
1 0.998488
4 0.359897 0.359962
0 0.366892 trsem
0 0.042216 witoq
1 0.199288
4 0.377615 0.377708
3 0.802166 20
4 0.765191 0.765283
3 0.460354 32
2 0.336604 0.000897
4 0.703496 0.703559
3 0.197043 29
3 0.173748 47
3 0.759188 46
0 0.536892 nkzoj
4 0.793867 0.79387
3 0.07541 45
3 0.535764 27
0 0.872368 ilvdc
0 0.47762 pzvqh
4 0.700215 0.700308
4 0.961353 0.96136
4 0.707536 0.707597
3 0.853539 21
0 0.450086 frzbo
4 0.145492 0.145574
1 0.405034
2 0.569301 5e-05
3 0.718219 15
4 0.987485 0.987516
2 0.870836 0.000336
1 0.745887
0 0.868769 vages
3 0.988283 18
4 0.689801 0.689811
4 0.401446 0.401514
3 0.864344 20
3 0.582563 38
4 0.0864 0.086421
3 0.473588 7
0 0.219476 lleeg
4 0.460154 0.460253
0 0.420374 ejetx
4 0.561643 0.561717
4 0.357166 0.357225
4 0.879104 0.879152
0 0.344025 ecysf
2 0.28855 0.000842
3 0.023261 19
4 0.516161 0.51624
3 0.133302 40
2 0.020177 0.000888
1 0.58182
3 0.994292 38
2 0.876332 0.000442
3 0.361124 17
0 0.319504 chjuy
2 0.874287 0.000508
1 0.089861
4 0.178405 0.178466
3 0.331497 0
0 0.021386 lltyp
0 0.132695 qprwp
1 0.130023
1 0.859741
2 0.437903 0.000648
1 0.423763
0 0.762094 crxko
3 0.216607 18
2 0.970279 0.000521
3 0.695642 46
4 0.239096 0.239143
0 0.977369 kamdn
1 0.806467
3 0.544867 30
3 0.823313 14
2 0.34392 0.000473
4 0.399078 0.399158
4 0.716307 0.716318
0 0.257196 bsmek
2 0.365171 0.000458
1 0.472563
2 0.050195 0.000901
1 0.674368
3 0.923423 18
3 0.079437 1
3 0.829262 17
4 0.279342 0.279344
1 0.216054
2 0.011639 0.00076
1 0.458771
2 0.473612 1.1e-05
3 0.959071 32
3 0.813093 27
4 0.989935 0.990033
4 0.913358 0.913424
2 0.509148 0.000319
2 0.33841 0.000187
3 0.134105 39
0 0.866511 uaxuy
0 0.798424 ehvmn
1 0.294072
1 0.593228
0 0.68184 akcjc
3 0.386849 45
2 0.037306 0.000536
4 0.903817 0.903904
0 0.65144 lxpwv
2 0.607371 0.000964
2 0.694312 3.7e-05
3 0.28754 9
0 0.310478 fltgk
1 0.496504
3 0.783072 41
2 0.203241 0.00068
3 0.854681 29
3 0.522658 4
0 0.324905 anorj
0 0.964229 omyic
2 0.489875 0.000199
0 0.98638 ogbty
0 0.492115 cfdmb
4 0.617004 0.617072
0 0.017778 wtiub
2 0.554299 0.00042
2 0.220628 0.000648
1 0.632723
0 0.939281 qkktu
4 0.544795 0.544841
0 0.353246 eugkg
2 0.393814 0.000258
2 0.157053 0.00036
1 0.227704
2 0.89806 0.000332
0 0.829061 dtxkx
4 0.233355 0.233382
3 0.294502 23
1 0.1641
0 0.517347 aclcs
4 0.46111 0.461195
1 0.705016
4 0.185424 0.1855
3 0.758556 39
0 0.926069 uxgrq
4 0.723264 0.723306
2 0.415515 0.000242
4 0.449214 0.449262
1 0.395536
4 0.172048 0.172063
4 0.832834 0.832841
2 0.721323 0.000183
0 0.090849 iejqd
0 0.829599 mspxi
2 0.997803 9.2e-05
2 0.447017 0.000741
0 0.842553 mkvet
3 0.765984 28
3 0.072325 27
4 0.843507 0.843565
2 0.847873 0.000673
1 0.706897
4 0.776179 0.776264
2 0.296883 0.000988
1 0.375985
3 0.306712 7
1 0.92024
1 0.704284
2 0.37693 6.4e-05
3 0.883258 27
0 0.996787 upkoc
1 0.588519
0 0.1008 xrdri
3 0.070271 39
0 0.226378 lzqdx
2 0.729804 0.00062
0 0.744183 lknzt
0 0.50454 fppvy
0 0.254038 zezgx
4 0.118826 0.118894
1 0.453483
0 0.17174 zhyou
2 0.384252 0.000517
4 0.176687 0.176774
4 0.274894 0.274923
2 0.473901 0.00022
2 0.244291 0.000397
1 0.783685
0 0.535407 talmo
2 0.214302 0.000577
3 0.212014 46
1 0.406024
1 0.933568
3 0.908488 7
0 0.183382 xzdoa
4 0.566706 0.566741
4 0.867904 0.867998
3 0.771576 23
2 0.161435 0.000813
2 0.200012 0.000316
3 0.54756 19
2 0.279361 0.000639
3 0.704202 47
3 0.887584 35
2 0.577572 0.000796
3 0.511851 3
3 0.229815 9
4 0.862925 0.86296
3 0.054949 20
1 0.461276
4 0.090027 0.090049
4 0.417747 0.417786
3 0.711738 24
0 0.151137 kspsk
1 0.36935
4 0.196924 0.197004
1 0.865683
0 0.984413 qiddy
1 0.774978
3 0.129313 25
0 0.298705 qppfl
2 0.953589 0.000941
3 0.81706 13
3 0.192381 39
4 0.797518 0.797593
4 0.781931 0.782028
4 0.337646 0.337688
3 0.354638 22
1 0.483951
2 0.322579 0.000656
0 0.44911 bqaro
4 0.02336 0.023387
4 0.107351 0.107411
3 0.20047 28
0 0.537646 zarvm
0 0.510246 fdsan
3 0.056701 1
1 0.299479
2 0.468968 0.000846
1 0.008681
0 0.321095 gmtdo
3 0.3705 28
0 0.493629 glbtu
4 0.810887 0.810918
4 0.620445 0.620478
2 0.780694 1.2e-05
4 0.249662 0.249672
2 0.258343 0.000187
2 0.374375 0.000324
0 0.723581 mwxsc
2 0.638009 0.000177
1 0.938346
4 0.649773 0.649806
1 0.964924
0 0.941406 hrkiy
0 0.962305 rghvm
3 0.821743 34
3 0.432177 4
3 0.536239 13
0 0.684153 dymen
2 0.789577 0.000893
3 0.972653 13
1 0.921744
0 0.461897 yrsel
2 0.565436 0.000694
0 0.997613 tufek
0 0.986877 gdguz
3 0.489986 20
1 0.215002
2 0.090751 0.000349
1 0.736282
1 0.866455
3 0.092926 7
1 0.68062
4 0.559377 0.559449
4 0.609582 0.60967
1 0.860292
1 0.954519
0 0.588842 gvzos
3 0.075305 4
4 0.289654 0.289721
1 0.492222
2 0.777561 0.000148
1 0.822973
0 0.216102 puptm
4 0.884928 0.885027
1 0.36256
3 0.947535 32
3 0.807838 24
2 0.883143 0.000631
3 0.68915 0
2 0.181372 0.000973
3 0.282873 6
3 0.064993 11
0 0.209738 pauhu
3 0.583969 49
2 0.531504 0.000631
0 0.855695 qlmxw
0 0.911289 ormvd
3 0.721909 35
4 0.028386 0.02846
3 0.326796 46
4 0.026485 0.026554
0 0.605087 zaaco
1 0.272495
2 0.905165 0.000345
0 0.332807 zohlu
1 0.639831
0 0.58648 udfyn
0 0.054203 zuaxg
3 0.371848 32
2 0.160696 0.000619
2 0.453393 4.9e-05
1 0.508126
1 0.159585
3 0.109033 31
4 0.232806 0.23287
1 0.588952
0 0.761814 fphih
2 0.427067 3e-05
2 0.315268 0.000912
4 0.992316 0.992348
4 0.445709 0.445742
0 0.470187 jbtpk
4 0.489021 0.489024
3 0.594326 30
2 0.837823 0.000892
4 0.138638 0.138726
3 0.082057 18
0 0.397325 unbvt
1 0.2877
1 0.82189
2 0.807264 0.000126
3 0.918955 42
1 0.390558
0 0.290797 cyeka
0 0.823422 vqrwf
1 0.591631
4 0.356043 0.35606
2 0.160095 0.000725
2 0.594978 0.000989
3 0.802428 44
3 0.498899 4
0 0.306049 rdlnc
4 0.038701 0.03871
4 0.340094 0.340159
4 0.03137 0.031466
0 0.903765 pqpgl
1 0.400532
0 0.493971 plkmg
1 0.421831
1 0.766293
0 0.062711 aruax
2 0.578982 0.000981
0 0.193023 rjbys
2 0.255502 0.000225
3 0.265825 5
3 0.775048 40
4 0.590319 0.590391
0 0.356612 bifhg
4 0.665157 0.665186
4 0.26149 0.261504
4 0.761588 0.761605
1 0.325548
0 0.608866 iisvg
4 0.654628 0.654713
4 0.244947 0.244956
1 0.117912
3 0.58649 3
2 0.304982 0.00038
1 0.102063
4 0.449641 0.44967
0 0.211229 gmhou
4 0.917247 0.917295
4 0.181192 0.181287
2 0.326929 0.000811
4 0.259938 0.26002
1 0.650033
0 0.088457 mwfrd
3 0.327171 49
3 0.054753 48
1 0.107882
1 0.340006
3 0.804706 6
2 0.985898 0.000601
4 0.829179 0.829191
1 0.089117
2 0.081369 0.000502
2 0.169826 0.00053
4 0.356015 0.356075
1 0.275793
2 0.341652 0.000448
0 0.35205 sqvxe
2 0.958934 0.000272
2 0.897536 0.000299
1 0.4013
0 0.497465 dnnqb
2 0.398302 0.000928
3 0.665303 24
2 0.523308 0.000522
4 0.39171 0.391754
3 0.147571 22
3 0.708138 7
1 0.770955
0 0.259312 xyptr
3 0.429736 18
3 0.127585 21
4 0.131495 0.131571
3 0.768637 34
0 0.610116 witkb
2 0.867857 0.000881
3 0.155164 26
0 0.334468 vxkna
2 0.336541 0.000405
3 0.252014 14
3 0.832791 49
3 0.453227 5
1 0.465374
2 0.391678 0.000445
1 0.461586
2 0.156413 0.000506
3 0.614041 39
1 0.396717
0 0.026523 tozlg
2 0.837348 0.000849
3 0.186491 49
1 0.156071
1 0.381717
0 0.964163 wiikk
4 0.546192 0.546207
3 0.417283 1
2 0.653636 0.000876
0 0.139013 bjgbw
3 0.897996 43
4 0.684554 0.684618
0 0.582624 geqwr
0 0.5716 upfku
2 0.039451 0.000874
0 0.591166 fofvh
4 0.348386 0.348389
4 0.970035 0.970093
0 0.47369 dmaxu
1 0.002116
3 0.891752 22
3 0.628281 10
2 0.184085 0.000886
3 0.291603 26
1 0.052523
4 0.874706 0.874798
2 0.56451 0.000158
4 0.45522 0.455308
1 0.928554
1 0.472893
0 0.039379 kodmj
2 0.570707 0.000163
0 0.754792 wrqpt
1 0.915393
3 0.435815 47
0 0.217973 ptlds
4 0.450562 0.450625
3 0.984884 41
2 0.410958 0.000693
0 0.981665 poyas
3 0.570137 33
4 0.485531 0.485579
4 0.939528 0.939553
2 0.418517 2.2e-05
2 0.396186 0.000873
1 0.363101
3 0.55515 35
4 0.621704 0.621747
3 0.124449 8
1 0.881469
3 0.559391 46
3 0.129529 32
2 0.61506 0.00018
1 0.07094
1 0.22377
4 0.18128 0.181332
1 0.242154
4 0.281449 0.281491
1 0.629434
4 0.592485 0.592514
4 0.233287 0.233376
2 0.631108 0.00046
4 0.493207 0.493295
3 0.609739 46
0 0.161919 voltv
3 0.801074 15
4 0.216705 0.216769
3 0.703838 0
4 0.812676 0.812755
3 0.045963 18
3 0.677071 28
2 0.170278 0.000169
2 0.296369 0.000115
2 0.458289 0.000566
4 0.902818 0.902906
3 0.012276 13
3 0.396592 20
2 0.036751 0.000759
2 0.208335 0.000787
3 0.446271 0
2 0.981339 0.000173
2 0.889283 0.000804
1 0.78328
3 0.332383 44
4 0.80095 0.801015
3 0.901738 4
1 0.319953
2 0.692854 0.000874
2 0.729605 0.000985
1 0.454292
2 0.128345 0.000563
4 0.783064 0.783118
4 0.748163 0.7482
3 0.50408 19
4 0.352815 0.35283
3 0.153765 31
1 0.571856
2 0.57679 0.000809
1 0.269644
3 0.594273 1
0 0.223172 itjur
3 0.785063 20
3 0.588953 23
3 0.692474 4
1 0.10709
3 0.442461 23
1 0.014317
0 0.749916 ssucv
1 0.442183
4 0.021407 0.021434
3 0.408216 48
3 0.709631 18
1 0.814936
3 0.401166 48
3 0.130853 48
1 0.712576
1 0.078266
3 0.032193 45
4 0.568105 0.568164
3 0.619619 42
2 0.641026 0.000122
2 0.565594 0.000172
0 0.275225 jryuy
2 0.398985 0.000646
0 0.508135 oswsk
0 0.663957 thpco
1 0.177705
4 0.565485 0.565498
3 0.936657 30
1 0.864001
1 0.647745
2 0.214669 2.2e-05
4 0.235667 0.235719
2 0.320614 0.000562
4 0.483826 0.483886
1 0.147784
4 0.539043 0.539096
2 0.582077 0.000716
3 0.266136 4
3 0.032142 13
0 0.073373 equnf
2 0.79818 0.000976
1 0.300792
0 0.616558 etmcm
4 0.281193 0.28125
2 0.86327 0.000974
0 0.645758 dnwza
0 0.217008 lxirq
0 0.456437 qjddt
0 0.181463 jquml
0 0.632818 yrdxp
1 0.678959
4 0.256807 0.256874
2 0.761902 3.2e-05
0 0.78249 bwvwr
4 0.15052 0.15053
2 0.638876 0.00011
2 0.892072 0.00042
4 0.041243 0.041298
3 0.836172 21
2 0.825353 0.00053
2 0.598512 0.000849
1 0.360415
3 0.728566 7
2 0.82345 3.4e-05
4 0.994713 0.994766
1 0.346123
3 0.406277 34
0 0.814702 qdxdg
4 0.797984 0.798012
4 0.331514 0.331579
4 0.793716 0.793752
1 0.205301
2 0.717415 0.000164
4 0.283449 0.283494
2 0.464403 0.000446
0 0.474443 oyvgy
2 0.879075 0.000246
3 0.603896 32
1 0.670422
4 0.168346 0.168407
0 0.739734 seieb
2 0.394484 2.7e-05
1 0.375239
1 0.778153
2 0.854902 0.00098
2 0.878032 0.000516
0 0.273459 mjdtu
4 0.219146 0.2192
3 0.503663 38
2 0.477129 0.000828
2 0.868464 0.000272
3 0.261843 33
2 0.941021 0.000986
1 0.795923
3 0.845195 7
0 0.591365 cryrm
3 0.437955 44
2 0.353898 0.000807
2 0.179812 0.000289
0 0.116761 dsuwn
3 0.02397 16
4 0.336245 0.336281
0 0.042905 sftrl
2 0.790623 0.000778
2 0.729768 0.000481
2 0.688927 0.000323
4 0.125216 0.125262
3 0.462673 40
2 0.545622 0.00012
3 0.085944 36
2 0.938541 0.000722
4 0.981446 0.981492
2 0.00447 0.000671
2 0.401319 0.000294
2 0.236123 0.000414
3 0.424825 42
4 0.309691 0.309701
2 0.311319 0.000584
4 0.277494 0.277552
4 0.914887 0.914941
2 0.812556 0.000395
2 0.299346 0.000194
0 0.999325 obsya
1 0.564458
4 0.531042 0.531077
1 0.152438
3 0.338953 30
3 0.160889 16
4 0.044799 0.044872
3 0.014653 15
4 0.439401 0.439485
2 0.361947 0.000101
2 0.288963 0.000389
1 0.13365
4 0.789418 0.789478
3 0.32046 45
1 0.472898
3 0.673021 30
3 0.833911 48
4 0.395062 0.395083
2 0.409716 0.000139
4 0.365469 0.365544
1 0.727416
2 0.221394 0.000731
1 0.428842
1 0.410142
0 0.880841 orcgz
3 0.255257 4
2 0.60552 0.000153
3 0.000582 24
1 0.92665
0 0.355357 klazl
4 0.068618 0.068654
2 0.734999 0.000179
2 0.132192 0.000698
2 0.765832 0.000934
4 0.451246 0.451337
4 0.864135 0.864198
2 0.441343 0.000645
3 0.567306 48
4 0.922663 0.92273
0 0.520104 phwdd
2 0.062625 0.000412
2 0.711169 0.000111
4 0.477002 0.477047
0 0.4446 mfdmu
2 0.685648 0.000707
4 0.116648 0.116741
4 0.323416 0.323484
0 0.582423 oeszp
3 0.936311 27
0 0.203422 ngbri
2 0.110498 0.000236
0 0.019589 brimo
1 0.417916
2 0.932661 0.000476
2 0.105326 0.000679
0 0.286224 rjbca
2 0.150676 0.00042
1 0.89573
1 0.330535
0 0.705509 hsdzf
1 0.448119
0 0.514607 zurxc
0 0.11155 qlifi
4 0.044067 0.044137
1 0.067195
2 0.997142 0.000731
0 0.219003 mwfce
1 0.338559
1 0.330885
2 0.441658 0.00032
2 0.551007 0.000787
3 0.946581 4
1 0.564691
4 0.506336 0.506394
1 0.777557
0 0.334674 jjzei
0 0.229642 qbqrh
3 0.600626 38
1 0.522736
0 0.335265 oeytu
1 0.869266
0 0.758094 iamdq
4 0.996987 0.997082
2 0.22663 0.000504
3 0.756198 25
3 0.133004 4
1 0.631482
0 0.086854 ydxuf
1 0.712242
0 0.181031 jjojv
4 0.239889 0.239969
4 0.194086 0.194096
1 0.857376
1 0.083823
0 0.165917 ddtzd
3 0.829855 38
2 0.330874 0.000441
4 0.217511 0.217535
3 0.267324 45
3 0.287717 39
2 0.821449 2.9e-05
0 0.581812 vadob
2 0.21583 1.5e-05
3 0.423949 24
1 0.770157
3 0.831915 31
1 0.48483
2 0.642233 0.000785
3 0.317578 0
2 0.314617 0.000204
1 0.161998
4 0.309548 0.309573
1 0.924273
3 0.839924 15
3 0.165291 8
2 0.676016 0.000552
4 0.577631 0.577698
2 0.759039 0.000649
4 0.401272 0.401359
4 0.235202 0.235291
1 0.54982
4 0.339083 0.339153
3 0.164983 48
1 0.605609
1 0.513176
4 0.109186 0.109205
0 0.489593 usgxr
2 0.723858 0.00091
4 0.641482 0.641579
3 0.876685 36
2 0.942857 0.000632
0 0.171027 mknxr
3 0.91925 11
4 0.630422 0.63052
0 0.017609 wtidz
0 0.088757 nsmub
3 0.600725 16
0 0.299865 bbcqo
2 0.722729 0.000325
3 0.56777 49
1 0.418757
4 0.256175 0.256229
4 0.433022 0.433083
4 0.52178 0.521798
3 0.719586 36
0 0.616131 pgtzb
2 0.220821 0.000855
2 0.91995 0.000936
0 0.915688 qsczo
1 0.007718
4 0.072473 0.072504
0 0.594253 ngqgi
3 0.612952 42
2 0.63708 0.000524
0 0.374253 ehbiz
3 0.331373 44
4 0.429189 0.429253
0 0.436908 bcvmo
3 0.24276 43
2 0.642771 0.000917
4 0.491666 0.491715
1 0.19319
1 0.66272
1 0.273466
0 0.935588 audjq
1 0.234009
1 0.649411
0 0.912157 woyli
4 0.67313 0.673165
1 0.324516
1 0.23697
2 0.246443 0.000462
4 0.013364 0.013392
0 0.465304 nhwlm
1 0.258436
2 0.110532 0.000873
1 0.628186
4 0.686372 0.686406
3 0.841876 16
4 0.722297 0.722329
2 0.475619 0.000215
1 0.188081
1 0.246985
1 0.479951
2 0.086792 0.000152
0 0.111219 ngthi
0 0.97451 roeyf
0 0.457754 yojhj
4 0.291219 0.291231
0 0.054557 vfzbv
1 0.842536
4 0.215192 0.215235
3 0.264105 25
0 0.973908 qlgwu
3 0.428502 45
2 0.4861 0.000175
3 0.293672 37
3 0.864581 11
4 0.664132 0.66421
3 0.940943 17
4 0.156135 0.156197
4 0.936592 0.936682
1 0.426852
4 0.349117 0.349168
3 0.863803 6
2 0.1526 0.000948
4 0.174776 0.174874
1 0.151115
3 0.098614 26
3 0.762746 7
3 0.220041 24
2 0.892528 8.8e-05
2 0.82912 0.000478
3 0.772325 2
1 0.178476
2 0.344101 3.2e-05
4 0.013054 0.013086
4 0.704182 0.704212
2 0.855297 0.000353
2 0.110926 0.000433
0 0.202385 qvbml
4 0.861528 0.861543
3 0.992708 40
2 0.956654 0.000368
0 0.817108 maaeg
1 0.415366
3 0.422345 21
2 0.533271 0.000505
4 0.735656 0.735714
3 0.224219 49
1 0.889519
4 0.399458 0.399507
3 0.337998 31
4 0.971366 0.971439
4 0.659118 0.659198
3 0.465202 10
4 0.39692 0.39692
2 0.694991 0.000914
3 0.348848 49
2 0.876859 0.000997
1 0.988758
0 0.040232 sonug
0 0.949224 ysjsc
2 0.543438 0.000431
4 0.45671 0.456793
1 0.151702
3 0.375511 2
4 0.302005 0.302066
1 0.936367
0 0.832289 utbgd
0 0.16865 vbgas
1 0.964895
3 0.310594 9
1 0.925177
2 0.006298 2.7e-05
3 0.539552 26
4 0.433314 0.433389
3 0.832186 16
1 0.225948
2 0.625161 0.00044
2 0.793811 0.000156
3 0.424304 4
3 0.408115 49
3 0.235061 10
4 0.160238 0.160337
4 0.796618 0.796717
2 0.143344 0.000105
1 0.161119
3 0.843689 37
0 0.069637 ekpgt
0 0.394252 ktpti
4 0.763264 0.763314
3 0.439854 49
3 0.236472 1
0 0.896169 kzenu
3 0.135992 31
3 0.00526 10
2 0.184692 0.000395
0 0.30478 jhjzx
4 0.87508 0.87513
4 0.007281 0.007346
3 0.628282 17
2 0.190389 0.00022
3 0.598626 14
3 0.25097 45
1 0.772582
2 0.801208 0.000627
2 0.15053 0.000407
1 0.641258
3 0.862369 27
2 0.253801 0.000679
1 0.261082
4 0.614427 0.614492
1 0.815874
1 0.816733
4 0.194732 0.194781
4 0.445702 0.445748
0 0.218284 gincx
1 0.387499
4 0.630766 0.630834
4 0.871108 0.871177
0 0.180257 fruyy
0 0.766575 xkvbh
1 0.488327
4 0.657997 0.658077
0 0.382613 gciri
0 0.925456 xdswk
2 0.474893 0.000803
3 0.442339 14
0 0.226518 qmcnp
0 0.766895 mweez
4 0.5563 0.556334
1 0.072702
3 0.532362 13
3 0.200323 32
0 0.675217 qqeyc
1 0.734197
4 0.134876 0.134879
1 0.897654
4 0.756434 0.756446
4 0.427099 0.427157
0 0.499751 nqmxn
4 0.160361 0.16037
1 0.214968
3 0.032839 28
4 0.494393 0.494411
2 0.22859 0.000999
0 0.034994 ckvqq
4 0.353915 0.353984
2 0.370019 0.000314
0 0.942473 mvodg
0 0.699035 gezfs
3 0.957048 23
4 0.053688 0.053757
1 0.564335
4 0.061232 0.061325
3 0.9315 12
2 0.301519 0.000128
3 0.760344 32
4 0.768188 0.768237
1 0.869383
1 0.310441
2 0.724301 0.000725
0 0.986336 vtmyt
1 0.397148
1 0.146019
4 0.048041 0.048112
1 0.132376
0 0.010085 wtdwy
1 0.665598
4 0.105757 0.105796
2 0.830059 0.000116
2 0.332747 0.000241
2 0.283118 5.4e-05
1 0.884256
0 0.817229 tmort
3 0.55224 44
2 0.724326 0.000714
4 0.6646 0.664635
2 0.99061 0.000644
3 0.869094 3
4 0.928481 0.928484
0 0.60755 xxkkh
0 0.352157 ehfho
3 0.323198 0
1 0.880264
2 0.466527 0.000151
1 0.973489
0 0.66511 ekozn
0 0.894966 jimml
4 0.165965 0.166042
3 0.174973 32
1 0.252573
2 0.846719 0.000499
1 0.898511
3 0.423497 42
2 0.599645 0.000404
0 0.048496 mdoib
2 0.193335 0.000168
0 0.137714 uabnh
0 0.971764 kixkl
1 0.159331
3 0.518641 48
3 0.469045 1
4 0.193706 0.193773
4 0.346307 0.346311
3 0.539642 22
0 0.193708 safwa
4 0.708236 0.708335
4 0.043072 0.043124
4 0.401538 0.401545
1 0.940981
0 0.296809 ikvjg
3 0.427606 38
2 0.97153 0.000556
1 0.651502
4 0.985429 0.985451
3 0.07606 11
2 0.684501 0.000283
4 0.533451 0.533504
2 0.562758 0.000817
1 0.372069
3 0.097875 28
3 0.292429 41
3 0.720035 29
3 0.207918 37
4 0.85942 0.859432
0 0.247395 rriwd
4 0.801486 0.801496
4 0.444693 0.444714
3 0.061586 40
1 0.159462
0 0.360287 bvhpl
3 0.896197 30
4 0.755617 0.755661
2 0.003012 8.1e-05
0 0.346618 drncv
1 0.389322
3 0.000969 11
0 0.781411 kkqsz
0 0.266893 grezl
0 0.856404 veret
0 0.692209 symfi
1 0.474082
0 0.209306 yhymp
2 0.8649 0.00048
1 0.935403
2 0.674151 0.000416
2 0.530555 0.000435
4 0.117392 0.117464
4 0.847373 0.847406
0 0.038334 vjktj
0 0.506795 mrnlk
3 0.164947 0
1 0.100351
2 0.685582 0.000119
0 0.732489 gsiye
2 0.264859 0.00078
3 0.249192 3
2 0.546681 0.00096
2 0.569828 0.00076
3 0.416704 7
3 0.548044 7
3 0.559475 10
0 0.245058 cfvez
1 0.827762
0 0.07374 cssjp
3 0.921199 47
2 0.491028 0.000759
2 0.907732 0.000567
0 0.455776 ygzce
1 0.280765
2 0.270561 0.0006
3 0.130694 14
3 0.720787 40
1 0.562821
3 0.829835 21
4 0.457482 0.457482
2 0.015593 0.000893
1 0.771512
0 0.871349 folfi
4 0.334491 0.334524
2 0.553444 0.000748
2 0.600158 0.000512
4 0.28855 0.28861
2 0.835108 0.000495
3 0.819218 29
3 0.810707 23
3 0.709929 35
4 0.581278 0.581352
2 0.500583 0.0007
3 0.680198 42
3 0.646725 36
2 0.260299 0.000146
4 0.078308 0.078405
1 0.97549
2 0.934757 0.000495
2 0.062086 0.000401
0 0.721361 eejuj
1 0.002072
0 0.847823 taxuj
3 0.460253 7
0 0.401502 uqjfn
2 0.909855 8.4e-05
1 0.549608
1 0.933672
3 0.862939 19
3 0.352285 42
3 0.858567 16
3 0.045047 33
4 0.394605 0.394692
2 0.004462 0.000289
1 0.208979
3 0.675667 37
1 0.825891
0 0.13828 ztlhy
2 0.574048 0.000644
3 0.132993 47
0 0.539761 cwcph
3 0.715171 14
4 0.208075 0.208168
2 0.883742 0.000433
4 0.225985 0.226013
1 0.78054
3 0.443497 19
2 0.915939 0.000519
1 0.257019
2 0.643788 0.000667
3 0.185465 12
0 0.841939 eohfc
1 0.386221
2 0.16528 0.000654
3 0.907617 34
2 0.204509 0.000418
4 0.989628 0.989645
3 0.865148 10
0 0.87366 qrese
1 0.991157
3 0.910661 20
3 0.682191 8
4 0.767886 0.767976
1 0.516589
2 0.610242 0.000638
2 0.364012 0.000184
2 0.014529 0.00067
0 0.301789 kdnel
4 0.894233 0.894285
3 0.141133 15
0 0.405161 qtcah
3 0.772184 47
1 0.387823
1 0.373273
2 0.631114 0.000155
4 0.658511 0.658607
4 0.075921 0.075959
1 0.431617
4 0.926136 0.926157
2 0.067269 0.000639
2 0.47243 0.000996
2 0.044193 0.000591
2 0.959563 0.000775
1 0.968824
0 0.934263 rzzgo
2 0.484901 0.000544
1 0.472739
2 0.796835 0.000688
1 0.123309
2 0.813205 0.000948
4 0.801988 0.802084
3 0.362533 37
0 0.322096 mzjdc
3 0.432627 13
3 0.209318 7
1 0.997214
0 0.418673 ewnvg
1 0.376155
0 0.686037 fgnwf
3 0.379125 17
2 0.70275 0.000884
1 0.368473
3 0.114251 3
2 0.825311 0.000734
1 0.385236
2 0.90241 0.000349
1 0.46536
4 0.080444 0.08046
1 0.766481
1 0.567807
4 0.109392 0.109404
0 0.004869 lursk
2 0.75038 2.2e-05
2 0.838562 0.000333
1 0.44031
2 0.326091 0.000721
1 0.330564
1 0.635043
3 0.165949 34
1 0.218313
2 0.499338 5.7e-05
4 0.251518 0.251544
1 0.8398
0 0.869205 eoxrx
2 0.768631 0.000269
4 0.890553 0.890565
0 0.270825 toqqc
2 0.013478 0.000578
1 0.029168
2 0.296453 0.000686
3 0.294141 38
3 0.163346 12
4 0.782931 0.782991
0 0.75743 ntuhh
2 0.75207 0.000996
1 0.657938
2 0.292352 0.000342
2 0.791282 9.1e-05
0 0.13427 tjdkq
4 0.732384 0.732405
3 0.031667 31
1 0.789098
2 0.193538 0.00069
2 0.459257 0.000812
4 0.117253 0.117304
4 0.611238 0.611241
2 0.1187 0.000237
0 0.171683 inzzj
0 0.168741 siovu
2 0.69455 0.000885
0 0.688592 maudw
2 0.700223 0.000408
2 0.019247 0.000109
2 0.316714 0.000144
1 0.372725
0 0.755158 pevui
1 0.77701
2 0.809555 0.000912
4 0.198863 0.198867
0 0.047428 hkwfz
2 0.292583 0.000914
1 0.767487
4 0.251612 0.25171
4 0.173459 0.173516
0 0.087517 fwtrk
1 0.080002
4 0.817152 0.817217
0 0.040997 ozzdd
1 0.99525
4 0.52267 0.522736
3 0.934651 30
1 0.719358
0 0.122485 grkny
2 0.135983 0.000227
1 0.587649
4 0.924811 0.92483
4 0.767456 0.767511
3 0.1397 11
4 0.13495 0.134952
1 0.481669
0 0.5956 ofkov
3 0.711097 42
0 0.841163 wfnzg
2 0.198694 0.000533
1 0.482503
3 0.437021 5
1 0.542595
0 0.002953 cavee
2 0.630454 1.9e-05
1 0.963602
3 0.21338 34
2 0.324964 0.000749
0 0.598847 ntsjx
4 0.607189 0.607263
4 0.349741 0.349811
1 0.352694
1 0.512688
3 0.853062 18
0 0.483516 kewiz
0 0.41739 wmjyu
1 0.080948
2 0.400019 0.000697
3 0.675094 3
4 0.009116 0.00913
4 0.546682 0.546684
2 0.399744 0.00012
4 0.399612 0.399622
4 0.363082 0.363098
2 0.328237 0.000206
3 0.469142 23
2 0.063862 0.000641
2 0.589931 0.000661
1 0.723189
0 0.103054 ltjbb
0 0.487509 ybxoh
2 0.578695 0.000174
1 0.423285
2 0.150201 0.000427
2 0.384554 0.000641
3 0.732558 24
4 0.990612 0.990625
1 0.610018
4 0.286039 0.286078
4 0.185944 0.185959
3 0.518297 13
3 0.73391 21
2 0.828958 0.000247
0 0.252243 zcmfd
0 0.573138 stwbv
1 0.900314
4 0.897056 0.897061
3 0.599352 20
4 0.11765 0.117685
4 0.367912 0.36792
4 0.19687 0.196877
4 0.965465 0.965503
3 0.626487 28
1 0.276502
2 0.05681 0.000441
2 0.863457 0.000846
0 0.280123 qxrvt
1 0.554256
3 0.496837 11
0 0.157997 surna
3 0.581272 38
2 0.85475 0.000592
4 0.427912 0.427998
3 0.29137 34
3 0.571493 39
2 0.616574 4.6e-05
0 0.595676 xofvz
2 0.850698 0.00023
2 0.725616 0.000481
3 0.82324 21
0 0.677991 cnpgh
0 0.517485 dmcrh
0 0.003703 wgcgz
4 0.622153 0.622197
4 0.652772 0.652784
0 0.957535 samiz
0 0.673151 ghrwh
2 0.191599 0.000136
4 0.829324 0.829416
0 0.237704 miuve
1 0.056129
3 0.035711 26
0 0.408616 xxgdd
0 0.740564 aelqw
4 0.514252 0.51435
0 0.807444 myfqd
4 0.499209 0.499232
3 0.663904 34
2 0.786134 0.000302
2 0.141339 0.000166
3 0.179897 33
2 0.442291 3e-05
2 0.183407 0.000478
1 0.697659
3 0.276583 4
1 0.595105
4 0.103192 0.103222
3 0.602401 3
4 0.266305 0.266344
1 0.568791
1 0.91758
1 0.636459
3 0.890028 42
0 0.848671 tpcto
2 0.368481 0.000621
1 0.968035
1 0.242872
2 0.278408 0.000641
0 0.902361 eciju
3 0.402046 9
2 0.045201 0.000939
2 0.638143 0.000962
1 0.208063
0 0.789676 frewg
0 0.235152 gfqcm
4 0.309169 0.309258
4 0.309987 0.310004
0 0.712033 zyegl
4 0.866631 0.866724
2 0.438023 0.000269
0 0.255505 sshkl
0 0.615448 bxeaj
1 0.914931
0 0.329759 neejx
0 0.941349 jxmfk
1 0.93546
2 0.063695 0.00013
3 0.965372 1
3 0.097172 34
2 0.132725 0.000641
2 0.561018 0.000924
2 0.407129 0.000128
2 0.438969 0.000356
0 0.83083 dwhgj
2 0.13362 0.000443
2 0.713667 0.000573
0 0.679039 zyans
1 0.146503
3 0.502659 28
0 0.909789 mowti
3 0.285673 38
4 0.098377 0.0984
1 0.231997
3 0.472475 15
4 0.084646 0.084702
0 0.108747 ovujq
0 0.877921 tiayy
0 0.89304 hcyxh
1 0.117099
1 0.509089
3 0.759357 6
2 0.360355 0.000162
2 0.469102 0.000783
2 0.670446 0.000396
1 0.933212
4 0.188422 0.188422
4 0.355847 0.35591
2 0.248887 0.00065
1 0.943953
1 0.787688
0 0.003726 iougx
1 0.226985
4 0.60419 0.604277
4 0.68036 0.680394
3 0.808266 48
2 0.51304 9.8e-05
4 0.385239 0.385252
1 0.634127
3 0.238904 32
0 0.026592 ihxmz
4 0.295907 0.295977
4 0.142014 0.142026
4 0.050255 0.050327
3 0.395893 40
3 0.089553 31
3 0.402592 20
1 0.020535
4 0.490831 0.49087
2 0.190021 3.1e-05
1 0.409289
4 0.348827 0.34888
0 0.161086 xyaqp
3 0.57736 44
3 0.872851 47
1 0.681382
0 0.274098 zebee
4 0.690788 0.690811
2 0.961299 0.000864
4 0.310126 0.310144
4 0.987565 0.987658
4 0.807017 0.807046
3 0.676725 42
2 0.458679 0.000193
1 0.846537
2 0.670048 0.000988
1 0.322066
1 0.618537
3 0.518398 25
1 0.391205
0 0.121707 oejxf
1 0.692568
3 0.5737 24
0 0.478042 iktop
4 0.13812 0.138192
3 0.460187 45
0 0.441455 kxivb
0 0.61751 gaixj
0 0.966652 yxpjm
4 0.571688 0.571692
3 0.834555 27
2 0.463853 0.000164
2 0.711688 0.000971
3 0.785201 21
2 0.645691 0.000978
2 0.603285 0.000561
4 0.161899 0.161966
4 0.644903 0.644929
0 0.729022 cpcrx
1 0.539322
3 0.61486 25
2 0.265128 0.000216
0 0.457791 bxlvj
4 0.781746 0.781751
3 0.459997 22
2 0.1049 0.000198
2 0.833922 0.000277
2 0.223211 4.5e-05
3 0.695449 17
1 0.31031
0 0.926145 cpjrs
0 0.133636 oxhhz
1 0.068084
3 0.58273 36
3 0.34991 11
1 0.403909
2 0.441996 0.000584
3 0.322715 12
3 0.20661 9
3 0.321721 46
4 0.969602 0.96965
2 0.795943 0.000341
0 0.920383 inhce
1 0.349688
0 0.750119 brlln
1 0.764055
2 0.305202 1.7e-05
1 0.181925
1 0.091604
2 0.401507 0.000874
0 0.052446 fmexk
0 0.106515 bsvll
2 0.054815 0.000428
2 0.575083 0.000835
0 0.880285 favar
3 0.008341 5
4 0.131681 0.131682
3 0.691757 41
4 0.756652 0.7567
4 0.532055 0.532149
2 0.057577 0.000835
4 0.628744 0.628807
1 0.203827
1 0.259358
3 0.700304 5
1 0.413952
1 0.365821
3 0.495263 40
1 0.828165
0 0.278435 orlxy
2 0.889503 0.000523
1 0.260338
4 0.769815 0.769816
3 0.489995 4
1 0.574108
3 0.939881 34
2 0.154689 0.000605
2 0.649953 0.000797
4 0.99447 0.994568
4 0.100578 0.100673
4 0.282687 0.282738
3 0.17219 25
0 0.432528 jiysw
1 0.474721
0 0.545947 uydpe
4 0.768301 0.768339
3 0.762771 36
4 0.379701 0.379732
3 0.662389 34
2 0.350931 9e-06
4 0.78346 0.783496
1 0.468294
0 0.742894 yxftc
3 0.069143 4
3 0.492112 7
1 0.635065
3 0.461839 41
1 0.705222
2 0.25937 0.000657
4 0.610302 0.61032
0 0.910114 oracy
2 0.604292 0.000222
1 0.6558
2 0.009619 0.000656
0 0.501731 ddsah
4 0.094427 0.094453
3 0.870149 35
2 0.996803 0.000553
2 0.906917 0.00046
1 0.318029
2 0.595831 0.000674
4 0.453405 0.453455
2 0.572752 0.000769
0 0.467013 hyncg
0 0.562641 resok
4 0.312643 0.31269
4 0.219561 0.21962
0 0.053942 trcfs
1 0.699541
1 0.348887
4 0.660866 0.660905
2 0.215343 0.000739
0 0.835476 gleat
0 0.493537 qssjd
3 0.342305 46
2 0.358921 0.000345
1 0.79504
4 0.883252 0.883279
3 0.060471 17
2 0.275814 0.000758
2 0.627642 0.000491
3 0.854129 36
4 0.445161 0.445235
4 0.534292 0.534316
1 0.57663
3 0.425313 28
0 0.784235 senmv
4 0.651799 0.651862
3 0.735596 30
4 0.814021 0.814093
0 0.300059 cewsb
2 0.219258 0.000614
0 0.795888 fsqwp
4 0.923022 0.923112
3 0.312067 46
3 0.24523 20
1 0.486912
1 0.312877
2 0.471833 0.000289
0 0.514297 brbhh
2 0.461061 0.000156
4 0.822637 0.822663
1 0.4848
0 0.96746 hzvzi
0 0.965909 hrbgt
3 0.417016 4
1 0.604913
1 0.024285
4 0.261578 0.261665
2 0.074086 0.000639
0 0.258913 sbzjf
4 0.773065 0.77311
0 0.814175 szlby
1 0.267021
0 0.255815 ffwdt
3 0.872492 8
0 0.870483 lvskl
1 0.702551
0 0.146811 ueatg
2 0.713427 0.000856
0 0.980448 jlili
3 0.823202 6
2 0.942513 0.000653
1 0.507938
1 0.550061
3 0.812006 7
1 0.373166
0 0.920934 ywsma
2 0.366167 0.000948
1 0.392823
1 0.666136
2 0.361265 0.000661
1 0.606071
3 0.034964 24
1 0.059255
2 0.095945 0.000238
1 0.019752
0 0.278014 kjirx
1 0.103931
4 0.66273 0.66281
2 0.571905 0.000748
3 0.324802 13
4 0.417254 0.417291
0 0.96857 thjax
1 0.277499
3 0.508893 13
3 0.298304 16
1 0.634808
2 0.016438 0.000128
2 0.66467 0.000415
2 0.224418 0.000191
2 0.661783 0.000275
3 0.70522 40
3 0.017734 41
1 0.906737
4 0.275889 0.275977
2 0.784782 0.000101
2 0.083086 0.000867
4 0.717895 0.717991
4 0.433375 0.43343
4 0.954142 0.954162
4 0.946333 0.946372
2 0.002961 0.000712
0 0.483703 vmyip
4 0.108369 0.10838
3 0.893151 14
3 0.49259 34
4 0.726837 0.726869
3 0.160212 40
4 0.630706 0.630766
0 0.57704 gtdap
4 0.923522 0.9236
1 0.756003
3 0.96563 22
1 0.568195
4 0.678281 0.678349
1 0.275665
4 0.493303 0.493352
2 0.169867 0.000489
3 0.800573 1
3 0.893965 2
3 0.990318 17
2 0.054023 9e-05
3 0.568524 43
3 0.050506 15
0 0.135053 ynynf
3 0.900462 27
3 0.070329 19
3 0.387255 20
4 0.28122 0.281293
4 0.271539 0.271631
1 0.841914
2 0.960826 0.00079
0 0.88084 sbele
3 0.327427 44
3 0.308961 8
0 0.679701 onwvo
0 0.687913 apcfx
3 0.232182 4
3 0.382509 46
3 0.899654 18
0 0.541141 eavxh
0 0.241457 ayylb
2 0.707092 0.000644
4 0.538502 0.53855
1 0.84513
4 0.869245 0.869281
4 0.251754 0.251837
3 0.151409 3
0 0.208902 ibtdz
4 0.867628 0.867725
0 0.665899 ystel
3 0.415564 43
4 0.777046 0.777058
4 0.922334 0.922377
0 0.732269 qhhqz
3 0.600473 27
1 0.806567
4 0.57393 0.573994
4 0.239829 0.239915
4 0.275632 0.27568
4 0.331495 0.331559
4 0.508069 0.508131
3 0.07024 46
1 0.884166
1 0.381465
2 0.882139 0.000498
1 0.962269
1 0.545718
0 0.76789 xircc
3 0.842605 16
1 0.103734
3 0.524257 8
0 0.557619 vnfps
3 0.168544 46
4 0.013043 0.01313
3 0.974366 7
4 0.742257 0.742299
1 0.271164
2 0.537202 5.7e-05
2 0.327868 0.00035
3 0.966381 7
3 0.145668 28
1 0.878844
0 0.063091 hfnrj
0 0.06807 kjezd
2 0.340881 0.00017
1 0.394435
2 0.985704 0.000303
2 0.665209 3.7e-05
1 0.483023
0 0.181114 xldng
0 0.086465 hvzec
4 0.573777 0.573837
0 0.799599 jrlan
1 0.092084
1 0.409501
1 0.966464
1 0.164179
3 0.684262 30
0 0.02274 gmlah
4 0.343043 0.34312
1 0.91682
4 0.698251 0.698322
3 0.573024 6
4 0.444023 0.444073
0 0.342952 zjoet
2 0.754641 0.000985
4 0.293733 0.29379
3 0.91929 3
4 0.425047 0.425093
3 0.030048 16
3 0.728299 37
3 0.817675 45
2 0.261699 0.000597
2 0.604651 0.0001
1 0.430419
4 0.170401 0.170467
3 0.330387 7
1 0.191596
1 0.784849
4 0.233137 0.233233
2 0.06817 0.000944
0 0.221893 ztvet
3 0.080322 49
3 0.201325 49
1 0.148096
1 0.25595
0 0.058906 zbown
3 0.802484 40
1 0.003033
1 0.191857
3 0.588204 3
4 0.774208 0.774236
0 0.555433 qtxqu
0 0.473875 rdach
3 0.980109 4
3 0.689423 40
1 0.124984
0 0.770572 hhofe
3 0.521075 34
2 0.129177 0.000139
0 0.454956 hybdp
2 0.114829 0.000538
2 0.094938 0.000792
2 0.300713 0.000234
3 0.425698 9
2 0.258892 0.000584
3 0.768539 13
1 0.805966
0 0.071283 yrxhx
1 0.351634
2 0.455694 0.000556
3 0.864584 45
3 0.183377 3
2 0.279963 0.000471
2 0.641025 0.000464
4 0.562961 0.562998
0 0.444777 jyzmw
1 0.370625
1 0.658954
1 0.46099
1 0.554147
4 0.057579 0.057611
4 0.700124 0.700185
4 0.127031 0.127107
1 0.01234
1 0.281537
4 0.118763 0.118789
1 0.079892
1 0.820691
4 0.878362 0.878406
2 0.248987 0.000952
1 0.347441
3 0.253669 40
2 0.8276 2.4e-05
1 0.527724
2 0.615586 0.000108
4 0.161659 0.161707
2 0.959548 0.00099
2 0.193726 0.000623
4 0.698002 0.698017
3 0.092717 11
2 0.858056 0.000864
3 0.721849 7
4 0.656142 0.656191
4 0.009166 0.009203
4 0.513356 0.513431
2 0.932322 0.000286
0 0.423441 nqgve
0 0.112915 qvmga
0 0.318683 qogis
3 0.288991 0
1 0.052062
3 0.257808 41
0 0.003095 kcbcg
2 0.944727 0.000148
4 0.590635 0.590679
3 0.006454 23
3 0.84149 27
3 0.173332 23
2 0.912176 0.000166
0 0.102709 bdvik
4 0.591042 0.591117
1 0.66888
0 0.227088 iyzhf
0 0.2434 jkyjz
3 0.102945 8
1 0.035464
0 0.305812 ysdvm
1 0.09826
1 0.166892
0 0.588146 zpfbo
1 0.342819
3 0.928936 44
1 0.421058
0 0.236911 woiim
1 0.579512
4 0.928507 0.928589
3 0.991153 42
1 0.158045
4 0.850082 0.850159
3 0.238654 6
3 0.232647 27
4 0.677936 0.67796
2 0.098994 0.000121
3 0.622998 29
2 0.698818 0.000358
3 0.794683 27
2 0.397765 0.000443
1 0.61546
4 0.905273 0.905367
4 0.490003 0.490083
0 0.964261 dgvzu
2 0.812798 0.00075
3 0.938173 48
0 0.98721 jsvej
3 0.380719 2
1 0.996179
4 0.707001 0.707027
3 0.197004 6
3 0.161266 18
2 0.975309 0.000355
3 0.489376 5
3 0.482564 29
3 0.493234 41
4 0.616614 0.616633
1 0.364722
4 0.902638 0.902714
0 0.898817 rgxwu
1 0.674678
1 0.79807
1 0.59818
2 0.543961 0.000556
4 0.437906 0.437978
0 0.788599 yzynx
2 0.593747 0.000797
0 0.180076 lwema
0 0.303897 zdutj
0 0.079238 dsgeo
0 0.50936 rdorc
0 0.683217 nsdbq
4 0.159264 0.159322
1 0.463162
2 0.807852 0.000282
1 0.546745
3 0.945896 0
1 0.900121
0 0.840824 aswmz
1 0.606643
1 0.957603
1 0.152394
1 0.146543
2 0.342227 0.000159
2 0.411304 0.000321
0 0.219156 ofhzs
3 0.281034 3
1 0.121859
1 0.754638
2 0.66923 0.000339
3 0.275873 0
1 0.105444
4 0.392364 0.392403
3 0.734592 48
0 0.145896 tmoru
2 0.272019 0.000783
3 0.553053 38
4 0.191264 0.191268
2 0.014392 0.000734
1 0.628257
2 0.806908 0.000726
3 0.324452 40
2 0.181967 0.000682
0 0.71326 ywfmg
0 0.550344 bffhr
3 0.639229 9
2 0.169973 0.000643
1 0.798231
2 0.319074 0.000957
0 0.159879 igupv
1 0.422012
2 0.190986 0.000699
0 0.991118 tmyoh
4 0.562942 0.562945
1 0.633349
3 0.315344 17
1 0.651947
2 0.38932 0.000304
3 0.49572 2
4 0.928802 0.928894
3 0.867166 44
4 0.675865 0.675954
2 0.55126 0.000346
3 0.768862 19
0 0.331804 trojw
0 0.098466 apjre
4 0.476813 0.476825
3 0.115557 40
4 0.507053 0.507059
2 0.757843 0.00044
2 0.795541 0.000409
2 0.068112 0.000169
1 0.731139
2 0.170534 0.000594
4 0.83026 0.830272
1 0.987279
4 0.040709 0.040781
0 0.033874 vetvo
4 0.692584 0.692588
4 0.623024 0.623085
2 0.981785 0.000233
0 0.552306 gaeui
0 0.470408 zocye
4 0.245496 0.245507
0 0.780272 eqxgm
1 0.84661
0 0.934644 yhuei
2 0.990747 2.3e-05
0 0.019869 zpqxr
3 0.40106 36
0 0.500557 llzvo
3 0.454768 21
3 0.389413 6
1 0.104643
2 0.605606 0.000135
0 0.437981 waued
1 0.162969
3 0.721395 24
0 0.77273 tgjfh
2 0.862223 0.000141
4 0.831019 0.831073
2 0.58389 0.000549
4 0.705848 0.705932
1 0.660181
2 0.947103 0.000669
3 0.687551 40
0 0.734842 ijlav
2 0.351028 0.000542
3 0.661251 16
0 0.561147 btjxl
0 0.978228 ejnnb
1 0.318462
0 0.437823 acnnc
3 0.297828 11
4 0.260371 0.260405
0 0.601489 azqrz
2 0.026248 0.00094
2 0.059557 0.000429
4 0.288679 0.288752
0 0.607141 aehnp
3 0.903367 47
2 0.496478 0.000906
0 0.650264 ypkgy
3 0.060787 1
3 0.386079 39
0 0.366509 myifa
3 0.810477 39
4 0.089746 0.089809
1 0.569143
2 0.863859 0.000401
2 0.514123 0.000419
0 0.692991 tlwku
4 0.985914 0.98601
2 0.868775 0.000886
0 0.36701 rebwq
4 0.543634 0.543676
2 0.112777 0.000711
1 0.745178
3 0.561547 49
3 0.77089 47
4 0.782429 0.782513
2 0.106058 9.8e-05
3 0.350392 26
2 0.287758 0.000236
0 0.558 ejbmd
4 0.365745 0.365816
0 0.413169 qkqtv
0 0.449347 wbpxy
2 0.342528 0.000542
0 0.86569 zwxwm
3 0.718332 36
3 0.107158 32
1 0.386695
3 0.148443 36
3 0.889145 45
3 0.338493 23
3 0.645376 26
1 0.79571
1 0.946515
0 0.683797 geogg
2 0.898152 5.8e-05
0 0.00531 kdype
4 0.35472 0.354807
4 0.023804 0.023836
2 0.253627 0.000861
0 0.6666 yqxhf
3 0.518316 10
2 0.524288 0.000897
4 0.634699 0.634754
2 0.698941 0.000254
3 0.162889 48
2 0.517609 0.000387
4 0.541413 0.541485
1 0.311392
3 0.855064 42
3 0.091561 8
4 0.044559 0.04465
3 0.229969 45
3 0.333218 2
2 0.654773 0.000319
4 0.837379 0.837423
0 0.513127 uolgx
2 0.335744 0.000864
2 0.70716 0.000209
2 0.798721 0.000317
4 0.359632 0.359692
2 0.105953 0.000908
0 0.439171 qxjkk
1 0.491575
1 0.960804
3 0.994047 21
1 0.013519
0 0.197007 ytxqw
0 0.102262 hnwcp
4 0.917593 0.917593
1 0.257333
2 0.700277 0.000929
1 0.708204
0 0.69183 jkffh
3 0.728667 25
0 0.632834 nqqvy
0 0.123158 bvlbc
1 0.360414
4 0.534021 0.534064
0 0.758577 ifadx
2 0.939472 0.000553
4 0.718397 0.718447
0 0.699619 nwjth
3 0.978119 42
3 0.0812 24
2 0.441615 0.000203
3 0.68031 10
2 0.796924 0.000247
2 0.334559 0.000537
4 0.274031 0.274073
1 0.50878
2 0.648446 0.000399
2 0.339008 0.000854
0 0.525923 jyonp
2 0.52268 0.000726
0 0.011503 olvnl
4 0.205872 0.205965
1 0.996255
0 0.964007 yixhz
3 0.73764 26
2 0.184459 0.000587
0 0.752337 wxthn
2 0.116462 3e-06
0 0.987775 aalgz
4 0.726739 0.726808
1 0.204518
3 0.957427 6
3 0.211419 35
2 0.395879 0.000722
4 0.664568 0.664641
3 0.939586 49
2 0.742458 1.3e-05
0 0.836938 xajvp
2 0.225747 0.000582
2 0.953388 0.000452
2 0.427168 0.000559
2 0.154939 4.6e-05
0 0.06717 wshgg
0 0.287093 gcwdf
4 0.371651 0.371682
2 0.117495 0.00085
4 0.106429 0.106468
4 0.299882 0.299885
2 0.759793 0.000256
4 0.375839 0.375877
4 0.908959 0.908963
3 0.039853 4
0 0.843298 fytzu
3 0.465697 20
2 0.099544 0.000272
3 0.722326 12
3 0.022208 15
2 0.298353 0.000471
1 0.674192
1 0.032623
1 0.902866
1 0.139357
0 0.732549 osmqx
4 0.288825 0.288875
1 0.564329
1 0.455543
3 0.823872 5
3 0.362432 23
0 0.660785 jepuk
1 0.367474
0 0.09019 bfznm
2 0.771453 0.000342
4 0.773455 0.773468
3 0.875002 7
3 0.215226 14
1 0.577659
4 0.919412 0.919508
1 0.247148
1 0.876994
2 0.556959 0.00082
2 0.647149 0.000118
4 0.236346 0.236417
2 0.27666 0.000425
2 0.605799 0.000232
0 0.01562 kffja
2 0.648824 0.000435
1 0.40362
1 0.969819
3 0.539167 26
2 0.816339 0.000115
1 0.435458
4 0.966553 0.966582
4 0.243213 0.243219
1 0.365365
4 0.440378 0.440415
2 0.698958 0.000802
0 0.916606 habwj
0 0.805551 albid
0 0.280701 opilk
0 0.988224 kftdi
2 0.116577 2.8e-05
0 0.033183 mkifk
3 0.366374 26
0 0.265603 ckosf
2 0.132529 0.000909
2 0.139349 0.000485
3 0.027886 2
0 0.330112 ymard
0 0.763833 jqgvg
0 0.339884 pncfy
1 0.193769
4 0.522397 0.52248
0 0.782883 rivpe
4 0.633155 0.633171
1 0.316737
1 0.40305
3 0.878051 24
2 0.505182 0.000724
3 0.397917 49
2 0.580304 0.000544
3 0.774073 21
0 0.623156 giziq
1 0.391485
4 0.720707 0.720708
1 0.553796
0 0.162541 suhfu
1 0.446788
0 0.72499 wimfq
4 0.941956 0.942048
1 0.515458
0 0.349968 obhbu
0 0.511166 kvtfa
4 0.515537 0.515633
0 0.962326 pqmbj
2 0.866046 0.000205
3 0.198039 13
3 0.634826 31
4 0.159165 0.159249
2 0.404211 9.1e-05
3 0.719406 46
2 0.304645 0.000257
1 0.820182
3 0.922993 10
2 0.860952 0.000357
4 0.552797 0.552843
1 0.054354
1 0.267157
2 0.377394 0.000983
0 0.561098 gupvf
2 0.701118 0.000127
4 0.005763 0.005847
2 0.342298 0.000389
0 0.641158 zohbe
3 0.741384 1
4 0.008541 0.008562
4 0.426876 0.426897
4 0.004377 0.004387
4 0.502442 0.502481
1 0.719912
1 0.454528
3 0.301702 30
1 0.274091
3 0.225484 38
2 0.592704 0.000256
4 0.231817 0.231857
3 0.696022 33
1 0.053973
1 0.894624
2 0.178491 3.5e-05
1 0.680933
4 0.296155 0.296252
2 0.750683 0.000225
4 0.011213 0.011216
2 0.517091 0.00074
2 0.645621 0.000444
3 0.916895 11
0 0.934325 eiwcv
1 0.581983
0 0.550536 jhaec
4 0.050074 0.050099
0 0.57764 bufds
4 0.956212 0.95626
0 0.298826 kadny
0 0.63141 nxpjz
2 0.677305 0.000681
0 0.581611 antin
3 0.069831 1
0 0.326535 cvtep
0 0.353203 snnre
0 0.97352 iqwnr
0 0.697089 llijy
2 0.116742 0.00091
3 0.95963 26
4 0.976117 0.976136
3 0.133234 22
3 0.618505 49
1 0.546783
4 0.464474 0.464478
3 0.403172 32
2 0.764299 0.000523
4 0.615276 0.615303
4 0.348835 0.348915
3 0.843098 0
3 0.054276 36
3 0.281195 16
2 0.37767 0.000424
3 0.773769 28
3 0.514251 2
3 0.614404 26
2 0.905261 0.000675
3 0.267931 3
0 0.677512 qmdsy
1 0.707864
0 0.184564 pqrwk
3 0.656851 33
2 0.171102 0.000487
0 0.301858 eqkjr
0 0.719545 cbjxh
1 0.067732
2 0.40784 0.000344
3 0.913252 21
4 0.796334 0.79636
2 0.969538 0.000309
4 0.14064 0.140688
1 0.958851
3 0.709238 23
0 0.37843 zdrqe
3 0.313503 11
2 0.457803 0.000354
1 0.303018
3 0.191522 7
0 0.8629 vhzbb
4 0.47956 0.479586
4 0.188798 0.188799
4 0.08358 0.083611
4 0.342896 0.342924
2 0.650221 0.000684
0 0.025278 txvgv
4 0.550313 0.550405
1 0.74435
0 0.482368 bjteh
4 0.208713 0.208795
0 0.292294 kksdu
3 0.988678 16
3 0.791517 3
4 0.381023 0.381073
0 0.447688 xlybc
3 0.475171 34
4 0.612152 0.612192
2 0.149835 0.000376
1 0.311001
3 0.92121 45
4 0.722973 0.722999
2 0.582718 0.000543
0 0.071143 wwjuy
0 0.820996 adcjj
1 0.735445
4 0.783073 0.783105
2 0.552742 0.000633
0 0.473952 yhmwp
1 0.44355
1 0.883491
4 0.660601 0.660666
2 0.703097 0.000927
1 0.834867
0 0.144518 thtvi
1 0.095238
1 0.335088
1 0.641783
3 0.507852 32
3 0.700211 26
1 0.660114
4 0.250863 0.250946
0 0.546828 yunrw
2 0.27436 0.000402
1 0.757281
2 0.595695 0.000628
0 0.795713 fboxc
0 0.787836 npgmv
1 0.469582
3 0.469251 46
1 0.814358
2 0.214025 0.000861
2 0.417427 0.000512
1 0.314435
4 0.225761 0.225793
2 0.616829 0.000149
1 0.849643
3 0.239553 29
3 0.076712 39
2 0.927843 0.000462
1 0.002603
0 0.699937 liisf
1 0.119192
4 0.420357 0.420436
1 0.16247
1 0.733685
4 0.912513 0.912571
4 0.876336 0.876348
4 0.397396 0.39742
0 0.103103 dwsux
3 0.901609 19
0 0.087022 rqgqi
3 0.459669 17
1 0.193354
1 0.358069
0 0.639811 zxrpz
4 0.251256 0.251276
4 0.046 0.046094
0 0.573386 iiwxw
1 0.368744
1 0.107633
4 0.414037 0.414039
0 0.123743 kjujy
0 0.44517 gkdik
1 0.557435
3 0.436891 21
4 0.033841 0.03391
2 0.266249 0.000907
1 0.220617
2 0.01872 0.000654
4 0.505565 0.505662
4 0.866832 0.86689
3 0.462505 43
0 0.206331 xkhzc
0 0.825297 crmju
3 0.160994 1
1 0.897963
3 0.425348 19
4 0.930914 0.930933
4 0.314098 0.314175
2 0.776603 0.00062
4 0.499286 0.49934
2 0.217052 0.000647
3 0.008604 44
0 0.44733 jwalb
3 0.640225 39
3 0.065573 8
3 0.512839 27
4 0.826938 0.826944
3 0.119893 27
2 0.61918 0.000433
4 0.352584 0.352616
2 0.87754 0.000729
3 0.32487 32
4 0.796947 0.797027
1 0.434677
0 0.804387 otyzm
0 0.697586 jebkk
2 0.199486 0.000546
3 0.068422 29
1 0.945962
3 0.640321 35
0 0.745742 axsgo
1 0.538113
1 0.207874
1 0.310083
1 0.841567
1 0.414935
2 0.350802 4.8e-05
1 0.06664
0 0.807464 oilso
0 0.900913 typas
2 0.374228 0.000179
1 0.083541
3 0.767709 27
4 0.609276 0.609349
2 0.722055 0.000627
0 0.534441 vdcdn
0 0.379409 adnyj
2 0.144526 0.000791
0 0.035106 ejetw
2 0.835982 0.000752
2 0.572524 0.000808
4 0.311466 0.311467
3 0.613004 9
4 0.299467 0.299484
3 0.471917 45
3 0.347244 35
3 0.49177 29
0 0.526877 yhnuv
4 0.224559 0.224575
1 0.313435
1 0.738085
3 0.055978 35
2 0.604189 0.000214
2 0.367058 0.000704
1 0.824953
3 0.90559 39
3 0.401323 33
0 0.728769 vpalr
4 0.241757 0.241786
1 0.124134
1 0.34565
2 0.203251 0.000259
3 0.079817 36
2 0.537873 3.4e-05
2 0.341391 0.000977
1 0.353851
0 0.616626 jfcwo
3 0.54815 24
3 0.30626 5
4 0.430394 0.430417
1 0.126858
1 0.069066
1 0.649695
2 0.611575 0.000568
4 0.620593 0.620605
1 0.382651
3 0.828808 30
0 0.898792 mcvpy
4 0.291936 0.292012
1 0.399093
0 0.724799 djxwr
2 0.69272 0.000167
0 0.725509 athgi
2 0.926393 0.000168
4 0.820123 0.820204
4 0.725652 0.725749
3 0.017588 23
4 0.933033 0.933128
0 0.784933 rtwrp
3 0.840986 11
4 0.869098 0.869164
1 0.796213
4 0.417245 0.417252
2 0.618824 8.2e-05
0 0.907998 uxvfi
2 0.251708 0.000206
4 0.036641 0.036722
3 0.258892 48
4 0.65751 0.657596
3 0.814342 34
4 0.9288 0.928898
3 0.346046 7
2 0.481222 0.000239
2 0.389221 0.000326
2 0.688464 1e-06
3 0.769829 11
4 0.874465 0.874468
2 0.780699 0.000947
1 0.465605
4 0.827179 0.827252
1 0.291164
4 0.674952 0.674966
2 0.53735 0.000223
4 0.018572 0.018634
4 0.924145 0.924185
1 0.61261
1 0.142306
1 0.657555
2 0.773256 0.000258
0 0.070307 ogdvd
3 0.592518 48
3 0.783822 12
2 0.837524 0.000935
4 0.856096 0.856146
3 0.780242 40
1 0.909204
4 0.22445 0.224545
4 0.041067 0.04107
4 0.336077 0.336088
1 0.379732
4 0.774472 0.774487
4 0.883342 0.883407
2 0.183516 0.00063
0 0.02104 fhbhl
1 0.46291
2 0.082935 0.000294
2 0.407282 0.000585
0 0.504885 wsano
2 0.268064 0.000501
2 0.667759 6.6e-05
1 0.851275
1 0.945093
1 0.885614
4 0.749453 0.749486
0 0.439536 evhiz
0 0.537774 hyygi
0 0.453888 ointj
2 0.677658 0.000951
4 0.622751 0.622818
0 0.616366 jwxjs
1 0.516783
1 0.528404
0 0.559611 ywppw
4 0.074702 0.074743
1 0.371443
3 0.657317 1
1 0.55762
2 0.294357 0.00024
2 0.427075 0.000312
0 0.049519 ccgvx
3 0.842649 29
2 0.305584 0.00035
3 0.42501 24
3 0.126603 15
1 0.120551
4 0.534474 0.534483
2 0.391581 0.000867
2 0.10051 0.000294
1 0.489191
0 0.362886 mwbss
1 0.399217
2 0.39088 0.000568
1 0.332242
4 0.068519 0.068564
2 0.195742 0.000749
3 0.246569 8
0 0.154502 ishih
1 0.214641
4 0.690778 0.690779
4 0.567517 0.567529
2 0.966734 0.000681
2 0.067654 0.000124
1 0.613649
0 0.794867 fhsmn
1 0.363017
4 0.851056 0.851077
4 0.43718 0.437219
0 0.651821 mbvps
2 0.018243 0.000464
3 0.022022 21
0 0.358044 sbpgo
1 0.896396
2 0.887457 0.000413
4 0.738513 0.7386
0 0.692045 bczkk
4 0.485866 0.485913
3 0.504109 11
3 0.526131 32
3 0.884175 6
4 0.553438 0.553479
4 0.629669 0.629707
4 0.033479 0.033482
0 0.288344 znspc
1 0.132391
0 0.968455 himrx
1 0.681202
0 0.06854 lwtwx
0 0.781189 tnsxl
2 0.082941 0.000857
4 0.13481 0.13481
0 0.783554 vgthn
2 0.451291 0.00096
4 0.502749 0.502801
3 0.493061 33
3 0.697466 36
0 0.49601 abfph
0 0.409826 vzuzd
4 0.880774 0.880804
2 0.971541 0.000864
0 0.280502 zgueo
3 0.235447 34
1 0.520674
4 0.572373 0.572395
0 0.191342 amczg
4 0.196209 0.196298
0 0.076984 kmzcq
4 0.646785 0.646799
4 0.410899 0.410931
4 0.162698 0.162714
0 0.683373 wbzdw
3 0.860074 40
2 0.541245 0.000889
2 0.953586 0.00018
3 0.982558 34
0 0.701395 griwa
1 0.159743
2 0.954481 0.000411
2 0.637854 7.3e-05
2 0.974501 0.00089
2 0.716387 0.000964
3 0.247934 11
2 0.492043 0.000148
4 0.813136 0.813142
4 0.699107 0.69916
0 0.946809 kmzzv
4 0.86225 0.862265
1 0.016456
3 0.99316 10
0 0.566368 wbkjj
0 0.996379 tttlk
1 0.14492
3 0.488135 8
0 0.218732 fyrnq
4 0.596437 0.596492
0 0.620099 xnqne
3 0.835945 18
2 0.695706 4.5e-05
0 0.105525 qyziw
0 0.140509 woqww
2 0.302886 0.000851
3 0.680911 2
3 0.141656 0
3 0.406719 34
0 0.74994 sgnbm
3 0.091287 36
2 0.823831 0.000191
3 0.291459 27
3 0.209481 42
1 0.512368
0 0.632916 aufkz
4 0.290711 0.290745
4 0.040651 0.040734
3 0.650341 13
1 0.434511
2 0.477894 0.000395
0 0.530438 ixhpu
2 0.342974 0.000848
0 0.97589 vydte
0 0.255535 llnhk
0 0.44984 icvzj
3 0.748548 26
0 0.076963 iyxeb
3 0.137636 38
3 0.274568 12
1 0.64435
3 0.003576 37
2 0.592403 0.000844
2 0.042244 0.000708
0 0.960737 ccpym
3 0.676681 45
1 0.238156
1 0.808857
4 0.801228 0.801326
2 0.592148 1e-05
1 0.236498
3 0.035434 38
0 0.627838 qeuau
1 0.768312
4 0.351588 0.351618
0 0.416333 fsuyu
4 0.612255 0.612272
2 0.182524 0.000317
4 0.69803 0.698098
3 0.249817 6
0 0.877655 jtzto
0 0.470295 eseya
0 0.720876 pwysa
0 0.628606 vglxw
1 0.490293
1 0.246038
3 0.135071 15
4 0.837054 0.837073
4 0.30735 0.307447
3 0.662028 27
2 0.061418 0.000404
2 0.77638 0.000222
2 0.61995 0.000857
0 0.162396 wfgei
1 0.19757
0 0.777466 dkamg
2 0.993398 0.000186
0 0.655426 immpi
4 0.484692 0.484701
1 0.709901
4 0.824627 0.824643
0 0.227499 auvtv
1 0.08532
2 0.656692 0.000368
3 0.058549 17
2 0.699257 0.000545
3 0.557996 44
0 0.33054 iybdv
1 0.731585
3 0.685513 34
4 0.207704 0.207758
2 0.042051 0.00029
2 0.29442 0.000334
0 0.71003 xajpv
2 0.564841 0.000631
2 0.895381 6e-06
3 0.584435 14
1 0.297521
4 0.404189 0.404275
0 0.616695 njlnw
4 0.559913 0.559928
0 0.786296 sfpvd
1 0.302984
1 0.836245
3 0.743717 4
3 0.621033 45
1 0.713582
1 0.612412
3 0.401082 4
4 0.466609 0.466657
1 0.582641
1 0.174856
3 0.447557 7
4 0.473033 0.473084
0 0.784551 yfsyd
2 0.51021 0.000279
4 0.139588 0.139602
1 0.268352
2 0.33622 0.000207
3 0.319181 5
4 0.901822 0.90189
1 0.906015
3 0.569298 2
1 0.246301
2 0.121014 0.000289
3 0.258162 46
1 0.028717
4 0.267271 0.267287
4 0.244485 0.244539
2 0.019619 0.000474
1 0.789464
3 0.214316 49
0 0.113836 wsmcm
2 0.240142 0.000167
1 0.982783
2 0.692906 0.000129
4 0.721623 0.721713
2 0.901091 0.00024
4 0.015698 0.01574
3 0.950172 3
4 0.236532 0.236603
3 0.908363 7
0 0.002561 hbndw
3 0.971095 10
2 0.664001 0.000691
1 0.901976
4 0.213373 0.21344
4 0.728089 0.728154
3 0.262424 40
3 0.586224 22
4 0.671422 0.671459
3 0.697515 48
2 0.717448 0.000609
4 0.493875 0.493914
1 0.769437
4 0.343727 0.343807
0 0.245703 rqyky
0 0.284056 yqxis
2 0.577018 0.000242
1 0.274533
2 0.03591 0.000981
4 0.744541 0.744549
3 0.424267 45
2 0.767994 0.000126
0 0.530049 lxkse
4 0.390389 0.390426
1 0.181821
1 0.953702
0 0.595152 izbla
4 0.908643 0.908728
4 0.126288 0.126341
0 0.450868 pryjf
3 0.688177 28
3 0.199941 18
1 0.929939
1 0.034634
1 0.640841
1 0.04029
0 0.015824 msxrl
4 0.35121 0.351219
1 0.802078
1 0.929054
3 0.868162 2
1 0.556339
0 0.707772 rxfci
4 0.118916 0.119001
1 0.159206
2 0.437222 0.000485
1 0.347417
4 0.077787 0.077878
2 0.871749 0.000543
2 0.17961 0.000949
1 0.564124
1 0.383219
0 0.507734 ieqjx
0 0.123228 vlyxq
3 0.89833 12
0 0.631442 hkaqp
1 0.60516
4 0.214279 0.214363
2 0.113851 0.000451
3 0.721194 0
0 0.569163 sznvi
2 0.579456 0.000853
2 0.994138 0.000515
2 0.62558 0.000316
3 0.857696 17
0 0.976213 xwyrh
0 0.655115 ffmks
3 0.286566 48
4 0.97584 0.975857
2 0.595045 0.000734
3 0.173912 16
3 0.790228 6
2 0.832095 0.000148
2 0.995475 0.000739
1 0.328139
3 0.595334 4
2 0.653576 0.000972
1 0.280981
1 0.724094
1 0.168612
1 0.222998
2 0.811331 8.4e-05
0 0.985243 xqhuo
4 0.086307 0.086376
4 0.695398 0.695454
3 0.307833 42
4 0.52145 0.521468
2 0.958978 0.000351
0 0.199424 jiufm
1 0.362266
1 0.212284
3 0.271582 8
1 0.340961
2 0.357735 0.000431
1 0.053134
4 0.711306 0.711373
1 0.658445
0 0.926999 rmsqd
4 0.357776 0.357863
1 0.358589
4 0.104334 0.104407
0 0.436252 eoyfx
1 0.226699
0 0.634902 dtjdg
1 0.309922
0 0.301444 nilvc
3 0.864578 44
4 0.968912 0.968929
0 0.405164 lhdes
1 0.773996
2 0.813163 0.000587
1 0.325384
0 0.482027 ngdjm
3 0.461845 24
0 0.875105 bdbgu
0 0.639631 tbigu
4 0.042939 0.043021
4 0.400878 0.400958
1 0.141741
4 0.887421 0.887499
0 0.457945 qzwdb
2 0.104818 0.000788
2 0.855637 0.00011
4 0.495268 0.495276
2 0.764097 0.000403
3 0.727538 44
0 0.504143 dcqez
2 0.385544 0.000452
2 0.856535 0.000333
4 0.728503 0.728572
1 0.349673
3 0.080186 10
3 0.55693 28
3 0.783409 27
1 0.474608
1 0.726625
0 0.729061 mwrju
2 0.840112 0.00048
1 0.213
0 0.815052 xktrv
1 0.012838
0 0.216464 cwddo
3 0.435714 1
1 0.164775
4 0.596131 0.596151
0 0.792807 jsedq
0 0.120234 fobie
3 0.187658 2
2 0.417426 0.000147
2 0.144574 2.3e-05
1 0.580288
2 0.325212 6.3e-05
1 0.921343
0 0.330253 zmyhg
0 0.7283 dlmnh
4 0.672322 0.672367
3 0.731549 24
1 0.307001
3 0.521711 39
2 0.626588 0.000851
0 0.616869 hnzag
3 0.617543 43
1 0.862195
2 0.697008 0.00034
1 0.175248
1 0.209853
0 0.322514 asijq
4 0.670747 0.670754
2 0.385599 0.000509
4 0.054497 0.054544
4 0.401502 0.401566
2 0.00739 0.000305
2 0.715362 0.000666
4 0.252894 0.25296
0 0.979099 gzgwp
2 0.847601 0.000638
4 0.84086 0.840901
0 0.387369 yizcn
4 0.133132 0.13323
4 0.15779 0.157878
3 0.879456 19
2 0.292722 0.000825
4 0.063485 0.063584
3 0.242366 23
2 0.606319 6.2e-05
1 0.447179
0 0.081304 oecgd
3 0.375434 24
4 0.609788 0.609854
2 0.592208 0.000622
1 0.827523
1 0.778203
2 0.622182 0.000902
2 0.3809 0.000326
4 0.503572 0.503612
2 0.950751 0.000295
1 0.301652
4 0.393548 0.39357
1 0.635419
1 0.379687
3 0.951696 4
0 0.543905 bvcxe
0 0.729411 nppyv
3 0.634547 45
2 0.710842 0.000282
4 0.831613 0.831695
2 0.015276 0.000953
0 0.394964 icuxn
0 0.812762 uhbvk
0 0.594339 xlsom
4 0.351524 0.351544
1 0.250516
0 0.066116 ssnkc
1 0.900667
3 0.721901 39
0 0.051015 iqkmj
2 0.211099 0.000322
2 0.556203 0.000212
4 0.021503 0.021591
1 0.574084
4 0.508992 0.508992
1 0.741254
2 0.797239 0.000184
3 0.214258 34
1 0.30155
4 0.772702 0.772743
4 0.650058 0.65006
0 0.391237 pzkhf
1 0.35246
0 0.371039 hrfkg
2 0.971071 0.000894
1 0.970856
2 0.761105 0.000894
2 0.99784 0.000596
1 0.065956
2 0.06425 0.000741
1 0.839003
3 0.711643 10
4 0.274324 0.274396
1 0.645363
4 0.593053 0.5931
0 0.833708 pmgzu
3 0.995663 45
3 0.509855 44
4 0.575812 0.575863
4 0.054905 0.054952
2 0.432458 0.000542
0 0.497035 ogvxs
4 0.704681 0.704719
4 0.400417 0.400448
0 0.634975 ucnzm
3 0.667872 23
2 0.611175 0.000934
0 0.610074 tlrmw
0 0.989123 qnzpp
0 0.46845 gvktm
4 0.92089 0.920916
3 0.094089 0
1 0.875803
2 0.200112 0.000423
1 0.000761
4 0.11772 0.117756
4 0.939556 0.939615
3 0.940677 1
2 0.64648 3.3e-05
4 0.269052 0.269098
4 0.042951 0.042995
1 0.480194
2 0.025609 0.000283
2 0.571788 0.000438
4 0.7719 0.771962
3 0.289013 18
3 0.92345 39
1 0.063361
3 0.508611 12
2 0.155091 0.000897
1 0.940495
4 0.396162 0.39626
0 0.738168 jfmny
3 0.037066 39
0 0.23228 sbaiy
4 0.884049 0.884148
2 0.39266 0.000564
1 0.064103
1 0.053407
0 0.776457 jacka
3 0.98422 18
0 0.35249 zepzw
2 0.298766 0.000351
0 0.730206 yidku
4 0.593867 0.593931
1 0.631169
1 0.589688
2 0.736971 0.000131
0 0.600284 zalbp
4 0.155855 0.155939
3 0.110404 2
1 0.450291
0 0.405313 nspwr
1 0.154344
0 0.676465 tzwqf
0 0.884021 lkwmi
3 0.692259 29
3 0.802663 32
4 0.252954 0.253046
4 0.008184 0.008186
1 0.546564
4 0.336394 0.336454
0 0.529211 ckzjj
2 0.964488 0.0001
3 0.873746 5
4 0.959331 0.959395
3 0.092774 30
2 0.52713 8.6e-05
2 0.366799 0.00027
4 0.657897 0.657983
4 0.994291 0.994337
1 0.523502
4 0.952834 0.952834
3 0.166076 42
1 0.736176
3 0.374525 31
2 0.333856 0.000798
2 0.942983 0.000578
0 0.470113 eltmo
2 0.532473 0.000794
4 0.70792 0.708017
3 0.163744 31
3 0.700034 9
3 0.200813 38
1 0.575338
1 0.169945
1 0.274219
2 0.368529 0.000149
4 0.354995 0.355009
1 0.70826
1 0.595392
2 0.335574 0.000186
3 0.559846 34
2 0.239942 0.000567
2 0.939977 0.000427
0 0.14079 fiiur
1 0.507808
1 0.542908
4 0.4798 0.479803
3 0.493194 13
1 0.088586
0 0.490503 bifqu
4 0.557124 0.557124
1 0.916903
3 0.403763 20
4 0.636243 0.636301
3 0.810621 18
4 0.353529 0.353557
1 0.251432
3 0.42491 45
0 0.513496 kppfx
2 0.152402 2.8e-05
3 0.300454 1
3 0.003807 16
3 0.580829 9
4 0.201464 0.201497
4 0.65338 0.653442
4 0.585096 0.585143
3 0.010007 42
0 0.039855 cqiqb
4 0.51258 0.512607
4 0.813035 0.813115
3 0.333194 47
3 0.430375 6
2 0.631839 0.000441
2 0.285219 0.000304
1 0.870316
1 0.434281
0 0.511545 pypeg
1 0.889117
3 0.445432 46
4 0.774819 0.774895
2 0.108013 7.3e-05
1 0.054741
2 0.04273 0.00058
3 0.745777 0
4 0.463816 0.463884
2 0.414449 0.000495
0 0.453858 keefp
2 0.979101 0.00014
3 0.305126 9
2 0.417718 0.000325
0 0.357561 tcmls
1 0.68115
2 0.642589 0.00097
0 0.057039 mbtfl
4 0.517579 0.517587
4 0.496681 0.496682
4 0.318159 0.318219
1 0.252229
2 0.066994 0.000791
0 0.028923 eseyf
1 0.347798
0 0.727428 vsrux
2 0.486171 0.000367
2 0.87445 0.0004
3 0.685727 9
1 0.544325
3 0.055638 19
1 0.186294
3 0.742718 0
1 0.447927
1 0.530084
2 0.108231 0.000512
3 0.012824 37
3 0.485611 16
4 0.99233 0.992384
2 0.99573 0.000342
4 0.833641 0.833684
4 0.923782 0.923816
4 0.140065 0.140145
4 0.882784 0.882864
2 0.847063 0.000136
2 0.675492 0.00072
4 0.42511 0.425206
4 0.639518 0.639577
0 0.340097 mmrdw
0 0.046914 dpgvp
1 0.262633
0 0.509897 dkgux
4 0.548226 0.548307
4 0.255122 0.255164
2 0.963981 0.000317
2 0.665171 0.000399
3 0.878444 23
4 0.925358 0.9254
1 0.896054
1 0.200862
2 0.379581 4.4e-05
0 0.680599 kwfpq
1 0.082695
3 0.854453 37
3 0.334786 4
0 0.51631 ouwap
4 0.314371 0.314438
0 0.431319 cjytl
1 0.231528
4 0.542604 0.542694
3 0.658287 35
3 0.51274 22
1 0.363879
3 0.314218 41
2 0.309751 0.000647
0 0.447937 glhdt
0 0.197722 icjgh
0 0.278313 rzsji
3 0.583349 5
2 0.038677 0.000975
3 0.180211 26
0 0.318774 mvfzo
2 0.272215 0.00063
2 0.052735 0.000159
3 0.064783 24
3 0.690225 9
4 0.979052 0.979065
2 0.562401 0.00077
1 0.117431
0 0.872169 imbsk
1 0.420828
0 0.752764 udgwi
1 0.096482
1 0.105482
1 0.808377
2 0.82876 0.000429
2 0.645244 0.000183
2 0.7913 0.000966
4 0.179821 0.179881
3 0.118454 31
3 0.75131 9
3 0.020426 1
1 0.607172
3 0.039452 30
2 0.673955 0.000913
3 0.998684 7
0 0.302466 rzlnm
2 0.426069 0.000342
2 0.890968 0.000148
0 0.697058 yuqza
3 0.101761 30
2 0.165191 0.000573
4 0.334104 0.334142
1 0.818563
1 0.264912
4 0.542637 0.542702
4 0.418159 0.418191
4 0.989853 0.989864
4 0.196354 0.196426
2 0.154164 0.000493
1 0.648753
4 0.171536 0.17155
1 0.94499
0 0.179821 tsasg
1 0.652462
2 0.716665 0.000727
1 0.134824
1 0.445177
0 0.952822 imusl
0 0.695702 mhzwv
1 0.822873
4 0.720981 0.721016
1 0.108531
2 0.340414 0.000993
4 0.057079 0.057099
3 0.191904 31
0 0.349286 miuyo
0 0.386792 jtocs
3 0.185315 16
2 0.422648 3e-06
3 0.53118 18
4 0.292173 0.292212
3 0.688246 42
4 0.370629 0.370704
0 0.005835 pxmil
4 0.124581 0.124602
0 0.981315 lncuc
0 0.152584 ylyss
2 0.252119 0.000582
4 0.198534 0.198597
1 0.010586
4 0.28256 0.282569
1 0.933999
1 0.988775
3 0.312527 10
0 0.648139 gncic
2 0.775301 2.3e-05
4 0.789262 0.789273
1 0.557734
0 0.663188 tszyy
2 0.808867 0.00015
1 0.544173
1 0.895946
0 0.591838 awdwo
3 0.585341 23
2 0.599716 0.000983
1 0.059427
1 0.12311
2 0.535876 0.00073
0 0.123978 iewcf
3 0.064682 18
0 0.437734 dgagd
0 0.070008 hmcwi
2 0.181463 0.00084
4 0.866887 0.866955
2 0.682519 4.6e-05
3 0.171111 38
1 0.146854
2 0.743523 0.000874
2 0.69761 0.000733
3 0.18924 33
0 0.816135 xoqjk
4 0.104263 0.104295
1 0.155225
1 0.58442
2 0.355291 0.000466
0 0.042754 hvmxv
3 0.840841 29
1 0.916631
4 0.272202 0.272251
0 0.635196 quarw
1 0.313036
4 0.103801 0.103861
4 0.22207 0.222121
2 0.498672 0.000205
4 0.454115 0.454181
3 0.153082 49
1 0.582363
2 0.937645 0.000533
1 0.350694
0 0.829967 pyuzc
3 0.602669 49
4 0.104829 0.104924
1 0.478632
0 0.480103 qdstr
3 0.928356 13
3 0.334574 8
1 0.529345
2 0.022443 0.000665
1 0.453946
0 0.385663 ehovm
1 0.974821
2 0.088145 0.000631
2 0.983335 0.000712
2 0.48469 0.000262
2 0.413047 0.000826
1 0.263973
1 0.118949
0 0.406289 evavz
0 0.511965 xhpsb
4 0.851948 0.851975
2 0.7947 1.4e-05
4 0.188023 0.188027
4 0.70135 0.701401
2 0.917046 0.000724
3 0.035996 45
4 0.693741 0.693823
1 0.805432
0 0.471087 axtqg
0 0.806409 ptuty
0 0.728528 pfink
2 0.442218 0.000284
0 0.019965 ihhkl
2 0.341554 0.000252
0 0.238013 pavpn
3 0.862462 28
1 0.45903
1 0.423696
1 0.124539
3 0.621317 16
1 0.860601
3 0.060021 14
1 0.35942
1 0.009365
0 0.876337 vdmeo
4 0.857574 0.85767
4 0.236388 0.236413
0 0.695418 sukwd
4 0.75634 0.75637
0 0.676133 wboul
2 0.36661 0.000245
2 0.826112 0.000948
4 0.932733 0.932785
0 0.94863 yidod
0 0.317304 vjybi
3 0.316445 41
1 0.181922
4 0.269487 0.269517
3 0.636097 27
0 0.978562 clbph
2 0.459312 0.000828
1 0.206285
1 0.848877
4 0.862687 0.862729
3 0.977973 47
3 0.81077 40
0 0.992692 qdshc
4 0.640821 0.640911
4 0.222258 0.222296
1 0.927372
2 0.550725 0.000201
4 0.75701 0.757024
3 0.2806 3
0 0.83872 jhesg
0 0.273693 wqodn
4 0.671951 0.671993
0 0.410561 kmiqy
2 0.243504 0.000752
1 0.046437
4 0.386906 0.38697
4 0.340785 0.340823
3 0.105434 5
3 0.379127 4
0 0.260399 bylfx
4 0.33745 0.337462
2 0.675384 0.00016
1 0.522223
1 0.119496
1 0.285453
0 0.836482 qrljj
3 0.525815 15
1 0.233269
2 0.43858 0.000206
4 0.013906 0.014001
1 0.071187
0 0.008333 eudjq
1 0.400835
4 0.857276 0.85729
3 0.138901 32
2 0.609603 0.000235
2 0.802619 0.000768
4 0.512423 0.512424
0 0.300013 psguv
4 0.197982 0.197988
4 0.654562 0.654624
0 0.714286 artle
1 0.450543
1 0.352772
0 0.688526 warzp
2 0.000531 0.000263
3 0.635517 9
3 0.278836 43
2 0.442352 0.000658
4 0.332377 0.332421
4 0.78342 0.783479
0 0.089646 kcvaw
1 0.971895
1 0.421198
1 0.807453
0 0.672945 qnsha
1 0.059573
1 0.546003
1 0.389592
3 0.061527 8
3 0.265739 33
0 0.696767 cadbn
1 0.880905
4 0.641227 0.641238
1 0.314172
4 0.79281 0.792897
4 0.621526 0.621564
2 0.837349 0.000993
0 0.226941 packi
2 0.14568 0.00015
1 0.253947
1 0.951045
0 0.437587 xllhq
1 0.585793
2 0.564678 0.000402
3 0.323668 36
4 0.628662 0.628663
1 0.328388
0 0.53414 binle
3 0.638599 3
0 0.013454 zbloo
3 0.433803 28
2 0.514833 0.000232
1 0.838502
3 0.861132 16
4 0.35317 0.353174
2 0.88731 0.000525
1 0.675938
2 0.136527 0.000558
2 0.595532 0.000576
3 0.008477 48
4 0.016588 0.016669
2 0.966743 0.000412
4 0.481577 0.481621
2 0.836431 0.000165
0 0.819947 kzddo
0 0.580249 zqvce
1 0.747244
2 0.837138 0.000492
1 0.370079
1 0.759795
2 0.849838 0.00091
1 0.865834
4 0.171182 0.171281
4 0.507481 0.507567
2 0.155685 0.000339
2 0.354765 0.000941
0 0.489375 exidg
2 0.153574 0.000244
3 0.523653 20
1 0.376827
0 0.974816 ipejd
2 0.906595 0.000784
1 0.06228
1 0.236618
2 0.490417 0.000753
3 0.945487 8
4 0.261922 0.26193
1 0.415496
3 0.456787 49
0 0.041693 xorol
3 0.426669 31
0 0.333264 auyug
4 0.965911 0.965952
2 0.42775 0.000702
3 0.689672 10
0 0.105169 znesf
2 0.146631 0.00038
0 0.791466 llfnn
2 0.087369 0.000738
1 0.056058
2 0.020122 0.000499
1 0.964224
3 0.676461 47
1 0.229796
3 0.894831 22
3 0.446674 41
3 0.593305 21
0 0.901123 skbgz
0 0.740067 sszse
2 0.076691 0.000451
0 0.753152 sqnia
3 0.204558 6
0 0.949998 rhuqk
1 0.89426
1 0.87198
1 0.277399
1 0.651553
4 0.061724 0.061755
3 0.654767 32
4 0.40792 0.408002
2 0.907221 0.000752
2 0.195496 0.000311
4 0.324561 0.32457
3 0.9445 5
0 0.345485 ywpbc
3 0.522391 39
4 0.100467 0.100537
3 0.755235 3
2 0.679507 0.000887
4 0.10308 0.10312
4 0.298576 0.298579
0 0.13949 dgyje
2 0.118842 0.000686
1 0.417748
2 0.021564 0.000139
1 0.804361
2 0.473882 0.000659
4 0.063135 0.063228
3 0.278374 9
3 0.455366 40
4 0.798669 0.798709
1 0.290986
3 0.165893 8
4 0.111721 0.111773
2 0.456717 0.0009
0 0.994634 ntvbc
1 0.910545
0 0.998051 djafg
3 0.455792 33
3 0.021344 21
2 0.187237 0.000329
3 0.81531 31
2 0.272028 0.000381
2 0.783014 0.000773
1 0.098361
2 0.671296 0.000719
4 0.013919 0.013989
2 0.634916 0.000434
0 0.711279 ndqdb
0 0.90365 pnagm
2 0.265767 0.000579
0 0.565133 apqsi
0 0.994146 pvkdj
1 0.056251
4 0.380611 0.380678
2 0.371802 0.000303
2 0.550231 1.9e-05
2 0.54397 0.000217
4 0.326089 0.326137
1 0.891222
0 0.603026 ejbtq
3 0.420672 46
0 0.821145 ymwvk
3 0.786828 13
2 0.337059 0.000383
1 0.397381
2 0.527246 0.00047
0 0.621784 qslwa
4 0.805449 0.805511
2 0.742473 0.000408
4 0.079971 0.079993
2 0.397627 0.000848
3 0.122928 29
3 0.64317 40
3 0.708909 22
0 0.752507 tjpui
4 0.785505 0.785582
3 0.590955 41
3 0.84978 49
2 0.929751 0.000721
0 0.843731 qtxpe
1 0.312743
4 0.83509 0.835107
4 0.587597 0.587659
2 0.961889 0.000603
2 0.077343 0.00046
1 0.233124
0 0.690217 nsawn
4 0.954391 0.954421
3 0.342918 41
1 0.726397
3 0.32551 18
3 0.850779 27
1 0.795693
1 0.038152
3 0.500828 47
4 0.151906 0.151929
1 0.842123
2 0.264424 0.000591
4 0.465076 0.465109
0 0.509458 ctsra
0 0.515225 rtwck
0 0.620567 xfvoj
1 0.306678
1 0.664481
1 0.38146
3 0.47738 38
3 0.299052 49
4 0.463643 0.463694
4 0.870983 0.871009
1 0.486941
1 0.903803
4 0.00137 0.001375
1 0.294877
0 0.062395 xdrng
3 0.169714 13
3 0.163446 2
1 0.97885
1 0.450372
1 0.415754
4 0.346181 0.346261
2 0.833123 9.8e-05
2 0.120852 0.00082
2 0.5455 0.000698
3 0.124247 32
3 0.009001 45
4 0.558236 0.558247
2 0.068896 0.000409
1 0.719114
2 0.958844 0.000486
3 0.374598 32
4 0.90633 0.906407
4 0.700429 0.700453
3 0.012249 29
3 0.135299 39
3 0.478582 12
4 0.381479 0.381517
0 0.454091 xlwhz
2 0.035165 0.000503
2 0.409764 0.000288
4 0.316094 0.316159
3 0.532875 41
4 0.061477 0.061547
2 0.196776 0.000559
2 0.19171 0.000523
1 0.57319
3 0.073713 31
1 0.951616
3 0.440362 33
3 0.991879 39
0 0.917995 juaeh
2 0.514135 0.000866
4 0.789858 0.789893
3 0.791769 23
3 0.340293 29
3 0.113006 45
4 0.993399 0.99341
0 0.950113 qsvqr
3 0.322663 49
0 0.690609 qmmcg
4 0.128319 0.128336
4 0.991342 0.991393
4 0.635424 0.63545
2 0.353219 8.3e-05
2 0.538982 0.000673
2 0.757027 0.000213
0 0.322913 keuyh
4 0.18419 0.184198
1 0.979774
0 0.117292 twqkg
2 0.767564 0.000654
0 0.120783 uwkcx
0 0.091975 xiubk
2 0.91546 0.000581
4 0.535621 0.53564
1 0.910676
1 0.867892
2 0.47958 3.2e-05
0 0.091669 jkikh
0 0.58085 pseff
4 0.660416 0.660509
2 0.223545 5e-06
3 0.970865 26
2 0.214311 0.000654
1 0.598555
2 0.070798 0.000587
4 0.162467 0.162551
2 0.654954 0.000917
2 0.846736 0.000767
1 0.953703
0 0.640505 xjzsk
4 0.598047 0.598111
1 0.032673
4 0.258699 0.258727
2 0.857254 0.000587
0 0.455841 mzeiw
3 0.054559 47
2 0.6486 0.000352
0 0.805457 fssgh
1 0.949937
4 0.707937 0.708
3 0.966636 43
2 0.82389 0.00023
2 0.279732 6e-05
1 0.61811
2 0.822264 5.3e-05
1 0.289561
2 0.791226 0.000265
2 0.596683 0.000114
1 0.735765
2 0.689595 0.000667
4 0.347201 0.347205
4 0.596874 0.596967
2 0.578888 0.000483
4 0.814985 0.815052
4 0.016689 0.016766
1 0.838953
2 0.388939 0.000866
2 0.180165 0.000131
1 0.2932
3 0.482709 16
0 0.688657 ztwdn
0 0.707534 rgkfp
2 0.791544 0
2 0.037858 0.000305
1 0.426797
1 0.107303
0 0.980654 niulh
4 0.636273 0.636291
1 0.672132
0 0.699724 gylwt
2 0.608501 0.000954
2 0.684501 0.000273
0 0.115806 mmhve
4 0.960237 0.960257
3 0.424205 3
3 0.060479 24
1 0.248963
4 0.723385 0.723417
3 0.603924 22
0 0.117762 crqxc
1 0.577236
0 0.569125 rrwwb
2 0.97749 0.000377
2 0.34299 0.000208
1 0.883003
3 0.104015 38
0 0.102646 hohfk
4 0.26757 0.267653
3 0.066658 19
0 0.635784 eoanw
3 0.67568 3
0 0.01867 mifdx
3 0.248641 20
2 0.354771 0.000513
4 0.721476 0.721535
1 0.549611
4 0.446085 0.446167
0 0.598221 jxndj
0 0.503437 tkpol
4 0.841487 0.841551
2 0.60648 0.000436
4 0.477603 0.477605
3 0.19908 11
0 0.265043 zzgmj
0 0.611048 dxlmm
1 0.454387
0 0.589119 vneoh
3 0.366329 7
2 0.985983 0.000488
4 0.450045 0.450138
2 0.719338 0.000735
0 0.818531 uitgu
0 0.133057 stshz
0 0.046825 oeeoy
1 0.031088
0 0.471654 kutqk
1 0.569679
1 0.092136
0 0.553932 qbfqu
4 0.783741 0.783784
4 0.581919 0.581988
2 0.333341 0.000877
3 0.451093 45
4 0.554829 0.55483
3 0.624961 2
2 0.414432 0.000638
2 0.538785 0.000774
4 0.092718 0.09278
0 0.014963 nzfdd
0 0.73762 fhfti
2 0.295931 0.000448
1 0.205684
2 0.734549 0.000837
1 0.665333
2 0.10665 0.000471
2 0.302069 0.000189
4 0.537607 0.537611
2 0.350648 0.000243
3 0.063233 8
0 0.238539 pyfir
3 0.618335 3
4 0.787219 0.787274
1 0.398322
3 0.900059 23
1 0.190013
2 0.9161 0.000277
4 0.260604 0.260605
3 0.969199 26
3 0.857959 23
0 0.189566 ytbie
2 0.776653 0.000306
3 0.977408 40
0 0.359848 rqeip
0 0.329943 omhda
3 0.271936 26
2 0.818063 0.000894
4 0.493265 0.493364
3 0.142529 43
1 0.938835
1 0.963589
0 0.717992 aeqia
3 0.197762 36
3 0.353579 31
0 0.994948 fdaog
0 0.374284 xfdeg
1 0.788595
4 0.566288 0.566308
1 0.406078
4 0.747418 0.747498
1 0.539874
2 0.496027 0.000732
4 0.81446 0.814502
4 0.893469 0.89351
0 0.368672 utnom
4 0.794092 0.794108
0 0.582687 yswko
4 0.104026 0.104096
2 0.6439 0.000965
2 0.761632 0.000991
4 0.970627 0.970644
3 0.54282 19
3 0.296274 43
2 0.756959 0.000742
3 0.551052 8
0 0.133739 oudoa
2 0.456084 0.000369
0 0.616337 ndnxy
3 0.904346 9
0 0.463265 qswzh
2 0.059621 0.000758
0 0.976416 wvqcs
1 0.997164
0 0.438892 vmmgn
4 0.374573 0.374637
2 0.064934 0.000336
4 0.574783 0.574814
4 0.679781 0.679819
4 0.739402 0.73945
4 0.715819 0.715917
2 0.653843 0.0007
0 0.004366 nnyfy
0 0.350777 oxabj
2 0.823847 0.000486
2 0.567931 0.000421
4 0.805721 0.805783
3 0.088269 11
4 0.065668 0.065743
3 0.79872 6
1 0.528936
3 0.699652 33
0 0.834192 xskyq
3 0.643801 30
0 0.041574 agoor
3 0.002256 41
0 0.584276 azwdf
4 0.987318 0.987406
4 0.604943 0.604976
4 0.472215 0.472244
3 0.155998 37
2 0.179981 0.000632
3 0.288246 0
0 0.685881 bcrjm
0 0.344293 hjifg
3 0.517183 16
4 0.093716 0.093813
1 0.522997
2 0.03125 0.000887
1 0.727583
1 0.736464
4 0.300372 0.300391
