1 0.453166
1 0.537242
4 0.020946 0.020979
3 0.507646 30
2 0.16954 0.000765
1 0.168224
2 0.557349 7e-05
2 0.564305 0.000492
4 0.775924 0.775938
0 0.546065 plrdn
4 0.430279 0.430326
1 0.75485
3 0.221776 43
1 0.826706
2 0.968983 0.000472
3 0.137207 19
4 0.34263 0.342669
2 0.729122 0.000778
3 0.723337 6
3 0.622584 17
4 0.599697 0.599763
3 0.546329 13
1 0.817531
4 0.971472 0.971549
2 0.31453 0.000109
1 0.289002
0 0.538293 ajlhu
3 0.031743 9
2 0.301949 0.00065
1 0.476768
4 0.104721 0.104807
4 0.167402 0.167454
2 0.984933 0.000411
4 0.88621 0.886223
4 0.64932 0.649419
4 0.224622 0.224667
0 0.136761 mqklo
1 0.396005
0 0.448211 vgzgz
1 0.689504
4 0.184583 0.18462
2 0.842214 0.000648
2 0.814376 0.00032
4 0.591892 0.591934
4 0.131182 0.131237
1 0.458085
0 0.426327 ehmdx
3 0.229156 0
0 0.527763 biwxe
1 0.37328
4 0.249935 0.249991
4 0.203874 0.203922
1 0.18041
2 0.000426 0.000467
2 0.619934 0.000794
0 0.327003 cmjmy
2 0.343359 0.000313
1 0.827383
4 0.142482 0.142574
2 0.515762 0.000601
3 0.219771 30
2 0.515671 0.000753
3 0.942754 31
2 0.344273 0.000465
1 0.11158
0 0.731751 nhlwd
0 0.576839 knmaj
1 0.64181
0 0.155441 kispv
3 0.869062 1
0 0.213336 cfuet
1 0.187595
0 0.740065 kceir
4 0.120302 0.120378
2 0.278464 0.000911
3 0.172749 28
4 0.582705 0.582803
2 0.451768 0.0006
0 0.181456 emqcf
1 0.450654
3 0.542033 47
2 0.375289 0.000653
0 0.213523 hbuld
1 0.608872
1 0.013405
3 0.457172 40
1 0.922772
0 0.824802 pvaij
4 0.753755 0.753788
2 0.764154 0.000395
3 0.768808 2
2 0.926467 0.000386
0 0.362591 rujzz
1 0.895224
1 0.322739
3 0.758643 43
1 0.907805
2 0.677493 0.00048
1 0.9476
0 0.385146 jpcdf
3 0.454117 30
3 0.100282 24
2 0.054687 7.5e-05
0 0.949911 lreek
3 0.050014 35
3 0.026847 4
4 0.958312 0.958312
1 0.934173
4 0.541471 0.541562
0 0.981205 lxbts
3 0.509364 6
3 0.975627 22
3 0.776239 33
4 0.467595 0.467643
1 0.836443
2 0.289625 0.000244
4 0.819625 0.819677
0 0.334292 olfub
4 0.03636 0.036407
1 0.077328
3 0.701914 26
1 0.304987
2 0.61543 0.000972
3 0.599377 22
4 0.435821 0.43584
2 0.621417 0.000979
4 0.35157 0.351634
1 0.139545
0 0.27007 iefuo
3 0.538766 25
2 0.110245 0.000916
1 0.435444
4 0.677329 0.677408
1 0.104653
3 0.511249 23
2 0.132667 0.000452
2 0.000589 0.000468
0 0.656486 uanng
3 0.092384 5
2 0.08111 0.000974
2 0.425378 0.000331
3 0.385077 12
2 0.460506 1.7e-05
2 0.971755 0.00049
0 0.620774 iahya
2 0.018022 0.000555
2 0.985245 0.000705
0 0.593981 vtrae
2 0.464968 0.000774
4 0.537332 0.537348
0 0.714349 xbwhq
1 0.730113
1 0.113249
2 0.503205 0.000271
3 0.378972 16
0 0.314094 cvvhe
0 0.518763 jiplc
2 0.400183 4.1e-05
0 0.678375 sbmla
1 0.026765
1 0.730734
0 0.645105 dffwb
3 0.492394 45
1 0.52751
2 0.918918 0.000877
4 0.458463 0.458512
0 0.778857 qyrcn
4 0.363436 0.363503
1 0.113217
2 0.728146 0.000674
0 0.87497 yucwr
3 0.968605 16
1 0.403875
3 0.041312 40
0 0.105327 oreox
1 0.12493
3 0.937094 36
2 0.495896 0.000984
1 0.934653
1 0.457044
3 0.641942 10
2 0.557778 0.000117
1 0.935259
4 0.213629 0.213652
0 0.989326 ptcyn
0 0.587699 htnab
1 0.651881
1 0.988046
3 0.247443 9
0 0.777603 hhriv
2 0.250996 0.000443
4 0.240323 0.240369
4 0.068281 0.0683
1 0.851732
0 0.877224 pktkc
3 0.311736 6
1 0.075531
0 0.622673 xoaqx
0 0.922977 qxeeq
3 0.183314 15
1 0.453654
0 0.021861 srxja
4 0.942421 0.942454
1 0.575039
1 0.332658
3 0.152592 18
0 0.139398 ubsxv
0 0.057906 ujeea
3 0.98236 6
2 0.558263 0.000672
4 0.445902 0.445947
2 0.409073 0.000484
1 0.258083
3 0.05073 1
0 0.190128 eetib
4 0.775141 0.775145
1 0.333789
3 0.214689 4
3 0.073295 7
1 0.226319
3 0.793281 15
3 0.202354 1
1 0.97679
1 0.113001
1 0.924736
2 0.998644 0.000106
1 0.715879
0 0.216437 ezbly
4 0.127915 0.127949
2 0.077722 0.000712
3 0.917376 43
3 0.597861 0
2 0.660132 0.00049
3 0.773133 33
0 0.108967 dziyw
2 0.303181 0.000746
1 0.644342
1 0.957957
2 0.122002 0.000569
2 0.935715 0.000853
0 0.05906 pxuvx
4 0.210081 0.210119
0 0.543291 pkboa
0 0.029504 tozwo
4 0.445815 0.445874
1 0.812147
1 0.667229
4 0.355139 0.355173
0 0.256251 spejk
1 0.472166
0 0.674968 sybct
3 0.671708 17
4 0.877365 0.877437
4 0.205025 0.205073
4 0.501103 0.501132
3 0.856242 15
1 0.112494
2 0.084961 5.2e-05
0 0.533385 eqjkc
4 0.958469 0.958513
1 0.839632
4 0.747674 0.747727
0 0.988198 qxcrz
4 0.148817 0.14891
4 0.649245 0.649284
2 0.734206 4.3e-05
4 0.267592 0.267637
3 0.738611 15
2 0.232995 0.000236
3 0.812952 20
4 0.076978 0.077051
4 0.581528 0.58159
3 0.819626 36
4 0.007557 0.007562
4 0.513451 0.513501
0 0.572455 vymgc
3 0.875564 22
2 0.108559 0.000258
2 0.437863 0.000478
1 0.514841
3 0.503078 19
0 0.720006 uetdj
3 0.469708 10
3 0.042163 19
3 0.639255 21
0 0.18243 htefx
3 0.784912 7
0 0.299754 sgley
0 0.535381 jvebm
4 0.10367 0.103673
0 0.96946 ilile
0 0.810657 quvxd
3 0.856204 25
3 0.285031 3
3 0.146206 36
1 0.963638
0 0.838453 ecfnd
0 0.581343 jautr
3 0.533737 22
4 0.573835 0.573919
2 0.454027 6.2e-05
3 0.874714 48
4 0.267653 0.267662
2 0.933783 0.000862
0 0.74607 chhtv
3 0.470066 6
0 0.856785 hwvgm
4 0.059624 0.059691
0 0.352038 djqes
1 0.100091
0 0.19286 chivm
3 0.683138 18
4 0.717994 0.718013
0 0.844896 auvel
4 0.654105 0.654141
2 0.518947 0.00036
1 0.761419
0 0.582604 oyetk
4 0.483315 0.483365
4 0.166453 0.166472
1 0.4008
0 0.216106 hzqne
3 0.15403 43
4 0.0064 0.006492
4 0.722006 0.722017
1 0.30461
3 0.310553 26
3 0.703786 43
4 0.502536 0.502618
4 0.491355 0.491368
4 0.249697 0.249768
1 0.341698
4 0.510392 0.51043
2 0.664423 0.000531
3 0.670823 25
4 0.909181 0.909268
0 0.213791 mgzwg
2 0.648679 0.000453
2 0.342523 0.00016
0 0.437168 mafgg
3 0.474646 37
1 0.728529
0 0.655851 feoiv
0 0.997556 fqsnd
0 0.782185 npptw
0 0.557601 apjwu
1 0.14671
2 0.018923 0.000913
2 0.956679 0.000946
1 0.24966
1 0.782749
0 0.317218 ojkbe
4 0.32822 0.328262
1 0.908139
4 0.280054 0.280073
0 0.945453 cfzcd
4 0.441928 0.441945
3 0.842226 10
0 0.021348 gnqfj
1 0.314179
0 0.126431 gvgdb
4 0.84881 0.848902
2 0.825115 0.000472
1 0.464482
2 0.55595 0.000411
1 0.521046
2 0.594871 0.000153
2 0.789282 0.000736
1 0.40164
2 0.159852 0.000819
4 0.802635 0.802705
1 0.65152
1 0.972069
4 0.306624 0.306637
3 0.648091 35
4 0.112574 0.112651
2 0.018985 0.00039
0 0.283974 ykcnn
0 0.504888 qhjmr
2 0.674068 0.000632
1 0.646137
1 0.859715
1 0.026294
1 0.129436
1 0.62038
1 0.00148
2 0.802656 0.000622
4 0.116622 0.116639
3 0.21987 49
0 0.724758 otjym
4 0.508605 0.508653
0 0.154743 jmquf
2 0.997026 0.000791
0 0.998506 xbahn
0 0.317965 dzdrz
1 0.007276
4 0.74297 0.74304
4 0.04817 0.048226
4 0.524814 0.524822
0 0.027752 wvwqr
1 0.454157
1 0.880129
2 0.554161 9.4e-05
3 0.45386 41
4 0.73442 0.734464
0 0.882221 ppfdc
2 0.480451 4.9e-05
4 0.024555 0.024624
1 0.049333
2 0.804789 0.000321
1 0.23378
2 0.859337 0.000603
0 0.573783 blopk
3 0.978775 4
0 0.979108 bwtut
4 0.364985 0.365017
0 0.224991 mccsz
3 0.335575 49
1 0.628525
2 0.190346 0.000688
3 0.249511 23
3 0.228287 27
0 0.723747 qbrnd
1 0.353404
3 0.478516 48
0 0.39852 ghwju
1 0.980661
1 0.904965
3 0.554596 23
4 0.96022 0.960223
3 0.245647 19
1 0.465858
0 0.299355 bodvw
2 0.935134 0.000995
4 0.576015 0.576113
1 0.51316
1 0.463252
2 0.010037 0.000217
2 0.080985 0.000392
3 0.041205 45
2 0.803205 0.000816
0 0.785415 yuftz
4 0.341887 0.341934
0 0.021234 mbhdy
1 0.910209
0 0.756555 vougc
1 0.836617
4 0.198303 0.198389
1 0.983718
2 0.471418 0.000116
2 0.691446 0.0009
1 0.622193
0 0.918151 sagez
2 0.535697 0.000578
4 0.330475 0.330507
4 0.672997 0.673088
2 0.025967 6.3e-05
0 0.116753 rnwpc
4 0.705169 0.705258
0 0.843715 ixyar
3 0.175577 8
0 0.631507 ldjwr
3 0.543764 24
1 0.278967
2 0.86225 0.000888
4 0.392325 0.39235
3 0.613847 14
4 0.457562 0.457587
2 0.479808 0.000645
2 0.611191 0.000574
0 0.794624 ufepu
1 0.075908
3 0.773718 6
0 0.619695 sknfz
2 0.813333 0.000146
3 0.270895 22
3 0.267056 19
0 0.878247 rvxaz
4 0.352555 0.352634
1 0.428463
0 0.832319 nrwfq
0 0.830965 cexnh
1 0.896454
3 0.698602 25
0 0.093202 dixkm
2 0.330507 0.000279
0 0.275322 dqqfl
0 0.277457 mennr
1 0.558844
3 0.605977 23
3 0.906952 38
2 0.863374 0.000438
4 0.841326 0.841364
3 0.171833 17
3 0.963508 26
1 0.095852
2 0.099548 2.8e-05
0 0.243795 wpzdb
0 0.978651 ztuyn
3 0.353559 9
0 0.453913 trifz
0 0.911057 dmrly
2 0.838333 0.000396
3 0.113646 0
4 0.608649 0.608682
2 0.538298 0.000718
3 0.995793 29
0 0.779913 wvxlp
3 0.700574 36
0 0.67571 loczl
2 0.678922 0.000369
0 0.962574 jtpfw
2 0.199858 0.00065
4 0.842438 0.842502
3 0.051765 13
1 0.825561
1 0.389948
3 0.733948 10
4 0.973651 0.973736
1 0.984107
4 0.08251 0.082538
0 0.045085 czwte
4 0.010965 0.011033
3 0.853403 32
1 0.421521
0 0.482985 jejou
0 0.975342 llmwe
3 0.146237 27
0 0.979705 wwvwu
0 0.492322 tqfiz
4 0.709677 0.709718
3 0.098962 24
2 0.58661 0.000816
4 0.16679 0.166836
4 0.253767 0.253801
1 0.826394
0 0.090759 akkco
4 0.070863 0.07087
0 0.530522 tpabr
1 0.463691
0 0.082885 bqsph
4 0.503563 0.503578
2 0.84631 0.000827
1 0.900244
4 0.19614 0.196173
2 0.912195 0.000648
4 0.316135 0.316157
4 0.345835 0.345933
3 0.248376 32
1 0.000743
2 0.031668 0.000278
4 0.281464 0.281471
3 0.785027 22
1 0.631337
2 0.007239 0.000582
1 0.20338
2 0.988351 0.000927
2 0.002597 0.000414
4 0.155543 0.155592
4 0.673218 0.673295
1 0.654585
2 0.296241 0.000605
0 0.68505 qaepr
4 0.416786 0.416872
3 0.46472 49
0 0.475087 usane
0 0.132745 gxgur
4 0.245307 0.245358
4 0.43201 0.432011
0 0.945919 zmjjr
4 0.757991 0.758072
1 0.396953
0 0.680743 ntxmz
1 0.465052
3 0.596655 37
3 0.573556 45
4 0.753062 0.753067
2 0.416637 0.000524
2 0.86566 0.00038
4 0.247822 0.247843
0 0.611055 csmdm
2 0.789501 0.000839
1 0.580192
3 0.352636 49
1 0.912754
0 0.810126 qvbzb
4 0.649141 0.64916
4 0.770046 0.770139
1 0.165293
3 0.534825 42
4 0.666381 0.666467
4 0.972235 0.972312
2 0.068779 0.000621
3 0.761979 2
4 0.545086 0.545116
4 0.081256 0.081269
1 0.550414
2 0.908515 0.000233
4 0.678561 0.678639
2 0.360206 0.000627
2 0.453569 0.000936
2 0.917682 0.000171
0 0.983989 opmgg
3 0.40572 22
4 0.003328 0.003365
3 0.070094 11
3 0.47168 25
1 0.972258
2 0.382717 0.000237
2 0.700418 0.000641
3 0.919306 23
1 0.418923
0 0.911518 lbwfn
4 0.188627 0.188723
4 0.206064 0.206095
3 0.623877 31
3 0.748703 42
4 0.697257 0.697319
1 0.488014
0 0.529167 ftrwt
0 0.060794 axypu
2 0.546408 0.000197
3 0.268824 30
1 0.892702
2 0.329807 0.000757
1 0.574096
4 0.411368 0.41139
1 0.711801
2 0.67944 0.000539
0 0.828716 khqvl
0 0.643213 oahan
3 0.064088 40
0 0.69085 vnnll
2 0.11717 4e-06
3 0.680312 45
3 0.308649 11
3 0.005846 25
4 0.727556 0.727643
4 0.680415 0.680488
1 0.796175
2 0.801939 0.000264
2 0.185791 0.000466
2 0.7274 0.000375
4 0.124023 0.124076
4 0.380028 0.380111
1 0.831825
3 0.272155 38
1 0.794353
3 0.015883 10
0 0.653402 cvvxd
1 0.891469
1 0.017329
2 0.596868 0.000729
3 0.279245 3
3 0.562439 33
1 0.042298
3 0.694805 5
3 0.232733 9
1 0.764968
4 0.297313 0.297336
3 0.359538 20
1 0.8162
4 0.304772 0.304815
3 0.78006 12
0 0.374075 emblb
1 0.360146
3 0.110003 2
1 0.859089
1 0.587829
4 0.479532 0.479574
4 0.86163 0.861662
0 0.274934 qtgyq
1 0.932691
1 0.733841
0 0.149451 jtvpq
1 0.80849
4 0.275249 0.27528
0 0.863078 ftgwt
4 0.987984 0.987995
0 0.8233 zohav
3 0.727977 10
2 0.011266 0.000161
3 0.709753 8
0 0.034595 wcltm
0 0.482265 svgze
3 0.042881 32
2 0.651301 0.000489
3 0.676061 25
3 0.905273 12
1 0.656786
2 0.394159 0.000394
4 0.945106 0.94516
1 0.163633
0 0.315788 edoyb
0 0.709985 qvfnb
1 0.970322
1 0.788936
2 0.413086 0.0004
3 0.069872 12
4 0.360619 0.360676
0 0.453599 gafgx
0 0.316927 unafm
4 0.051233 0.051243
0 0.021555 nobfk
2 0.979235 4.7e-05
1 0.339854
1 0.931101
4 0.564641 0.564713
0 0.771214 zwimr
0 0.773793 xzfjo
4 0.08686 0.086931
4 0.268229 0.268311
4 0.777466 0.777535
1 0.041434
0 0.472448 mkbgw
4 0.197061 0.19712
1 0.42759
0 0.684243 sewqz
2 0.334738 0.000148
4 0.819449 0.819479
3 0.119993 48
2 0.918584 0.000983
2 0.907384 0.000871
3 0.944474 33
0 0.26913 fjadj
1 0.493422
3 0.994921 36
3 0.865948 26
4 0.062699 0.062776
4 0.461832 0.461902
2 0.075286 5.4e-05
2 0.726563 0.000439
0 0.663299 tdhkz
0 0.221845 omsre
1 0.832732
0 0.068759 chxcc
3 0.414707 34
0 0.730113 skine
1 0.9153
0 0.589268 grrnn
3 0.381151 25
4 0.730235 0.730292
1 0.020347
1 0.454737
1 0.297491
0 0.001995 ydlkx
0 0.675954 tuifs
0 0.395837 xwqrl
1 0.028143
1 0.797378
1 0.266684
1 0.806158
0 0.961524 ppxce
1 0.362413
2 0.562097 0.000417
1 0.669703
4 0.087189 0.087232
2 0.358162 0.000541
0 0.16449 ewfqq
3 0.814014 7
1 0.151635
3 0.786159 3
4 0.455064 0.455144
2 0.333829 0.000474
1 0.997246
1 0.27093
3 0.132345 25
2 0.006859 0.000118
2 0.687701 0.00076
0 0.913039 bphez
1 0.036092
0 0.175225 ozbqb
0 0.057202 aukmc
2 0.861458 0.000775
1 0.083576
2 0.478319 0.000689
4 0.391358 0.391438
0 0.881156 ukawp
4 0.641377 0.641386
0 0.797105 ifxwb
4 0.765368 0.765407
3 0.626826 16
4 0.226754 0.226788
0 0.833443 crhwv
1 0.277125
4 0.120791 0.120879
0 0.27852 lajpx
1 0.113717
1 0.468357
0 0.641732 elbtx
0 0.847297 xvjgn
0 0.632498 kzdpp
1 0.642166
3 0.623787 48
4 0.102775 0.102792
2 0.571133 0.000255
0 0.812618 cmutg
2 0.826702 0.000514
0 0.903387 qxtbi
3 0.362416 4
4 0.453335 0.453413
2 0.393145 0.000954
1 0.689162
2 0.937106 0.000912
2 0.915977 0.000213
2 0.660217 0.000647
1 0.486919
4 0.390978 0.391036
4 0.797555 0.79765
3 0.449643 23
1 0.442899
0 0.206085 jxbji
0 0.58008 asqzw
3 0.667405 25
2 0.279812 0.000895
3 0.67079 3
2 0.984698 0.000801
2 0.434341 0.000926
3 0.393593 41
3 0.375013 37
2 0.265931 0.000788
3 0.846011 29
2 0.569355 0.000375
0 0.929265 vklse
1 0.245087
3 0.847406 35
1 0.922948
3 0.898262 44
1 0.448706
2 0.465437 0.000845
0 0.731368 hgzcf
3 0.944941 46
4 0.723074 0.723102
4 0.781018 0.781076
0 0.026105 unkft
1 0.842443
3 0.526792 1
2 0.992229 0.000698
4 0.239949 0.240033
1 0.33368
3 0.121105 21
0 0.059051 kaasd
2 0.136531 0.000742
0 0.546767 xddks
1 0.38685
0 0.662135 xratn
1 0.985413
1 0.952484
1 0.610838
2 0.669411 0.000752
4 0.275817 0.275853
1 0.928701
3 0.322548 18
0 0.290616 qosgj
3 0.979739 6
1 0.682551
4 0.330656 0.330686
4 0.369302 0.369368
1 0.496492
3 0.521304 44
3 0.797122 32
1 0.242175
3 0.335835 43
3 0.142803 16
0 0.243931 pfqjo
0 0.118365 vezfo
3 0.195319 37
1 0.716624
3 0.356691 48
2 0.369978 0.000273
0 0.222165 zosgq
2 0.551756 0.000888
0 0.987569 unmpz
3 0.882371 5
3 0.077691 42
2 0.794315 2.7e-05
3 0.824413 45
3 0.613038 25
0 0.119306 gxiiy
3 0.627041 10
4 0.626864 0.626942
3 0.165809 38
3 0.04818 44
2 0.642223 0.000538
4 0.436538 0.436604
4 0.777303 0.777316
0 0.906693 tuzlu
1 0.938429
0 0.589491 iirwa
1 0.874495
1 0.580514
3 0.716152 6
1 0.756043
2 0.034142 0.000961
4 0.327797 0.327871
4 0.234491 0.234555
1 0.776842
3 0.303212 34
4 0.927887 0.927964
2 0.787875 0.00059
0 0.453977 qhiah
4 0.535662 0.535761
4 0.569804 0.569864
3 0.413954 34
4 0.648445 0.648496
2 0.425287 0.000496
1 0.992173
0 0.103714 fvtdn
0 0.163657 tvnbo
1 0.472363
3 0.680727 20
3 0.587172 24
0 0.666966 xuddr
2 0.554732 0.000959
3 0.219635 31
0 0.96648 tijqs
4 0.949877 0.949913
1 0.938592
4 0.440423 0.440435
0 0.543948 sxcpe
2 0.169416 0.000259
2 0.2405 0.00057
0 0.976487 ffzpl
0 0.228667 vpwha
4 0.56031 0.560363
1 0.292445
1 0.11654
4 0.900967 0.901016
4 0.167815 0.167832
0 0.182774 dksqp
4 0.601824 0.601847
0 0.674929 hxesa
3 0.414776 37
1 0.061729
0 0.580994 ozbnn
3 0.859888 13
2 0.542258 0.000893
4 0.684762 0.684787
3 0.802938 0
3 0.477867 40
1 0.58243
4 0.647745 0.647763
2 0.819685 0.000911
2 0.800422 0.000257
3 0.844133 18
4 0.440289 0.440336
3 0.955205 1
1 0.944098
0 0.61434 cbbbn
3 0.704718 10
3 0.610299 8
3 0.930657 45
1 0.312744
2 0.469418 0.000804
0 0.815989 jmwwc
4 0.233782 0.233829
0 0.364474 nobjl
1 0.614172
0 0.736236 jlnoq
3 0.984225 2
4 0.890029 0.890031
3 0.839617 44
1 0.660173
3 0.048385 7
1 0.982385
4 0.676018 0.676029
4 0.06912 0.0692
2 0.683293 1e-05
4 0.424117 0.424167
1 0.579246
0 0.401919 ogotl
1 0.325822
1 0.019194
0 0.11623 nzfnw
1 0.76828
3 0.273763 11
1 0.473408
3 0.708712 25
1 0.382983
3 0.373563 2
1 0.079153
3 0.559151 45
4 0.884973 0.885056
1 0.38732
0 0.180818 twpcj
1 0.296793
4 0.807829 0.80785
2 0.085252 0.000433
0 0.69313 pmsum
4 0.230911 0.230971
1 0.808603
0 0.135931 dbhtl
4 0.849794 0.849839
3 0.881562 38
2 0.689391 5.9e-05
1 0.290996
2 0.271118 0.000126
3 0.256829 22
4 0.315486 0.315557
0 0.965998 glptz
3 0.454111 21
4 0.39774 0.397807
2 0.279302 0.000305
1 0.485046
2 0.22007 0.000394
4 0.491188 0.491208
0 0.264369 bqzbn
0 0.038088 pdbex
4 0.866921 0.866971
3 0.781013 17
3 0.576667 25
1 0.061713
2 0.877551 0.000107
3 0.885092 30
0 0.149461 oxtmh
4 0.683585 0.683642
0 0.306276 gdneq
1 0.90307
4 0.421589 0.421627
4 0.07907 0.079073
3 0.956622 11
3 0.358066 43
1 0.507527
2 0.197592 0.000548
2 0.743712 0.000423
0 0.647169 beyna
3 0.933928 43
4 0.567992 0.568026
2 0.705783 0.000704
0 0.738018 dyzek
0 0.026624 qpgvj
2 0.80433 0.000801
2 0.054661 0.000107
3 0.02006 23
2 0.691105 0.000257
1 0.783739
1 0.002332
1 0.561108
2 0.632826 0.000699
1 0.151923
2 0.616936 0.000547
3 0.511856 23
0 0.634136 oobpx
4 0.563636 0.563657
2 0.77584 0.000826
1 0.556036
3 0.138314 20
4 0.699422 0.699445
2 0.170121 0.000384
0 0.142006 erqyf
1 0.563017
1 0.381956
1 0.525573
1 0.656407
4 0.049337 0.049416
4 0.084164 0.084176
3 0.935434 26
3 0.2585 49
3 0.214392 22
0 0.322208 eewlo
2 0.610085 0.000241
3 0.508393 49
2 0.21401 0.000307
3 0.263347 38
3 0.863863 1
3 0.315649 29
3 0.574149 28
2 0.788542 0.000653
2 0.627102 0.000733
2 0.268376 0.000158
1 0.219789
0 0.727522 ffbtm
0 0.935022 quqtk
0 0.193915 gktar
4 0.831487 0.831583
3 0.72022 5
4 0.58973 0.589816
0 0.585678 oebhc
0 0.091366 mgvsq
1 0.583244
1 0.181915
0 0.695723 woszr
2 0.459808 0.000623
3 0.565891 12
4 0.151569 0.151591
1 0.241588
3 0.633174 8
2 0.845507 8.2e-05
1 0.180671
3 0.293228 18
4 0.991495 0.991498
2 0.899596 0.000724
1 0.639184
2 0.016335 0.000344
1 0.035275
0 0.690228 messm
3 0.296889 2
0 0.658748 uspcj
4 0.670389 0.670422
4 0.383891 0.38392
4 0.453431 0.453492
1 0.00461
4 0.466741 0.466786
4 0.741888 0.741938
4 0.88925 0.889344
2 0.702491 9.7e-05
4 0.361239 0.361273
2 0.200659 0.000844
4 0.35305 0.353083
4 0.787145 0.787169
4 0.468964 0.469019
4 0.986477 0.986498
1 0.251309
4 0.455952 0.455972
2 0.490954 0.000134
0 0.100348 oariv
1 0.70866
2 0.128227 0.000676
2 0.24746 0.000825
2 0.266936 5.6e-05
3 0.701543 1
1 0.051264
2 0.624345 0.000431
1 0.347065
3 0.501917 2
3 0.602266 15
2 0.485415 0.000798
0 0.164799 zcqam
2 0.469663 6.6e-05
0 0.97272 pkvpa
2 0.424357 0.000366
4 0.287775 0.287775
1 0.286327
0 0.895079 wifhg
1 0.087154
1 0.354672
2 0.92505 0.000511
1 0.449116
2 0.888728 0.00074
3 0.630001 1
3 0.409933 10
0 0.200829 cenuv
2 0.818759 0.000984
4 0.563751 0.563839
2 0.167258 0.000767
0 0.613602 etqvd
3 0.794673 0
4 0.954426 0.95452
0 0.054889 vociu
4 0.077072 0.077144
0 0.009408 nfjrz
1 0.974253
4 0.314533 0.314589
4 0.265818 0.265869
3 0.576843 1
2 0.53127 9.7e-05
2 0.102511 0.000303
4 0.545637 0.54571
1 0.663328
3 0.219755 28
1 0.595849
2 0.353755 0.000862
3 0.682471 15
4 0.513356 0.513379
4 0.779174 0.779248
2 0.356018 0.000778
1 0.40364
2 0.781031 0.000503
1 0.757517
0 0.702856 zyqvw
3 0.735057 29
0 0.086919 cikmj
4 0.318918 0.318945
1 0.021567
2 0.144966 0.000271
4 0.654193 0.654195
4 0.874076 0.874095
4 0.576933 0.576952
3 0.872539 27
1 0.770304
4 0.185232 0.185309
3 0.949307 21
4 0.827292 0.827317
1 0.14621
4 0.197239 0.197269
1 0.342205
1 0.460042
0 0.533703 ilexg
0 0.115476 nchtl
2 0.693837 0.000913
1 0.19871
4 0.331313 0.331348
2 0.993876 0.00014
1 0.678006
3 0.763953 7
3 0.793056 12
1 0.696235
1 0.621249
2 0.700833 0.000726
2 0.931106 0.000207
2 0.454087 0.000551
1 0.164943
3 0.011287 6
1 0.719445
2 0.286741 0.000193
0 0.155686 hzanh
3 0.91079 47
2 0.603489 0.000233
0 0.681543 fbwav
4 0.40014 0.400144
0 0.411428 bzbmx
0 0.923188 osrnp
4 0.201035 0.201053
3 0.235489 9
1 0.523022
3 0.301473 12
1 0.123432
3 0.960122 23
0 0.961897 cendd
2 0.9197 0.000478
0 0.64597 tvqaw
4 0.379613 0.379621
3 0.419747 30
3 0.72122 44
4 0.844652 0.84472
4 0.884577 0.884625
1 0.33593
1 0.088342
0 0.799483 dyubq
0 0.909118 outnt
3 0.213231 9
0 0.439614 dghbl
0 0.540513 wuwyj
1 0.383221
4 0.730569 0.730604
0 0.763452 hkmov
3 0.251729 25
1 0.82544
1 0.806638
4 0.420083 0.420132
0 0.701028 bxtfz
1 0.536522
0 0.146884 syebl
2 0.738704 0.000538
1 0.74848
3 0.685735 5
0 0.027527 bcxqv
3 0.792378 20
4 0.455951 0.455952
0 0.219614 ogxmv
1 0.256593
4 0.65016 0.650257
4 0.084166 0.084195
2 0.286253 0.000335
2 0.313781 0.00025
2 0.494384 0.000249
1 0.484
2 0.249163 0.000789
1 0.451165
1 0.015897
0 0.072044 wfknc
0 0.37918 incgt
2 0.359826 0.000893
0 0.816428 vpvlf
2 0.612402 0.00061
0 0.579919 icqfi
2 0.479346 0.000605
2 0.197478 0.000137
3 0.057192 36
2 0.273522 0.00014
0 0.330415 tudwh
2 0.046868 0.00088
1 0.46083
0 0.655776 geuya
0 0.133 axaev
2 0.080231 0.000642
0 0.333371 rvumx
1 0.849177
0 0.218214 mybgf
1 0.282592
3 0.628448 40
3 0.761448 43
2 0.608279 0.000488
1 0.512301
4 0.035763 0.035861
2 0.702523 0.000511
2 0.036476 0.000334
4 0.402005 0.402017
0 0.954767 mytim
1 0.540654
1 0.701833
4 0.095094 0.095172
1 0.219725
2 0.239359 2.7e-05
3 0.275123 27
3 0.493998 38
0 0.530474 cdmux
4 0.910133 0.910209
3 0.705789 24
1 0.762795
0 0.45378 fwsiv
1 0.302271
0 0.872686 ihmpb
1 0.965712
4 0.378695 0.378794
3 0.782294 32
4 0.832594 0.832667
1 0.812187
0 0.831038 qxtyn
2 0.552789 0.000902
0 0.978451 yjyou
3 0.27484 26
2 0.653535 0.000728
0 0.952181 ueluo
2 0.206206 0.00087
0 0.839693 fgfam
2 0.238007 0.000484
3 0.565282 32
2 0.367198 0.000351
2 0.618474 0.00031
2 0.269554 0.000933
3 0.681515 47
0 0.625553 pvnod
2 0.286577 0.000723
3 0.470511 7
0 0.708519 agvfp
1 0.991527
1 0.292177
2 0.306395 0.000732
0 0.930858 wqqrr
4 0.733263 0.733309
3 0.921068 25
4 0.940256 0.940343
1 0.896433
3 0.748609 39
1 0.368433
3 0.224814 12
2 0.516991 0.00015
2 0.595075 0.000272
3 0.354674 42
3 0.256178 40
3 0.989442 38
3 0.91051 14
4 0.367118 0.367121
0 0.263551 jgwyb
3 0.800938 0
0 0.834281 usvpu
3 0.619618 26
2 0.986661 0.000456
1 0.616349
1 0.972866
3 0.170346 34
3 0.756288 35
4 0.574488 0.574568
3 0.793826 28
1 0.889476
3 0.295673 28
2 0.241382 0.000404
0 0.541765 jkhtf
0 0.697385 zmnbs
1 0.733169
0 0.701701 jnivp
3 0.023663 28
3 0.837643 0
0 0.3124 cinup
3 0.405241 37
0 0.211776 jayrz
2 0.558105 0.000676
2 0.335562 0.000182
4 0.613647 0.613679
3 0.726325 7
3 0.298626 14
3 0.693853 37
0 0.870036 qulnx
0 0.577769 bswah
4 0.495934 0.496012
2 0.953117 0.000153
4 0.782901 0.782944
2 0.280961 0.000576
3 0.172325 12
3 0.515112 24
4 0.924001 0.924051
4 0.108732 0.10881
4 0.202853 0.202862
3 0.228955 16
2 0.329515 0.00045
0 0.281989 vjiwv
2 0.392782 0.000462
2 0.565107 0.000176
1 0.596572
0 0.720575 eplwv
3 0.348511 40
3 0.577466 6
0 0.423333 jmgnq
0 0.408851 rtnmh
4 0.169395 0.169433
1 0.306197
0 0.032942 aepna
2 0.112324 0.000998
4 0.704632 0.704726
4 0.453793 0.45383
1 0.228498
4 0.862272 0.862279
1 0.696609
1 0.037093
3 0.475573 31
2 0.298123 0.000897
1 0.431825
4 0.852667 0.852676
1 0.89613
1 0.459294
1 0.165018
0 0.594025 awkvf
3 0.186158 27
2 0.882767 0.000304
0 0.495173 binmb
3 0.292529 17
0 0.640591 txzyf
2 0.680852 0.000601
1 0.603871
2 0.943995 0.000741
1 0.130154
4 0.631165 0.631238
0 0.475415 vrpkc
0 0.422056 yvrto
1 0.08061
2 0.204127 0.000958
4 0.390728 0.390799
0 0.469995 wohlu
3 0.635546 31
1 0.176344
2 0.813985 0.000738
1 0.454566
1 0.350237
0 0.844237 mvboy
3 0.273439 24
3 0.78921 21
0 0.765328 lktbm
4 0.586301 0.586356
3 0.100039 43
3 0.143937 11
0 0.494174 gyzfi
3 0.015056 28
2 0.339982 0.000426
4 0.110706 0.11078
4 0.082616 0.082641
0 0.308285 dkknk
0 0.967097 rgiri
1 0.712538
1 0.732695
3 0.756716 1
4 0.781033 0.781119
2 0.627264 0.000792
1 0.238824
0 0.896556 mybzi
2 0.484203 0.000961
1 0.760343
1 0.961214
4 0.347966 0.348018
4 0.353804 0.353851
4 0.110521 0.110572
3 0.407906 39
1 0.551523
3 0.207874 49
3 0.620783 35
1 0.709788
0 0.995375 mpeyn
3 0.161669 48
1 0.839873
2 0.472687 0.000421
1 0.09956
4 0.995092 0.995111
3 0.660935 42
1 0.868809
1 0.539091
4 0.943428 0.94351
2 0.266164 0.000857
1 0.589454
1 0.629584
3 0.807111 3
3 0.409642 27
0 0.398681 dcwvq
1 0.012541
3 0.613755 39
4 0.012148 0.012178
4 0.955576 0.955589
3 0.738092 22
0 0.843899 ulxqm
3 0.067073 21
0 0.465755 cztxv
0 0.05699 tmfhg
1 0.542066
3 0.852276 36
1 0.633699
3 0.714937 21
0 0.748276 aikvx
0 0.706983 ryymx
4 0.871852 0.871905
1 0.172833
0 0.499628 yzqbu
3 0.453546 45
3 0.580457 23
1 0.759224
3 0.642275 14
0 0.86561 shtbh
1 0.266343
3 0.146705 28
0 0.646333 dsxfr
0 0.548118 mxbyl
2 0.664367 0.000566
4 0.473584 0.473605
4 0.053213 0.053237
1 0.447705
1 0.14309
3 0.728011 45
4 0.366216 0.366296
4 0.126077 0.126165
0 0.35803 hekgd
4 0.868406 0.868501
1 0.124972
4 0.242162 0.242207
1 0.295376
1 0.301684
1 0.657364
4 0.973481 0.973556
1 0.15941
4 0.219754 0.219818
1 0.951142
1 0.268404
2 0.545786 0.000472
0 0.137922 hlrbv
1 0.066072
4 0.606492 0.60654
1 0.424528
4 0.48023 0.480285
2 0.381958 0.000576
3 0.649902 30
4 0.560275 0.560299
1 0.345031
2 0.651392 0.000503
4 0.789314 0.7894
0 0.244484 lwywc
4 0.151968 0.151993
4 0.772849 0.772856
4 0.367211 0.367276
3 0.120984 17
0 0.948874 fwwdp
4 0.347582 0.34765
1 0.731768
3 0.288727 16
1 0.705719
1 0.318605
0 0.398704 nllla
2 0.915955 0.000239
3 0.029374 19
4 0.703069 0.703093
1 0.721796
3 0.467088 28
4 0.994979 0.995077
2 0.283706 6.7e-05
0 0.505777 gsygn
3 0.139765 32
4 0.711234 0.711321
3 0.403688 11
0 0.077719 txjnh
1 0.248909
4 0.78465 0.784709
3 0.584708 26
1 0.090485
2 0.287588 0.000169
2 0.611783 0.000124
4 0.388415 0.388434
4 0.597354 0.597358
4 0.835667 0.835678
0 0.77705 punib
0 0.137439 ubtsf
2 0.364106 5.8e-05
1 0.722275
2 0.201459 0.000752
2 0.106226 0.000123
3 0.219932 27
4 0.055599 0.05569
4 0.83265 0.832684
3 0.272879 14
2 0.47837 0.000153
2 0.282972 0.000264
1 0.4604
2 0.948683 0.000811
0 0.18731 bnkdx
0 0.369737 mkdlp
3 0.52695 40
1 0.79983
1 0.032718
2 0.699009 0.000377
1 0.885625
1 0.054276
4 0.425989 0.426076
4 0.129651 0.129654
0 0.424066 qgjzg
3 0.970301 19
1 0.453435
3 0.910357 1
4 0.943076 0.943131
0 0.835805 kcrbh
2 0.920947 0.0005
4 0.10045 0.100502
0 0.872933 wwhze
4 0.226759 0.226781
1 0.238029
1 0.944548
0 0.661815 jujae
1 0.552893
4 0.260606 0.260652
2 0.296458 0.00045
4 0.581211 0.581283
4 0.533633 0.53373
2 0.276073 0.000343
2 0.502833 6.6e-05
3 0.257214 9
1 0.339046
1 0.065638
2 0.949929 0.00042
4 0.143745 0.14381
3 0.920704 11
2 0.733514 0.000813
4 0.831077 0.831162
3 0.36471 35
1 0.157136
3 0.34795 21
1 0.065063
0 0.764755 kkura
1 0.646838
0 0.339709 ippdg
4 0.613681 0.613695
2 0.025466 0.000722
4 0.046053 0.046103
0 0.307632 hfmgg
4 0.176544 0.176589
3 0.517962 11
4 0.681153 0.681236
0 0.219009 jkgvc
2 0.087224 0.000492
1 0.426299
1 0.657781
4 0.578819 0.578832
0 0.134695 fqzxg
4 0.630548 0.630624
2 0.122929 0.000229
2 0.95502 0.000238
0 0.563875 fukdk
4 0.415752 0.415828
3 0.073533 26
2 0.555299 0.000128
4 0.839045 0.83909
3 0.173175 9
4 0.803723 0.803758
3 0.443004 14
0 0.398024 iaedo
4 0.947844 0.947937
1 0.879948
0 0.712939 srccq
2 0.38053 0.000621
3 0.553705 30
4 0.87378 0.873795
3 0.316784 31
0 0.231161 xcpnz
4 0.38575 0.385775
0 0.782051 fvbbr
0 0.993619 nkwqs
1 0.094899
2 0.286288 0.000127
1 0.68702
0 0.182034 jrlln
4 0.321114 0.321166
4 0.103165 0.103264
1 0.35505
2 0.70859 0.000772
1 0.118522
4 0.660653 0.660715
1 0.645326
2 0.716718 0.000967
1 0.667591
2 0.849821 0.000626
4 0.172669 0.172694
3 0.844796 4
2 0.593348 0.000336
2 0.535799 0.000207
2 0.028593 0.000797
1 0.515006
2 0.883285 0.000659
4 0.482266 0.482352
3 0.715336 5
2 0.899279 0.000292
0 0.265257 myvac
4 0.04217 0.04225
2 0.034257 0.000531
4 0.897746 0.89777
4 0.426007 0.426037
1 0.825644
2 0.068842 0.000262
3 0.454116 33
2 0.95523 7.7e-05
2 0.736839 0.000517
4 0.775874 0.77594
1 0.899866
1 0.086654
3 0.041546 35
0 0.939292 seqyi
1 0.136934
4 0.047911 0.047925
4 0.103861 0.10396
1 0.575443
3 0.153799 33
1 0.07504
4 0.418264 0.418325
2 0.425552 0.000615
3 0.467098 3
3 0.922743 13
4 0.804395 0.804402
1 0.028043
2 0.261607 0.000306
3 0.740317 18
3 0.430463 11
1 0.100614
1 0.204634
4 0.221108 0.221158
3 0.241835 3
3 0.956108 1
1 0.365813
1 0.579551
2 0.791743 0.000511
3 0.336139 3
1 0.928445
3 0.467148 13
1 0.413963
2 0.42771 0.000578
3 0.148696 34
1 0.287947
2 0.492119 0.00075
3 0.964579 3
1 0.330393
0 0.30148 ofnhx
1 0.912082
0 0.316461 qljfk
3 0.340475 46
1 0.063412
4 0.373388 0.373404
3 0.74249 6
3 0.143494 35
1 0.531846
0 0.268448 yohsx
1 0.189208
2 0.261363 0.000853
2 0.087261 0.000724
2 0.944088 0.000122
4 0.0075 0.007551
4 0.268169 0.268169
0 0.520325 erqmo
2 0.366501 0.000555
2 0.820201 8.3e-05
0 0.702334 rnqnl
1 0.640221
2 0.511399 0.000343
3 0.035252 46
2 0.303421 4.6e-05
2 0.823746 0.000678
3 0.834509 31
0 0.120836 mwavv
1 0.354472
3 0.309436 24
0 0.120006 lxzwf
3 0.981189 27
0 0.800962 juowk
4 0.723488 0.723577
3 0.555425 32
4 0.723915 0.723973
0 0.594739 edkeo
4 0.956829 0.956906
3 0.60901 10
4 0.747338 0.747418
1 0.187064
0 0.765652 tgdqg
1 0.789437
2 0.980217 0.000352
0 0.189475 daxyq
3 0.433857 45
0 0.759946 wtzor
2 0.137961 0.000203
1 0.132134
4 0.264096 0.26419
4 0.65078 0.650812
1 0.630997
4 0.442056 0.44208
3 0.81808 45
4 0.423096 0.423114
2 0.984941 0.000368
3 0.672148 30
0 0.106694 xovcl
1 0.146299
4 0.259288 0.259311
4 0.4537 0.453733
1 0.852942
3 0.860837 23
0 0.691571 eufer
3 0.783912 27
4 0.406958 0.407008
3 0.684318 30
1 0.577459
4 0.961967 0.962014
4 0.732351 0.73237
0 0.166436 hpaoa
2 0.404188 0.00083
1 0.876704
4 0.792022 0.792079
4 0.048299 0.048327
4 0.808701 0.808785
2 0.564783 0.000495
4 0.467164 0.467226
3 0.54032 15
3 0.50801 1
3 0.844995 48
0 0.369354 jevjm
1 0.776052
2 0.81399 0.000352
2 0.800512 0.000405
1 0.954999
1 0.455728
3 0.697705 42
2 0.238026 0.000707
2 0.262388 0.000661
2 0.107383 0.000609
2 0.99309 0.000511
2 0.013627 0.000189
2 0.280758 0.000593
1 0.611101
0 0.086413 cwzhf
3 0.086263 49
1 0.407312
2 0.725625 0.000731
1 0.237286
3 0.394451 47
2 0.387541 0.00011
1 0.91752
1 0.854118
1 0.391245
1 0.325732
2 0.9269 0.000697
0 0.644547 rkenp
0 0.146588 mctyg
4 0.92599 0.925994
1 0.829883
4 0.564423 0.564427
1 0.934893
0 0.092711 mmnty
1 0.863179
4 0.035692 0.035693
3 0.255483 44
3 0.016306 10
3 0.031492 16
4 0.473834 0.473854
1 0.303718
2 0.300016 0.000122
3 0.234909 9
1 0.526641
3 0.467221 23
1 0.037072
4 0.134977 0.135042
3 0.601435 0
2 0.730834 0.000906
4 0.620904 0.620955
0 0.764593 svqlz
2 0.753777 0.000145
4 0.783286 0.783299
2 0.633266 0.000334
3 0.557414 9
2 0.692392 0.000876
0 0.810179 ffrlo
2 0.936486 0.000594
3 0.819071 49
1 0.521727
4 0.259604 0.25966
1 0.32742
0 0.211301 cozlh
1 0.2752
0 0.429974 rffxt
1 0.965108
4 0.561024 0.561078
2 0.896447 0.000153
4 0.934526 0.93457
0 0.726383 azwty
1 0.785321
4 0.857519 0.857538
1 0.864791
4 0.177518 0.177609
0 0.361265 jouhm
0 0.073392 ibfgy
0 0.179116 zikxj
2 0.603817 0.000706
2 0.513237 0.000527
3 0.852631 46
1 0.453829
4 0.833211 0.833248
4 0.45497 0.45504
1 0.489528
4 0.213529 0.21359
4 0.489931 0.48996
2 0.808708 7.5e-05
4 0.157145 0.157158
1 0.313204
2 0.276948 0.000731
2 0.645931 0.000129
1 0.934759
3 0.507817 20
2 0.119211 0.000292
2 0.320349 0.000821
3 0.533878 34
0 0.023809 cvfei
2 0.232356 0.00075
1 0.901978
0 0.887654 jrgwd
1 0.380636
4 0.452463 0.452511
1 0.438168
2 0.019529 0.000328
3 0.223316 23
4 0.064832 0.0649
1 0.057423
1 0.81453
0 0.154656 lltgb
1 0.410243
2 0.907782 0.000524
4 0.442846 0.442886
2 0.233555 0.00086
1 0.769436
3 0.083696 2
2 0.494286 0.000936
2 0.286449 0.00036
3 0.100979 42
0 0.767432 fmpoa
0 0.232548 jkflh
3 0.992683 11
2 0.278471 0.0004
3 0.271224 14
1 0.361512
1 0.08019
2 0.211186 0.000169
1 0.588881
3 0.092319 37
3 0.361337 32
3 0.110237 14
4 0.719657 0.719697
3 0.722147 25
4 0.421554 0.4216
1 0.204658
2 0.086322 0.000399
0 0.07447 inznc
3 0.241065 47
3 0.54391 34
2 0.09489 0.000973
1 0.906529
0 0.722268 oxbgq
2 0.849437 0.000342
4 0.93576 0.935854
4 0.01023 0.010266
1 0.812239
2 0.954587 0.00013
4 0.230986 0.230994
4 0.35237 0.35239
4 0.100343 0.10044
1 0.084326
0 0.54647 zqfna
4 0.283187 0.283254
1 0.130281
4 0.180733 0.18075
0 0.992973 jvnps
1 0.318207
2 0.963131 0.000924
2 0.27558 0.000522
3 0.793946 42
1 0.818807
1 0.395551
0 0.619985 mtyrk
1 0.897688
0 0.964194 ofpdi
0 0.837797 eapuh
0 0.889306 hpfdc
1 0.587791
2 0.924654 0.000473
0 0.250025 yyfuh
4 0.421203 0.421279
1 0.682162
3 0.742308 45
2 0.061733 5.3e-05
4 0.867328 0.867388
1 0.738267
0 0.014713 fxchr
4 0.184438 0.18451
3 0.37137 37
2 0.5552 0.000658
2 0.382976 0.000169
4 0.453995 0.454017
4 0.565562 0.565637
3 0.43289 37
2 0.68751 0.000164
2 0.231015 0.000157
3 0.199742 4
0 0.38418 zheue
3 0.585576 19
1 0.830745
4 0.260648 0.260675
3 0.71635 39
3 0.13936 32
3 0.885802 44
4 0.163309 0.163318
2 0.076025 0.000351
3 0.08907 34
2 0.640618 0.000138
4 0.008125 0.008218
2 0.612794 2.5e-05
3 0.65314 25
2 0.992808 0.000727
3 0.763204 38
0 0.468687 ogoho
0 0.065929 vcfve
1 0.558218
4 0.836446 0.836458
2 0.965592 0.000189
2 0.135085 0.000214
4 0.127893 0.127935
2 0.407449 0.000382
0 0.392488 oobzi
2 0.477809 0.000158
3 0.14916 38
3 0.977481 6
3 0.330279 18
2 0.812224 0.000457
4 0.947309 0.947333
0 0.591554 tgubk
2 0.078676 0.000261
4 0.490557 0.490632
4 0.484718 0.484751
2 0.633879 0.000971
1 0.127712
4 0.400321 0.400413
0 0.554428 froho
2 0.841783 0.000903
1 0.840787
0 0.221056 vphok
4 0.228745 0.228756
4 0.710775 0.710817
2 0.109743 0.000555
1 0.510064
4 0.687183 0.687275
2 0.587393 0.000514
1 0.377978
3 0.242479 32
4 0.599619 0.599708
2 0.348251 0.000173
1 0.410254
1 0.651622
2 0.64603 0.000303
2 0.907872 0.000955
0 0.297427 uicqt
0 0.732667 xzmvo
0 0.240278 txshg
4 0.362149 0.362214
4 0.517501 0.517596
2 0.89998 0.000268
0 0.87585 hisxf
4 0.976223 0.976256
1 0.221417
1 0.288535
2 0.656863 0.000814
1 0.801284
2 0.780981 0.000231
3 0.659482 47
2 0.176984 0.000344
2 0.593316 0.000612
2 0.469167 1.2e-05
3 0.347303 38
3 0.80857 13
1 0.128776
0 0.460322 wstim
2 0.75728 0.000295
3 0.258448 28
2 0.133958 0.000114
2 0.63076 0.00043
1 0.448162
4 0.076323 0.07633
0 0.523413 zhzrj
4 0.234031 0.234098
4 0.867569 0.867614
1 0.302391
2 0.255592 0.000796
3 0.460722 49
3 0.842836 48
3 0.334618 11
2 0.295568 0.000485
4 0.120173 0.120223
4 0.753348 0.753425
3 0.453953 27
1 0.274473
1 0.950768
1 0.303787
3 0.789065 33
1 0.249787
4 0.511264 0.511339
4 0.031564 0.03161
1 2.6e-05
4 0.872583 0.87263
4 0.081833 0.081866
4 0.754163 0.754192
2 0.534302 0.000156
3 0.808775 2
2 0.342248 0.000691
0 0.131314 yhbyw
4 0.324945 0.324985
2 0.028043 1.8e-05
1 0.900626
0 0.146632 jdraq
3 0.303629 35
2 0.112404 0.000387
1 0.971004
0 0.276693 asrro
2 0.022553 6.7e-05
4 0.021632 0.021643
2 0.259873 8.9e-05
4 0.406505 0.406506
4 0.731228 0.731256
4 0.749341 0.749398
4 0.25352 0.253533
4 0.194533 0.194551
4 0.471226 0.471314
1 0.254379
2 0.396566 0.000608
2 0.780634 0.000477
4 0.709097 0.709113
4 0.538186 0.538206
1 0.38244
0 0.126259 qidhi
3 0.426491 37
2 0.943461 0.000179
0 0.079102 piktv
1 0.53788
0 0.617485 ilsnp
3 0.167603 17
0 0.163624 rqsky
0 0.482146 fitxs
0 0.946991 qduyr
0 0.344853 brrrf
3 0.295522 10
0 0.459146 tkwzs
1 0.54359
3 0.002505 15
4 0.561118 0.561186
2 0.850597 0.000114
3 0.061613 43
3 0.406466 46
0 0.873683 omtur
4 0.663236 0.663332
2 0.199237 0.000341
2 0.754935 0.000283
3 0.273792 49
4 0.83491 0.834929
2 0.201859 0.000585
2 0.779824 0.000478
0 0.702642 cqpiz
4 0.221432 0.221509
3 0.401021 23
0 0.11661 zkngu
4 0.581801 0.581888
4 0.12992 0.129926
0 0.052857 tjups
0 0.365839 ssvnj
4 0.080352 0.080367
0 0.570214 yiymt
2 0.393863 7.7e-05
0 0.406814 ktqpx
4 0.408543 0.408566
4 0.96371 0.963724
2 0.536219 0.000423
1 0.846513
0 0.40842 gxise
4 0.150631 0.150704
1 0.060846
0 0.123581 hhhoq
2 0.221896 0.00075
2 0.051785 0.00046
1 0.671629
4 0.288841 0.288886
0 0.262051 fidhx
0 0.855451 frtpm
1 0.633673
0 0.239758 cfncq
4 0.029344 0.02941
2 0.700974 0.000346
0 0.700671 xkfud
1 0.822151
2 0.867344 0.00067
2 0.897441 0.000683
3 0.453874 35
4 0.515371 0.515459
1 0.49293
4 0.516312 0.516386
1 0.116769
0 0.041359 naage
0 0.435201 iejca
1 0.842091
4 0.310981 0.311049
4 0.183017 0.183019
0 0.729157 nmjms
4 0.04091 0.040929
3 0.079682 43
0 0.786156 umnqk
3 0.80436 20
2 0.162804 0.000701
3 0.121424 40
2 0.403626 0.000103
1 0.295102
2 0.351815 0.000243
1 0.039331
3 0.678786 5
0 0.912129 qqaby
0 0.395206 dbofr
4 0.410898 0.410939
2 0.485053 0.000219
2 0.804716 0.000322
4 0.156531 0.156548
1 0.195863
0 0.628329 ouolu
1 0.693487
0 0.370997 ammxx
4 0.128355 0.12838
0 0.928077 tmonk
1 0.21233
2 0.591274 0.000193
2 0.219603 0.000615
4 0.276413 0.276482
2 0.060462 0.000208
0 0.947811 cmzby
2 0.388135 0.000875
2 0.832565 0.000605
3 0.443171 3
4 0.601254 0.601287
3 0.70888 28
1 0.444835
3 0.383925 49
0 0.345435 lkdlx
0 0.988695 pvdgz
3 0.237614 4
1 0.680785
3 0.679067 42
1 0.750431
4 0.89787 0.897969
0 0.815115 anedo
3 0.97346 48
2 0.607181 4.5e-05
4 0.608803 0.608847
3 0.195301 17
2 0.134107 0.000605
4 0.931965 0.93199
3 0.833909 8
3 0.248131 7
0 0.579598 fdhfn
4 0.268359 0.268424
3 0.87554 10
4 0.484344 0.48435
2 0.195997 0.000573
1 0.330104
0 0.110543 hlerw
1 0.376814
4 0.272336 0.272348
0 0.524627 seixf
4 0.939363 0.939424
1 0.496294
2 0.325927 0.000172
4 0.3975 0.397565
0 0.835383 tpygk
1 0.697651
1 0.74668
0 0.879046 shrji
3 0.977024 23
3 0.539885 45
2 0.619794 0.000122
1 0.8957
0 0.772779 ahfcy
4 0.431962 0.431968
3 0.354596 39
3 0.749994 31
2 0.201837 0.000837
4 0.452065 0.452126
3 0.67436 46
3 0.876598 42
2 0.436711 0.000592
2 0.20949 0.000654
2 0.82183 0.000501
3 0.922066 14
4 0.719954 0.719966
0 0.520534 kdyvg
3 0.366661 17
3 0.453631 8
1 0.006357
1 0.870683
1 0.539688
0 0.953955 cshfm
3 0.521812 28
0 0.865348 gfrdf
0 0.91404 prhej
2 0.104692 0.000768
0 0.491727 pijdj
0 0.498833 dpkuh
0 0.534987 tpgkk
1 0.446167
1 0.074825
1 0.268397
1 0.579366
2 0.472004 0.000306
4 0.919425 0.919512
2 0.320802 0.000798
0 0.335987 ixodf
1 0.746252
2 0.118232 0.000609
4 0.086209 0.086301
4 0.683885 0.683903
0 0.468635 qvfjc
3 0.235036 11
3 0.555838 10
3 0.891826 35
4 0.948624 0.948624
4 0.361917 0.36197
3 0.480149 14
0 0.566358 kmqlq
3 0.216783 42
2 0.532394 0.000664
0 0.283782 llxvl
1 0.144725
3 0.712775 25
4 0.074692 0.07477
2 0.071194 0.000392
4 0.637552 0.637603
3 0.9205 27
0 0.188435 dgxpu
0 0.824391 vcqhq
0 0.595893 oruwc
1 0.436072
0 0.274893 rkgjc
4 0.633129 0.63315
1 0.511668
3 0.451643 21
0 0.276034 fwaks
0 0.459919 panzj
0 0.917112 svgmk
1 0.591544
3 0.34419 17
0 0.372211 qyygw
3 0.288096 26
2 0.555665 0.000843
1 0.625148
0 0.561823 xjtlc
4 0.926531 0.926611
4 0.637592 0.637669
2 0.498135 0.000294
2 0.870346 0.000784
2 0.83078 0.000205
0 0.687721 ennjv
4 0.715467 0.715493
2 0.338008 0.000774
0 0.877661 reurl
2 0.733105 0.000683
2 0.032751 0.000673
0 0.968536 jsxky
4 0.587441 0.5875
3 0.667418 30
3 0.471496 22
1 0.85527
4 0.287554 0.28762
1 0.608098
4 0.640529 0.640564
4 0.829565 0.829624
0 0.637238 tmauz
0 0.966107 kzuyo
3 0.277824 10
2 0.687717 0.000333
2 0.491623 0.000899
0 0.099722 vmbqf
1 0.392898
0 0.135702 sioxp
4 0.874046 0.874112
4 0.11269 0.11277
0 0.390514 vzaxa
2 0.446226 0.000882
1 0.941471
2 0.884591 0.000167
4 0.638464 0.63853
1 0.774166
0 0.266083 yfjzt
1 0.180015
4 0.539303 0.539333
3 0.903946 20
4 0.037921 0.037982
2 0.454009 0.000255
1 0.483147
1 0.811139
1 0.945662
2 0.697954 0.000829
2 0.964038 0.000982
2 0.528395 0.000933
1 0.617119
3 0.878725 22
1 0.885556
3 0.800351 22
2 0.228664 0.000296
0 0.62786 osxxq
1 0.366413
1 0.3514
2 0.185125 0.00079
1 0.492965
1 0.775861
3 0.493657 9
4 0.650079 0.650171
2 0.2268 0.000595
4 0.841442 0.841502
1 0.456584
0 0.909235 nerln
3 0.372463 28
2 0.557589 0.00082
3 0.050554 6
4 0.838632 0.838695
1 0.021788
0 0.120835 hrxdw
1 0.990922
3 0.066163 7
0 0.664642 chkqq
0 0.741885 rpkcb
0 0.776863 knqks
1 0.438486
0 0.117095 pwfez
1 0.583419
2 0.754669 0.000691
2 0.713914 0.000427
4 0.455799 0.455803
0 0.333605 lbjtz
1 0.272555
2 0.952737 0.000411
0 0.421534 tquvl
2 0.493107 0.000792
0 0.764128 qnysg
1 0.434368
1 0.267447
3 0.178029 40
4 0.660644 0.660707
4 0.383203 0.383204
3 0.544249 35
2 0.732822 0.000362
2 0.961843 0.000739
4 0.290636 0.290702
2 0.160472 0.000111
4 0.868735 0.868762
3 0.819455 35
2 0.434511 0.000914
2 0.490765 0.00091
2 0.819575 0.000466
0 0.859148 snkyt
1 0.203732
4 0.924416 0.924484
1 0.534015
0 0.395109 xeckd
3 0.964774 46
4 0.677048 0.67706
1 0.015685
4 0.286667 0.286743
4 0.795734 0.795788
3 0.037623 44
4 0.241356 0.241381
2 0.252076 0.000471
0 0.423269 ygjuc
2 0.060393 0.00043
1 0.833332
3 0.466543 34
3 0.619834 3
1 0.148625
3 0.180145 48
1 0.550791
4 0.065619 0.065636
2 0.317696 0.00044
2 0.740965 0.000373
1 0.720514
3 0.621482 48
2 0.741912 0.000329
1 0.53939
4 0.841057 0.841062
0 0.315611 tejhl
4 0.411838 0.411841
4 0.904455 0.904517
2 0.003247 0.000624
4 0.07062 0.070622
3 0.313714 34
3 0.133553 48
3 0.303076 38
4 0.660486 0.660581
0 0.45391 gjdqn
4 0.426354 0.426354
1 0.787316
4 0.478683 0.478775
3 0.065656 46
3 0.895722 30
2 0.545627 0.000278
2 0.848703 0.000568
1 0.509189
0 0.959008 zqiuy
0 0.150257 pkfzu
1 0.454455
3 0.556981 13
4 0.33308 0.333165
4 0.021694 0.021706
4 0.864153 0.864221
2 0.084681 0.000409
2 0.04369 0.0004
4 0.250214 0.250304
2 0.649989 0.000699
1 0.508822
4 0.718253 0.718324
0 0.172709 cdugi
0 0.386324 opzou
2 0.340199 0.000504
1 0.383889
4 0.723923 0.723978
1 0.998772
1 0.447046
4 0.825618 0.825625
4 0.980589 0.980653
0 0.948705 zziru
4 0.553585 0.553614
4 0.325455 0.325479
3 0.665654 28
1 0.565895
2 0.636156 0.00035
3 0.634929 46
1 0.892535
4 0.926683 0.926777
0 0.715347 kgmcp
1 0.488267
3 0.256408 48
4 0.098215 0.098287
4 0.280221 0.280273
2 0.846116 0.000636
4 0.078818 0.078885
3 0.111964 43
0 0.48708 jyhsh
1 0.833776
3 0.194073 49
2 0.787983 0.00036
1 0.628904
0 0.450145 bkqfo
1 0.181002
4 0.934753 0.9348
0 0.585897 enmvt
2 0.393595 0.000574
1 0.7187
4 0.892682 0.892755
3 0.202042 44
4 0.609618 0.609709
0 0.813767 qikmf
1 0.825481
2 0.266869 0.000378
1 0.027702
1 0.405089
4 0.613761 0.613797
3 0.969844 37
0 0.862526 gqjta
4 0.148847 0.148941
1 0.654689
2 0.38469 0.000417
4 0.894159 0.894257
3 0.161028 29
4 0.705082 0.705117
4 0.369106 0.369154
2 0.882057 0.000392
4 0.438007 0.438026
1 0.341292
3 0.636594 16
4 0.785442 0.785505
0 0.956483 uqovd
3 0.530503 14
2 0.682465 0.000996
0 0.239516 qordv
0 0.544223 xnfaj
3 0.596294 5
1 0.757331
3 0.945664 8
0 0.220694 mhbal
1 0.649856
3 0.705882 11
1 0.817486
0 0.373954 hotam
3 0.064097 48
4 0.524252 0.524299
0 0.457242 ljqyx
3 0.202158 38
1 0.668525
4 0.453573 0.453628
2 0.708245 0.000182
4 0.575863 0.575943
0 0.4816 nivzt
0 0.688045 lvmuv
2 0.772396 0.00085
0 0.900884 kdzyj
1 0.735641
2 0.382419 0.000422
3 0.441351 33
3 0.877549 44
0 0.313695 tksyn
0 0.839999 mklbg
2 0.539339 0.000897
1 0.236858
4 0.040449 0.040548
3 0.422868 24
1 0.86422
2 0.669064 0.000769
3 0.111187 16
4 0.139611 0.139671
4 0.695228 0.695288
3 0.702874 29
1 0.878722
0 0.695368 xjfyj
0 0.143771 rjftm
4 0.44831 0.448402
4 0.075849 0.075909
0 0.21546 tcfce
0 0.993561 jpqyx
1 0.835634
1 0.637996
1 0.258094
3 0.213267 41
4 0.49409 0.494185
1 0.516682
1 0.431655
2 0.304821 0.000467
4 0.289078 0.289086
1 0.326675
4 0.097707 0.097715
4 0.153198 0.153259
0 0.207811 wdfyn
1 0.339683
0 0.365202 ccion
0 0.526954 tuhik
0 0.759657 xjfxp
0 0.12635 otnlo
3 0.286849 27
4 0.652051 0.652104
1 0.889411
3 0.766302 28
2 0.393854 0.000613
1 0.826836
3 0.186852 43
2 0.809179 0.000862
0 0.068352 pbycq
2 0.948013 0.000527
4 0.994941 0.995019
2 0.908346 0.000901
1 0.204911
3 0.300274 28
4 0.240239 0.240306
2 0.119547 0.000571
0 0.174974 ookwc
4 0.35579 0.355855
2 0.720269 0.000731
1 0.371598
4 0.699959 0.700042
0 0.435213 pfcrv
3 0.990045 30
0 0.109592 ijfkf
0 0.523557 lolex
4 0.404567 0.404609
4 0.547591 0.547645
2 0.115313 0.000467
1 0.371594
0 0.394587 rqgla
1 0.164442
3 0.327847 47
2 0.813405 0.000455
3 0.586911 4
2 0.746224 0.000475
4 0.830167 0.830214
3 0.130421 49
1 0.38224
3 0.581768 27
2 0.270778 0.000945
1 0.967866
3 0.667334 10
3 0.511534 8
0 0.324939 yjsvp
2 0.211347 6.4e-05
1 0.667094
2 0.651367 0.000795
1 0.549959
0 0.348866 ursmu
2 0.460921 0.000497
3 0.229574 31
3 0.729917 22
3 0.45369 17
3 0.747303 16
2 0.268249 0.00011
2 0.435968 0.000258
0 0.985927 vhybs
2 0.050807 0.000731
4 0.842656 0.842662
0 0.146039 sbhmj
3 0.251507 2
1 0.012875
2 0.362791 0.000986
4 0.798759 0.798855
1 0.301039
1 0.816324
0 0.154481 nqxmb
0 0.683235 wbipp
1 0.35722
1 0.161675
2 0.926478 0.00055
4 0.805621 0.805657
0 0.120732 wpbqa
1 0.702802
0 0.638131 pzyqh
3 0.182726 15
4 0.667424 0.667455
4 0.499361 0.499367
3 0.425839 7
0 0.23146 jaiqz
1 0.673703
1 0.636192
0 0.200137 kuzlt
3 0.456855 14
3 0.848464 38
2 0.113645 0.000849
3 0.123301 40
2 0.208966 0.0005
0 0.268788 nzhwn
1 0.107905
0 0.82672 lzxzf
1 0.389216
3 0.122634 33
4 0.936913 0.936943
0 0.216947 uhtqb
1 0.01779
3 0.295603 9
1 0.336628
2 0.882184 0.000511
2 0.780765 0.00099
3 0.713126 10
1 0.618694
0 0.851401 fwspt
3 0.780441 13
2 0.529443 0.000931
3 0.547233 47
4 0.034242 0.034317
2 0.664187 0.000959
0 0.604499 kcnkc
1 0.858897
0 0.268294 selng
1 0.31788
4 0.335233 0.335256
2 0.504174 0.000556
4 0.968718 0.968768
2 0.286242 0.000337
1 0.874278
4 0.655961 0.656017
1 0.412515
1 0.835209
4 0.159181 0.159237
1 0.341988
2 0.073179 0.000594
0 0.391059 zowdh
0 0.134469 exmnh
3 0.354149 21
1 0.338157
4 0.779811 0.779814
4 0.567576 0.567661
0 0.619669 ncwcj
0 0.418487 frxcs
2 0.959538 0.00043
0 0.43941 ymlqy
2 0.752275 0.00017
0 0.988824 bbzpg
2 0.006319 0.000407
4 0.606579 0.606673
0 0.477926 bjndm
3 0.183706 45
0 0.097417 rojvn
0 0.635546 atkzr
1 0.427734
4 0.272198 0.272213
3 0.115444 1
1 0.444146
3 0.552254 29
3 0.682247 36
1 0.696505
3 0.762038 46
3 0.853164 13
4 0.48871 0.488767
4 0.789618 0.78965
4 0.453884 0.453902
2 0.454334 0.000183
4 0.695885 0.69596
0 0.671633 cbwkx
4 0.731586 0.731607
4 0.276932 0.276933
3 0.423396 25
1 0.676153
2 0.102684 0.000137
1 0.256094
0 0.111399 ezcvf
2 0.27336 5.9e-05
1 0.233092
0 0.981372 zduvw
0 0.085234 jmeqq
4 0.161275 0.161355
0 0.933721 lhujk
4 0.922456 0.922539
4 0.354867 0.354941
1 0.644747
1 0.244748
2 0.597704 3.3e-05
3 0.103946 19
2 0.033585 0.000533
0 0.639376 nydye
2 0.024827 0.000539
3 0.872101 23
4 0.345536 0.345603
2 0.765262 0.000455
1 0.650008
0 0.064378 wwwso
3 0.417947 43
0 0.573676 rmpem
4 0.615254 0.615318
2 0.003707 0.00034
4 0.349243 0.34925
3 0.114505 15
4 0.280865 0.280887
0 0.561281 wnxpr
1 0.937068
3 0.937267 8
2 0.218304 0.000785
2 0.819838 0.000391
4 0.452602 0.4527
4 0.039053 0.039094
3 0.417706 48
0 0.266013 gkapl
3 0.050691 21
4 0.930634 0.930675
4 0.867901 0.867953
2 0.602557 0.000289
1 0.938747
0 0.9445 nzqwg
0 0.364462 dafop
0 0.250484 oixyl
2 0.149088 0.000201
0 0.793592 smxtk
3 0.085337 22
3 0.653075 28
4 0.566107 0.566147
0 0.231 boznf
4 0.460284 0.46037
0 0.307161 xeive
2 0.198237 6e-05
0 0.388309 jqszh
0 0.108882 zmbuq
2 0.17918 0.000713
1 0.041329
4 0.82429 0.824366
0 0.155138 gpyms
1 0.938304
4 0.721301 0.72133
3 0.207385 46
3 0.705295 30
3 0.612197 0
0 0.074918 polow
0 0.484988 deyrm
1 0.746417
1 0.624224
1 0.169437
2 0.666351 0.000755
2 0.538349 0.000271
4 0.035581 0.03562
1 0.978231
4 0.494376 0.494454
2 0.397007 0.000376
0 0.62034 xcrrc
2 0.023427 0.000799
0 0.647652 vnthe
4 0.854276 0.854282
3 0.889858 45
2 0.384441 0.000556
3 0.814471 20
3 0.905199 16
0 0.480915 dnohp
4 0.820154 0.820222
1 0.953378
2 0.942775 0.000306
2 0.037919 0.000582
3 0.940324 42
0 0.4534 tqtha
0 0.134632 gqeqj
1 0.480521
4 0.610467 0.610508
2 0.080197 0.000641
2 0.349503 0.000523
3 0.473086 14
0 0.51923 vruor
2 0.414362 0.000786
4 0.548994 0.549049
1 0.934952
4 0.336938 0.337003
3 0.450462 34
1 0.997231
2 0.668507 0.000424
2 0.521383 0.000887
3 0.315447 29
4 0.734448 0.734456
0 0.856296 fukid
4 0.025711 0.025738
4 0.812263 0.81228
4 0.079336 0.079367
4 0.673554 0.673616
3 0.858414 36
0 0.379797 klkou
1 0.301665
4 0.318692 0.318775
4 0.105702 0.105741
4 0.441707 0.441757
3 0.229016 13
0 0.257942 kylfb
1 0.604422
2 0.563677 0.000219
0 0.479035 zrrex
1 0.493256
3 0.561212 10
4 0.739067 0.739084
2 0.689852 0.000385
0 0.234155 nxonm
4 0.16788 0.167941
4 0.247909 0.247941
1 0.243296
4 0.778349 0.778392
2 0.418437 0.000776
0 0.929655 uejpf
4 0.114612 0.114648
1 0.348767
3 0.065537 8
1 0.175276
2 0.095033 0.000437
1 0.859294
4 0.901395 0.901485
3 0.196096 35
3 0.614533 12
3 0.060541 3
4 0.656558 0.656621
0 0.067087 lbbnd
1 0.916603
4 0.009707 0.009754
3 0.415497 11
4 0.036018 0.036024
2 0.583439 0.000102
2 0.232322 0.000636
1 0.992275
4 0.143371 0.143433
2 0.876334 4.7e-05
1 0.240262
2 0.364419 0.000309
3 0.715202 14
2 0.241262 0.000111
2 0.656759 0.000722
2 0.692777 8e-05
4 0.276216 0.276299
3 0.02489 21
2 0.533518 0.0007
3 0.02848 39
0 0.325879 xklcb
4 0.625639 0.625686
3 0.866901 8
1 0.52366
3 0.122225 39
3 0.219556 8
3 0.496841 48
4 0.092943 0.093009
1 0.832417
1 0.19251
4 0.438125 0.438152
3 0.982328 12
1 0.311892
3 0.504485 18
4 0.821295 0.821374
1 0.744828
1 0.914305
4 0.518664 0.518679
2 0.015505 0.000264
4 0.108449 0.108479
2 0.457218 0.000629
0 0.454499 xbobw
0 0.983679 esftk
3 0.399666 1
4 0.453613 0.453663
4 0.025741 0.025797
3 0.456707 7
1 0.646045
2 0.133967 0.000245
1 0.823425
4 0.857328 0.85734
1 0.44202
2 0.54331 0.000845
1 0.761461
2 0.62867 0.000479
0 0.074756 zzrdv
0 0.103098 rtmmq
0 0.24986 jtlbx
3 0.601329 37
0 0.616174 chdmv
1 0.684107
1 0.731935
4 0.779806 0.779904
1 0.882905
2 0.433605 0.000693
2 0.669756 0.000449
0 0.455385 zdmss
3 0.065013 2
4 0.529342 0.529373
0 0.138693 eyivz
2 0.793509 0.000997
0 0.192766 qgdwm
0 0.021195 uyjok
1 0.293722
3 0.926071 23
2 0.508954 0.000368
2 0.553345 0.000631
4 0.567047 0.567077
3 0.876908 27
4 0.586026 0.586119
2 0.712838 0.000191
3 0.44245 39
0 0.267045 tblpq
0 0.395308 rrqji
2 0.525018 0.000327
1 0.558848
3 0.417915 25
4 0.520293 0.520313
1 0.233131
2 0.961189 0.000934
3 0.166812 29
1 0.933781
1 0.291408
1 0.811696
3 0.762842 27
0 0.096229 ghozy
3 0.328232 13
1 0.295451
1 0.050696
2 0.82634 0.00046
4 0.018274 0.018337
3 0.993605 37
4 0.142951 0.143046
2 0.470999 0.000964
4 0.511778 0.511824
1 0.421658
1 0.665061
2 0.245584 0.000861
0 0.802147 qwptv
0 0.999846 egifg
4 0.206781 0.20681
4 0.358818 0.358898
0 0.790049 jkwru
0 0.091586 goulh
4 0.234585 0.234645
2 0.456281 5.9e-05
1 0.212602
1 0.471381
1 0.77487
4 0.88811 0.888176
4 0.284691 0.28477
1 0.709401
3 0.209948 18
0 0.741576 wcdig
4 0.879033 0.879116
2 0.861303 0.000516
1 0.250764
4 0.081032 0.08113
2 0.372254 1.2e-05
2 0.85502 4.9e-05
0 0.963999 jbdlr
1 0.379363
1 0.866594
1 0.241425
4 0.434968 0.435026
0 0.03672 xkdwp
0 0.987376 pewdt
4 0.002139 0.002232
1 0.244398
4 0.505064 0.505139
1 0.884427
3 0.090907 6
3 0.902504 24
4 0.377336 0.37738
2 0.453593 0.000335
2 0.187694 6.3e-05
3 0.525567 4
4 0.71846 0.718505
1 0.391705
2 0.933199 0.00014
3 0.459275 3
0 0.430735 ruzje
0 0.933904 osxod
3 0.408818 25
1 0.934385
4 0.675078 0.675124
0 0.363879 nrspf
0 0.397496 eozfe
2 0.820627 0.000731
4 0.270621 0.270626
3 0.975393 17
1 0.384212
3 0.272484 47
4 0.947562 0.947657
4 0.311441 0.311488
0 0.124872 sbflg
2 0.848448 0.000276
1 0.456577
0 0.353867 eglap
2 0.730302 0.000834
2 0.519139 0.000431
2 0.983053 0.000227
3 0.294495 26
4 0.935719 0.935735
0 0.366 ftzxp
1 0.615285
2 0.883431 0.000896
0 0.435156 jlodr
3 0.858628 3
0 0.841682 fsblm
0 0.860276 xmyyn
4 0.643024 0.643111
4 0.527363 0.527381
3 0.76193 26
3 0.805768 26
4 0.559439 0.559455
3 0.857894 16
2 0.672576 0.000882
1 0.568536
3 0.964541 15
0 0.951493 zcdfj
1 0.840417
2 0.837726 0.000842
4 0.172552 0.172554
2 0.62993 0.000851
2 0.473047 0.000581
1 0.648965
3 0.251895 49
4 0.336783 0.336796
2 0.281948 0.000463
1 0.397649
1 0.34449
2 0.013877 0.000546
1 0.091811
2 0.081853 0.000676
1 0.648307
3 0.955458 8
2 0.428505 0.00074
1 0.593823
3 0.129946 22
0 0.983081 ejiph
3 0.005409 10
0 0.019287 pswak
1 0.666708
0 0.136435 xaxvl
0 0.677199 iouue
1 0.382408
2 0.541964 0.000928
0 0.547374 jtfhh
3 0.476732 25
0 0.14344 cendh
1 0.939489
0 0.042535 dyfti
1 0.044294
2 0.146935 0.000223
0 0.210661 trgiy
0 0.998445 vcgqu
4 0.165048 0.165101
0 0.104538 esuxw
2 0.107441 0.000205
2 0.502411 0.000493
0 0.833096 drcmi
2 0.828023 0.000997
4 0.134455 0.13449
1 0.879616
4 0.890586 0.890607
2 0.511476 0.000142
0 0.066692 pzbbe
4 0.383854 0.38393
1 0.21695
2 0.528002 0.000776
0 0.750553 vamci
0 0.480428 oxuoj
1 0.369029
1 0.453197
3 0.265682 24
3 0.327226 29
1 0.187094
4 0.019966 0.020014
3 0.259733 2
4 0.327524 0.327576
4 0.562473 0.562563
2 0.677039 0.000964
3 0.257574 10
1 0.142955
1 0.555837
1 0.886471
4 0.31046 0.310535
3 0.235141 8
2 0.860421 0.000524
3 0.889181 8
0 0.457955 rvpvg
0 0.506646 dfwlf
4 0.243516 0.24358
2 0.64634 0.000883
3 0.185815 33
4 0.845725 0.845803
2 0.00925 0.000871
0 0.94886 hlwsq
3 0.483059 20
2 0.911964 0.000396
4 0.77413 0.774153
1 0.533998
2 0.063973 0.000338
2 0.116651 0.000505
1 0.920823
1 0.821734
2 0.253833 0.000957
3 0.202693 25
0 0.935039 dpopk
4 0.829668 0.829767
1 0.603798
2 0.785577 0.000796
4 0.365902 0.365937
4 0.998906 0.998946
0 0.919729 lkycd
3 0.418101 10
1 0.35314
4 0.033852 0.033937
3 0.618807 31
1 0.990807
2 0.027324 0.000729
1 0.681472
1 0.096434
4 0.686375 0.686467
0 0.483667 enrtn
3 0.811715 33
0 0.770486 gpiqu
2 0.996092 0.000428
1 0.941047
4 0.545738 0.545768
2 0.445381 0.000716
1 0.131756
3 0.445488 25
1 0.123664
0 0.045803 qrkwc
3 0.993759 34
3 0.541422 37
2 0.537515 0.000817
4 0.994914 0.994936
2 0.699196 0.000499
3 0.499913 37
1 0.428673
1 0.654906
0 0.080892 egmui
3 0.274368 38
3 0.793502 38
0 0.876891 idfot
3 0.766835 35
2 0.15821 0.00085
1 0.681341
3 0.737097 49
0 0.817989 qjtkd
0 0.258323 hikqe
4 0.30754 0.30761
0 0.644733 phtni
4 0.320997 0.321066
1 0.508873
3 0.620072 5
0 0.911102 emdfw
3 0.918637 36
3 0.805591 34
4 0.629483 0.629489
0 0.274217 mukum
0 0.518613 zpkkp
4 0.630327 0.630392
4 0.158769 0.158843
3 0.063117 9
2 0.247854 0.000674
4 0.22429 0.224349
4 0.492196 0.49227
1 0.095312
4 0.702337 0.702365
2 0.474255 0.000542
1 0.453546
1 0.68946
1 0.01783
0 0.82572 rrxkf
3 0.520275 38
2 0.744565 0.000797
2 0.753113 0.000323
0 0.848425 ucglj
0 0.015595 nogsr
2 0.549415 0.000931
3 0.824119 20
4 0.766883 0.766952
4 0.648321 0.648339
1 0.70047
2 0.404254 0.000793
3 0.769032 22
0 0.426738 uaadq
2 0.244428 0.000514
1 0.665357
2 0.877813 0.000886
1 0.292735
2 0.905636 0.000556
2 0.070309 0.000127
0 0.770779 stusx
2 0.035334 0.000282
1 0.911233
2 0.133263 0.000358
4 0.377692 0.377716
3 0.043049 6
1 0.822287
0 0.402128 qrxyh
2 0.234144 0.000337
3 0.361656 12
0 0.2582 zmetl
1 0.997658
0 0.904153 sbnna
4 0.273391 0.273429
2 0.261218 0.000534
2 0.288457 9.2e-05
1 0.038953
0 0.399345 pmuci
3 0.756645 45
3 0.622803 3
3 0.526956 5
3 0.662689 9
3 0.391463 2
1 0.522366
0 0.741367 ylwzd
2 0.230754 0.000696
1 0.244764
2 0.421439 0.000477
4 0.755986 0.756014
2 0.088192 0.000721
1 0.312099
1 0.747305
3 0.005029 21
2 0.790862 0.000839
2 0.048582 0.000144
3 0.794394 1
3 0.847988 5
4 0.799274 0.799345
3 0.737065 1
4 0.493051 0.49308
2 0.581243 0.000102
0 0.893343 vspij
1 0.520237
2 0.47745 0.000819
4 0.153364 0.153429
0 0.915364 xnyyh
1 0.296596
4 0.403675 0.403722
0 0.290394 xqdmf
4 0.177391 0.177424
2 0.509709 0.00037
2 0.503512 0.000541
1 0.656876
3 0.421943 42
3 0.802253 4
4 0.467987 0.468007
0 0.360621 bcdua
2 0.315772 0.000671
3 0.328846 14
3 0.232033 26
4 0.751877 0.751965
2 0.83417 0.000216
1 0.256114
3 0.549789 19
2 0.073684 0.000706
3 0.894174 28
1 0.020664
2 0.709771 0.000749
1 0.025543
0 0.773346 jzdbr
0 0.371004 jzvnf
1 0.966027
0 0.55236 betov
4 0.144057 0.144094
1 0.370181
4 0.403544 0.40362
4 0.17689 0.176908
3 0.454111 11
2 0.772949 0.000964
0 0.494476 durhn
0 0.038754 ovwhu
0 0.999354 hoxlk
0 0.475902 xkxpx
0 0.427462 rbwil
3 0.511831 49
0 0.066937 dmkpp
2 0.904762 0.000359
0 0.123808 qtjsb
3 0.249818 14
0 0.326779 mtjlu
4 0.008527 0.008598
3 0.492469 11
1 0.62866
3 0.342461 1
0 0.247223 izhqw
4 0.765258 0.765328
0 0.531428 bvlqb
3 0.061484 13
2 0.586363 0.000985
2 0.078832 0.000298
0 0.707492 dmhkf
0 0.34021 ydkel
2 0.228764 0.000329
4 0.521667 0.521755
4 0.13614 0.136193
4 0.592454 0.592531
2 0.918791 0.000911
0 0.182089 eikuw
0 0.169666 kqzyj
0 0.746664 sldbv
1 0.155871
1 0.038039
2 0.444502 0.000369
1 0.363293
0 0.139386 jqzzg
1 0.735706
4 0.266856 0.266924
0 0.104972 cuzzx
4 0.372466 0.372544
0 0.044689 rbgcg
2 0.056622 0.000961
1 0.634709
3 0.624704 15
4 0.713087 0.713161
3 0.979943 42
1 0.084916
4 0.884399 0.884404
4 0.597973 0.598012
2 0.511103 0.00016
1 0.759929
2 0.614949 0.00061
3 0.806051 35
4 0.169244 0.169338
0 0.3103 ipnfx
1 0.571478
0 0.604599 gncfr
0 0.233735 hjyrf
2 0.998859 0.000584
1 0.541444
1 0.005285
0 0.562306 npbwc
1 0.375008
0 0.815794 obxzx
2 0.167559 0.000106
1 0.992166
1 0.032822
1 0.285784
4 0.307182 0.307207
0 0.099233 nyrpw
3 0.330726 10
2 0.222086 0.000978
1 0.201694
3 0.720603 7
3 0.454857 18
1 0.942079
0 0.791148 lfyjp
4 0.16147 0.161519
1 0.518743
0 0.833972 fcuxa
1 0.521406
4 0.621182 0.621261
4 0.892692 0.892767
2 0.33176 0.000476
3 0.762995 26
1 0.429828
0 0.510438 nxuho
1 0.244585
0 0.700919 tfnny
1 0.73388
1 0.775037
2 0.163678 0.000512
4 0.01179 0.011831
2 0.774786 0.000669
0 0.720966 ifmmy
4 0.450592 0.450683
2 0.999857 0.000862
3 0.746524 12
0 0.453834 oofeb
0 0.040645 oqjps
2 0.887591 0.000214
2 0.528753 0.000514
1 0.196065
3 0.140544 12
1 0.438407
0 0.34584 mzcij
4 0.151046 0.151134
0 0.629616 jzlto
1 0.675207
0 0.76173 xnmgo
0 0.045717 psyhb
0 0.094205 ncrgs
2 0.461801 0.000449
3 0.126818 33
1 0.442107
4 0.416608 0.416648
4 0.77818 0.778258
1 0.683353
1 0.305931
3 0.954446 4
4 0.927218 0.927235
2 0.021423 0.000301
1 0.253374
0 0.526964 bpgde
2 0.13404 0.00065
3 0.067001 40
2 0.845181 2e-05
0 0.044887 srwex
4 0.240118 0.240128
1 0.777893
3 0.02139 18
0 0.064706 dzeak
1 0.932414
0 0.477619 nchen
4 0.405835 0.405901
3 0.696145 16
2 0.748707 0.000636
4 0.493965 0.493994
3 0.031707 49
3 0.096414 33
2 0.084886 0.000609
1 0.256158
3 0.685856 27
0 0.346649 uvioo
0 0.140776 konax
0 0.277096 qffss
4 0.305501 0.305586
1 0.912462
2 0.262614 0.000485
0 0.512743 lzkdl
0 0.195939 eirpg
1 0.515381
1 0.774237
4 0.283341 0.283434
1 0.88542
2 0.026319 0.000105
3 0.938781 49
4 0.390618 0.39062
0 0.381245 trfmf
2 0.802167 0.00039
0 0.013313 iocbq
0 0.124641 fwpix
1 0.682474
0 0.52442 dbkvz
3 0.640995 42
4 0.998602 0.998698
1 0.603344
2 0.980281 0.000382
1 0.025328
4 0.909917 0.909992
3 0.027659 39
1 0.182715
3 0.702312 39
0 0.743085 edfba
4 0.368438 0.368438
3 0.883392 47
1 0.003088
4 0.06394 0.064011
0 0.60562 qrrbj
0 0.361975 uddqb
4 0.539217 0.539294
1 0.783013
1 0.946025
3 0.462236 16
1 0.024785
4 0.070636 0.07068
1 0.943107
1 0.332286
0 0.478678 ldcuo
4 0.056831 0.056896
4 0.919833 0.919874
3 0.18711 29
1 0.069046
0 0.029365 vgppn
4 0.823565 0.823581
4 0.241693 0.241695
4 0.720371 0.720407
4 0.80361 0.803617
0 0.453304 fkppt
4 0.81339 0.813459
0 0.611797 sfclo
1 0.529152
3 0.279989 11
3 0.862792 37
2 0.67778 0.000312
2 0.778088 0.000314
3 0.935226 33
0 0.52855 dbuwr
1 0.308032
2 0.088284 0.000304
3 0.05782 28
1 0.883625
2 0.817994 0.000475
1 0.676482
2 0.663692 0.000794
1 0.958132
0 0.210541 mckto
1 0.763596
4 0.646922 0.646935
3 0.418 47
0 0.55068 iebhd
1 0.968321
4 0.70699 0.707061
3 0.470784 4
2 0.988244 0.000146
2 0.394837 0.000154
3 0.200627 35
1 0.186301
3 0.780384 10
0 0.823433 uceqv
3 0.676884 12
2 0.25276 0.000952
0 0.492328 zicpg
0 0.710521 tzqmw
2 0.028047 0.000226
4 0.867659 0.867718
1 0.257952
4 0.866213 0.866219
4 0.543097 0.543117
3 0.795858 22
3 0.804538 12
3 0.010919 46
0 0.857414 cricb
2 0.712971 2.3e-05
3 0.355837 33
0 0.618778 djxtr
4 0.020465 0.020549
4 0.338489 0.338558
2 0.467601 0.000104
3 0.912397 37
2 0.584066 0.000271
3 0.683235 47
1 0.912559
3 0.522691 46
1 0.038758
0 0.872645 lrmkl
0 0.738223 xmukg
4 0.590204 0.590298
3 0.636079 12
1 0.480589
2 0.540759 0.000577
3 0.307382 21
0 0.99804 qjfev
0 0.32991 oincc
4 0.100718 0.100793
3 0.690923 19
1 0.843354
1 0.69663
3 0.19978 39
3 0.099391 23
4 0.267398 0.267413
0 0.32258 opkmw
1 0.503261
1 0.858267
4 0.386621 0.386706
4 0.136851 0.136911
0 0.00297 mcuea
1 0.097135
1 0.030816
4 0.122189 0.12222
4 0.961121 0.961156
3 0.260106 14
1 0.452102
0 0.684505 upqct
4 0.951967 0.952034
1 0.477934
0 0.459603 bbkru
4 0.69896 0.69898
0 0.118166 ailwy
1 0.025802
1 0.475636
4 0.806489 0.806555
1 0.044421
2 0.10655 0.00054
4 0.584484 0.584511
4 0.42868 0.428695
3 0.370011 44
2 0.585323 0.000414
0 0.453174 gwcxv
3 0.684417 30
2 0.490907 0.000896
0 0.05168 bljeo
3 0.072301 39
3 0.057704 3
4 0.019572 0.0196
4 0.080587 0.080605
4 0.325984 0.326014
3 0.62233 24
1 0.306748
0 0.310595 hvhtf
2 0.52626 0.000294
1 0.350409
1 0.297888
4 0.434652 0.434693
4 0.454224 0.454293
0 0.051163 xqyio
0 0.057594 hedav
0 0.068759 djbgd
2 0.960702 0.000799
0 0.174327 kovyj
3 0.474839 42
4 0.884691 0.884755
1 0.916874
0 0.357908 xsfyi
4 0.992775 0.9928
0 0.603068 ulfri
3 0.016779 31
1 0.440455
3 0.167134 46
0 0.120755 tewzw
0 0.005368 yqier
3 0.425108 14
2 0.937636 0.000329
3 0.984964 31
1 0.001743
2 0.619494 0.00055
2 0.30298 0.000196
2 0.423735 0.000886
1 0.964152
0 0.398263 lfidz
4 0.711659 0.71169
4 0.719473 0.719566
2 0.146154 0.000478
1 0.430286
1 0.001566
0 0.173555 qhvuw
2 0.605903 0.000184
1 0.578354
4 0.792307 0.792384
0 0.74162 hlqis
0 0.013542 komkn
1 0.645903
0 0.417988 dmxmd
0 0.59494 cqgap
3 0.487283 8
4 0.58877 0.58881
4 0.734775 0.734873
1 0.89564
0 0.553554 ketsx
1 0.308251
4 0.626851 0.626939
2 0.487053 0.00058
1 0.244382
1 0.408699
3 0.893101 32
3 0.23419 2
4 0.600181 0.600209
4 0.463363 0.463383
4 0.016917 0.017014
4 0.814904 0.814933
1 0.547232
3 0.10601 34
3 0.986444 37
3 0.906287 21
4 0.314986 0.315027
2 0.210969 0.00022
4 0.695721 0.695812
1 0.431601
0 0.242319 unuhm
4 0.624701 0.624784
2 0.839386 0.000646
3 0.351359 42
2 0.271912 0.00073
4 0.807043 0.807059
0 0.235275 mvbld
0 0.709712 chugy
3 0.156363 13
1 0.664999
0 0.020597 rxsfj
0 0.420817 cfsxb
1 0.082786
1 0.103682
0 0.358649 pvnfb
4 0.659091 0.659143
2 0.356654 0.000751
4 0.893603 0.893651
4 0.781911 0.781947
3 0.458483 5
2 0.454057 0.000648
0 0.811463 rvnmo
2 0.063559 0.000662
1 0.821948
3 0.522917 2
2 0.395924 0.000804
1 0.805879
4 0.931572 0.931663
2 0.224138 0.000626
3 0.880687 27
4 0.577335 0.577352
4 0.873121 0.873174
2 0.556173 0.000738
4 0.619732 0.619733
0 0.958032 gzeyb
0 0.611945 nuwxp
3 0.002215 37
0 0.539644 xhfwx
2 0.789487 0.000676
0 0.020034 msyky
1 0.992877
0 0.261262 yywab
3 0.170204 18
0 0.226243 tdulf
3 0.923249 40
2 0.610925 0.000345
1 0.951038
4 0.752738 0.75282
0 0.484434 zvlzt
4 0.698847 0.698867
4 0.385403 0.385491
0 0.611647 bffgc
1 0.25475
4 0.567379 0.567407
2 0.20571 6.6e-05
1 0.958448
3 0.206971 35
0 0.70254 sfbxy
2 0.556854 0.000144
3 0.588531 41
2 0.231068 6.2e-05
3 0.738877 46
1 0.424127
0 0.309644 cbsxk
0 0.271348 zngcp
2 0.056706 0.000956
2 0.129912 0.0001
0 0.718444 wfmnl
4 0.317153 0.317213
3 0.36738 4
4 0.623318 0.623384
1 0.354056
4 0.388371 0.3884
1 0.878611
0 0.376067 kspkd
2 0.442773 0.000404
2 0.126804 0.000268
4 0.967348 0.967358
0 0.735509 hvdzs
2 0.878548 0.000691
3 0.26692 22
4 0.145531 0.145593
3 0.737282 10
3 0.35374 23
2 0.796513 0.000179
4 0.439669 0.439717
1 0.407018
0 0.285676 jclmx
4 0.58778 0.587846
0 0.165193 ljydc
3 0.168552 20
2 0.522292 0.000693
4 0.835158 0.83523
1 0.791179
2 0.954892 0.000549
4 0.75692 0.756948
0 0.471913 afomh
2 0.664003 0.0007
2 0.499461 0.000322
4 0.930306 0.930332
1 0.48321
3 0.247434 0
3 0.781659 3
3 0.356683 45
2 0.052518 0.000965
3 0.610745 30
2 0.309241 0.000125
4 0.510204 0.510296
2 0.513256 4e-06
0 0.947578 lpkdr
0 0.284003 noczl
0 0.835259 ldwsh
0 0.73783 kyusq
1 0.483719
0 0.960426 swhbj
0 0.271833 xuwgq
1 0.682796
3 0.606581 16
0 0.561196 ewgmd
4 0.772102 0.77216
0 0.453256 nsdrj
4 0.972861 0.972927
4 0.311558 0.311564
0 0.613117 bphjw
4 0.802039 0.802138
1 0.617417
4 0.14137 0.141424
3 0.97448 24
4 0.45857 0.458595
4 0.751468 0.75152
2 0.406094 0.000913
3 0.673748 21
1 0.6855
0 0.940314 qpzwn
4 0.073018 0.073069
3 0.650009 23
2 0.999102 5.4e-05
4 0.153073 0.153149
4 0.026867 0.026963
1 0.700346
0 0.40434 vldqz
1 0.175357
4 0.005036 0.005102
1 0.993002
2 0.479281 0.000205
1 0.12929
4 0.15711 0.157155
0 0.627659 iccnq
0 0.041384 gxacg
4 0.438386 0.43841
3 0.03063 10
4 0.436894 0.436956
4 0.916175 0.916243
2 0.045466 0.000499
2 0.690211 3.6e-05
2 0.004381 0.000549
1 0.345419
4 0.609168 0.609172
2 0.347321 0.000532
2 0.697989 0.000951
3 0.966113 29
0 0.755625 rzttr
4 0.167443 0.167458
3 0.538106 28
4 0.536428 0.536487
1 0.328136
4 0.670155 0.670159
0 0.821919 cygpp
1 0.497783
1 0.444947
3 0.510478 18
3 0.46437 17
4 0.631813 0.631897
3 0.169919 12
4 0.222699 0.222773
0 0.550835 dsaub
4 0.240659 0.240725
0 0.996281 eygxj
2 0.194605 0.000232
2 0.254274 0.000991
1 0.624859
1 0.537267
3 0.996678 17
2 0.66219 0.000802
2 0.997858 0.000294
4 0.671798 0.671814
0 0.061964 grfyu
3 0.413863 35
3 0.326447 17
4 0.399791 0.399856
3 0.530604 33
2 0.527282 0.0007
1 0.705825
4 0.807206 0.807289
4 0.185702 0.185735
2 0.804858 0.000797
3 0.936646 49
4 0.829121 0.82921
0 0.960056 epzfk
1 0.490382
2 0.798724 0.000236
1 0.329776
2 0.579626 0.00063
3 0.799662 31
1 0.691495
3 0.899756 43
3 0.352754 42
0 0.181875 jjnez
2 0.58747 0.000332
0 0.077852 oeouf
0 0.590927 rwvnk
4 0.395218 0.395297
4 0.352192 0.352226
3 0.435922 11
1 0.576624
0 0.552423 uxiih
3 0.545576 30
4 0.556877 0.556911
4 0.664156 0.664224
4 0.571097 0.571135
1 0.453523
2 0.413263 0.000549
1 0.789836
3 0.972045 43
2 0.84159 0.000366
2 0.195944 0.000612
3 0.579098 11
1 0.82248
0 0.922075 lifzs
0 0.052673 ftiar
1 0.587464
0 0.965754 ttnkv
0 0.113395 kkxzj
2 0.251604 0.000937
1 0.981527
1 0.338078
0 0.022201 nxdsn
1 0.137416
3 0.717262 22
4 0.517222 0.517249
1 0.623253
2 0.187238 0.000545
3 0.912436 49
2 0.460113 0.000856
4 0.263657 0.26374
2 0.118087 0.000428
4 0.02519 0.025199
1 0.414675
0 0.568778 yncqj
1 0.616744
3 0.45922 16
3 0.118117 6
4 0.960016 0.960026
0 0.569872 psycc
1 0.41288
1 0.538145
2 0.948688 0.000968
2 0.017131 0.00032
1 0.221448
2 0.066902 0.000544
0 0.042474 idfla
3 0.040479 7
2 0.894381 0.000441
0 0.274848 gzkrk
2 0.312613 0.000294
4 0.846096 0.846111
2 0.583896 0.000327
0 0.93844 dkzxz
2 0.717378 0.000903
3 0.196788 37
0 0.550581 vfujo
1 0.159683
1 0.573385
3 0.279492 31
3 0.970115 28
0 0.243992 nvrdu
3 0.326945 24
1 0.742299
4 0.020981 0.021067
0 0.742509 xcobh
3 0.27779 48
1 0.073635
1 0.775176
0 0.491261 tyicv
0 0.401592 spwhs
2 0.639302 0.00019
2 0.898163 0.000511
4 0.570381 0.570428
2 0.434987 0.00099
2 0.96757 0.000625
0 0.742747 ndydb
4 0.84461 0.844626
3 0.279038 19
1 0.89736
3 0.046438 14
3 0.064166 28
1 0.799787
1 0.487626
4 0.472898 0.472914
3 0.440469 43
3 0.183216 20
2 0.078116 0.000493
0 0.051012 scxpj
2 0.823206 0.000974
1 0.87622
4 0.385864 0.385962
3 0.185651 10
4 0.66702 0.66708
2 0.414725 2.9e-05
0 0.367593 mlxbz
3 0.123726 25
2 0.065579 0.000969
3 0.824486 25
4 0.146184 0.146232
0 0.532048 kuhgu
1 0.020369
1 0.315796
0 0.892483 vtuiu
2 0.241242 0.000491
3 0.173775 20
4 0.453723 0.45373
1 0.091741
0 0.848771 yzkbs
1 0.275265
0 0.140783 npqdt
1 0.105544
1 0.431363
2 0.348542 0.000573
4 0.469613 0.469666
1 0.931522
2 0.095597 0.000615
4 0.944368 0.944425
2 0.564508 0.000951
3 0.955015 16
3 0.61215 31
1 0.161768
4 0.095448 0.095449
0 0.388499 mkuwf
2 0.803495 0.000964
4 0.981307 0.981368
1 0.342926
0 0.390254 rvdih
0 0.884115 zuwix
1 0.304881
3 0.102226 48
2 0.35562 8.9e-05
3 0.078627 36
2 0.249508 0.000244
1 0.960004
2 0.208808 0.00061
0 0.68395 cegvv
4 0.908751 0.908759
4 0.960698 0.960732
3 0.927383 12
1 0.639241
2 0.741272 0.000889
1 0.718209
3 0.758771 5
4 0.718776 0.718855
2 0.101738 0.000405
0 0.445258 taymw
3 0.091462 19
2 0.031548 0.000454
0 0.073861 dengp
2 0.339471 0.000423
0 0.532276 dovew
2 0.511184 0.000305
4 0.412134 0.412141
3 0.502203 11
2 0.018172 0.000565
3 0.813978 2
1 0.661264
3 0.029963 26
2 0.01102 0.000997
0 0.783553 wwdgb
3 0.386997 10
3 0.785081 44
3 0.080972 47
1 0.984676
2 0.826551 0.000281
0 0.368555 ytagb
1 0.035435
1 0.888468
3 0.049666 0
0 0.811951 kgycq
1 0.624732
2 0.097705 0.00078
3 0.598734 2
1 0.035015
4 0.860541 0.860556
1 0.834782
3 0.035465 23
3 0.414507 43
4 0.980525 0.980619
4 0.792476 0.792548
2 0.991424 0.000409
1 0.491806
1 0.788335
1 0.224273
0 0.704597 ucpqf
0 0.879005 dfmiy
4 0.818102 0.818131
2 0.488796 0.000333
3 0.853021 46
3 0.395782 34
1 0.563275
2 0.240129 0.000549
2 0.944727 0.000526
1 0.200692
0 0.096351 omfbe
4 0.155957 0.156028
1 0.427487
3 0.395095 20
2 0.248116 6.8e-05
2 0.643898 0.000555
3 0.207173 27
4 0.511074 0.511095
1 0.062601
2 0.495488 6.3e-05
0 0.981612 qdsep
4 0.453169 0.453212
1 0.691098
0 0.612185 vwxgi
2 0.822989 0.000668
1 0.334064
4 0.342665 0.342682
4 0.354505 0.354585
4 0.336118 0.336181
2 0.110464 0.000136
1 0.040768
1 0.487009
3 0.120604 9
4 0.732789 0.732814
0 0.320648 uvpmd
3 0.922895 15
3 0.352264 29
4 0.512696 0.512717
2 0.95166 0.000723
3 0.680148 31
2 0.005429 0.000443
2 0.126033 0.000902
1 0.375174
3 0.209346 22
4 0.186952 0.187021
2 0.487578 0.000233
4 0.772546 0.772607
3 0.476877 45
0 0.648298 qmbcn
3 0.480857 0
3 0.679309 35
0 0.400693 mytmm
4 0.800754 0.800808
4 0.064987 0.065041
0 0.7382 chowr
2 0.551501 0.000722
2 0.402822 0.000177
1 0.259572
0 0.585038 wvxhh
2 0.235854 0.00051
3 0.036608 14
0 0.617947 zchbk
0 0.398517 qkvze
3 0.750915 41
2 0.93799 0.000481
4 0.520217 0.520281
1 0.025525
3 0.821752 37
2 0.85836 0.000404
2 0.992659 0.000774
4 0.865158 0.865172
2 0.879854 0.000184
3 0.089401 5
1 0.207467
3 0.798256 10
0 0.252598 fxvhl
0 0.624994 uplyz
2 0.650062 0.000963
1 0.515221
2 0.871363 7.5e-05
1 0.853966
3 0.794016 9
0 0.103764 jvtwb
3 0.790385 5
2 0.62143 0.000251
2 0.749214 0.000454
0 0.544403 jfmov
3 0.848155 16
2 0.218473 0.000596
3 0.636133 41
0 0.3684 wryth
3 0.988656 9
0 0.778907 cojtp
1 0.009388
2 0.744167 0.000729
3 0.592322 45
0 0.810796 qvvol
1 0.595434
2 0.201299 0.000185
0 0.377654 citnv
3 0.610813 3
4 0.894541 0.894584
2 0.155061 0.000773
0 0.747383 tazdo
2 0.601701 0.000206
1 0.713487
0 0.603497 usaex
3 0.791615 34
3 0.91878 39
3 0.329674 33
0 0.484735 nwkki
2 0.077644 0.000284
1 0.679345
2 0.779364 0.000833
4 0.382862 0.38292
2 0.880366 0.000724
4 0.069661 0.069752
0 0.0141 ckujo
0 0.204233 dgzok
0 0.253993 uicsl
3 0.664064 2
3 0.453334 8
0 0.29783 vbgkl
0 0.143823 uhagx
0 0.532349 fkwlx
3 0.034352 34
3 0.214769 36
2 0.10753 0.000657
2 0.253493 0.000839
3 0.815491 21
4 0.152014 0.152057
2 0.342947 0.000515
1 0.698948
1 0.359271
4 0.804088 0.804176
2 0.37604 0.000482
0 0.926745 byevq
1 0.433313
1 0.018889
2 0.643037 0.000732
0 0.209668 vhoko
3 0.060993 26
4 0.808643 0.808707
0 0.858987 zgijv
4 0.44282 0.442823
4 0.724568 0.724637
2 0.25981 0.000821
4 0.610542 0.610641
4 0.113289 0.113356
2 0.475334 0.000355
0 0.05268 lolqh
2 0.134757 0.000958
3 0.436063 7
4 0.878883 0.878895
0 0.119803 qzbdh
1 0.216654
4 0.619797 0.61987
1 0.095131
3 0.260513 13
2 0.335595 0.000838
2 0.733374 0.000852
1 0.700684
2 0.111484 0.000341
2 0.506719 0.000706
2 0.626522 0.000387
0 0.006136 guckw
1 0.091574
4 0.743924 0.743978
2 0.408088 1.8e-05
3 0.966278 32
4 0.761131 0.761134
4 0.970713 0.9708
2 0.138027 0.000306
0 0.68265 fvrhv
4 0.772313 0.772373
2 0.904754 0.000334
1 0.648678
0 0.756859 dfolw
3 0.81688 47
4 0.303945 0.303981
4 0.441973 0.442068
4 0.640975 0.641051
4 0.231272 0.231317
4 0.204644 0.204702
4 0.325881 0.325893
0 0.634673 iruxs
0 0.87251 nnyjm
2 0.840239 0.000576
2 0.244934 0.00021
2 0.903162 0.000762
2 0.304707 0.000121
1 0.994917
2 0.387137 0.000881
4 0.538162 0.538238
3 0.446046 39
2 0.927156 0.000851
1 0.531234
3 0.812564 49
2 0.652803 0.000577
0 0.41409 qruup
2 0.549374 0.000852
4 0.111318 0.11136
3 0.716067 4
4 0.533266 0.533269
3 0.976225 11
4 0.758938 0.758983
4 0.571502 0.571548
1 0.740657
3 0.213401 47
3 0.610386 0
4 0.380334 0.380346
4 0.695187 0.69528
2 0.913529 0.000356
2 0.186385 4.7e-05
0 0.905288 ykmiz
2 0.87603 1.2e-05
4 0.317787 0.317856
2 0.04754 0.000417
0 0.657926 ofdxz
0 0.079326 uwtxf
2 0.256515 0.000707
0 0.453925 pbsrc
0 0.058238 meaix
2 0.761169 0.000197
0 0.580602 zfeaz
2 0.752751 0.000569
0 0.525619 ilggi
3 0.971844 31
4 0.084996 0.085065
2 0.054716 0.0008
2 0.018719 0.000857
3 0.020268 27
2 0.652004 0.000349
3 0.134235 4
2 0.403338 0.000773
2 0.445309 0.000402
1 0.222368
4 0.915474 0.91555
3 0.101905 47
0 0.346575 fcdwi
4 0.283228 0.283266
3 0.170407 42
2 0.233867 0.000629
1 0.084995
2 0.378141 0.000224
2 0.370895 0.000366
2 0.669685 0.00084
0 0.45667 kcqcz
1 0.503399
4 0.71712 0.717203
4 0.199158 0.199256
1 0.849552
0 0.171634 oblct
0 0.48813 twlzp
4 0.988075 0.988088
1 0.316727
2 0.657051 0.00043
4 0.62483 0.624881
4 0.908541 0.90855
3 0.846307 12
0 0.534293 mccwz
2 0.347778 0.000607
2 0.724257 1.2e-05
3 0.477461 39
3 0.69244 18
2 0.865843 0.000949
1 0.490673
0 0.963691 pdejm
4 0.812519 0.81259
0 0.636145 nafht
2 0.636007 0.000527
2 0.629821 0.000966
2 0.322261 0.000484
4 0.188104 0.188189
1 0.195129
0 0.081587 qyvzv
2 0.717791 0.000993
3 0.353937 13
3 0.043266 13
1 0.908703
0 0.442565 wrffh
3 0.204749 10
3 0.322645 41
1 0.920584
3 0.76899 37
1 0.413012
4 0.561852 0.561858
4 0.915789 0.91586
0 0.475408 jmnho
4 0.9496 0.94962
3 0.361756 40
2 0.478369 0.000546
4 0.306462 0.306499
3 0.245251 27
0 0.605664 axsdn
0 0.05502 pdyav
0 0.961618 vfefm
1 0.11331
2 0.891877 0.000455
0 0.362566 stjmv
1 0.081712
0 0.668986 swesy
2 0.831215 0.000452
2 0.792833 0.000864
2 0.503123 2.7e-05
0 0.748806 ulrvy
1 0.00068
1 0.121846
3 0.083098 33
0 0.15924 uvhyp
0 0.079248 imsjv
2 0.214387 0.000363
0 0.479546 buvhj
3 0.928879 9
4 0.751864 0.751873
4 0.656562 0.656563
2 0.52504 0.000946
4 0.095904 0.095966
2 0.014335 0.000733
3 0.725599 19
2 0.456338 0.000433
2 0.453652 0.000392
1 0.224685
0 0.728649 tecgy
2 0.078342 0.000345
4 0.603382 0.603425
0 0.215638 jjdbp
4 0.79906 0.799062
0 0.477845 bmyns
2 0.846602 0.000318
3 0.337488 1
3 0.980632 48
1 0.484329
4 0.28879 0.288862
2 0.020781 0.00023
2 0.767106 0.000573
2 0.755383 0.000633
1 0.199998
1 0.48113
4 0.297163 0.29722
2 0.812532 0.000959
0 0.481465 qdkgt
3 0.104112 21
4 0.820437 0.82045
0 0.632019 nsswo
2 0.105072 0.000701
0 0.586203 jmgph
1 0.298555
4 0.91667 0.916712
0 0.536454 mpwzq
0 0.309868 yzwec
1 0.116708
0 0.621999 cbkks
4 0.909031 0.909074
0 0.723938 npgfi
3 0.379668 32
1 0.890843
2 0.582585 0.000231
1 0.577735
3 0.792836 12
2 0.719436 0.000661
4 0.608149 0.608164
2 0.239785 0.000329
0 0.943228 uronm
1 0.190487
4 0.54354 0.543559
2 0.950735 0.000658
2 0.985318 0.000824
3 0.497907 13
2 0.643556 0.000801
0 0.744615 jhdam
4 0.665316 0.665381
4 0.381612 0.381702
2 0.545484 0.000777
1 0.605376
3 0.748564 13
2 0.804208 0.000781
1 0.437588
3 0.513844 30
4 0.871646 0.871683
1 0.353948
2 0.22955 0.000684
3 0.448996 2
0 0.842488 vydam
4 0.306528 0.306572
3 0.378991 3
3 0.436773 34
2 0.508813 3.1e-05
4 0.22441 0.224439
2 0.684621 0.000977
4 0.430524 0.430537
0 0.87952 quqqf
4 0.104834 0.10484
0 0.411363 gjyaa
1 0.535791
0 0.768645 gjjpk
3 0.313533 40
2 0.336546 0.000955
0 0.617264 pmstu
2 0.578016 0.000479
2 0.15597 0.000641
1 0.516927
0 0.652737 ehcnv
4 0.160097 0.160135
3 0.989982 29
0 0.326528 vmwzq
2 0.686047 0.000432
2 0.780415 0.000264
1 0.936386
0 0.635032 biwln
4 0.84863 0.848649
1 0.525079
3 0.797464 11
2 0.063186 0.000941
3 0.349334 36
0 0.894267 gnfhi
2 0.246286 0.00026
3 0.39767 26
2 0.201792 0.000662
2 0.427297 0.000292
2 0.099943 0.000723
0 0.45395 zpcds
4 0.056289 0.056387
1 0.136748
0 0.771908 uzivr
1 0.078161
0 0.134009 jgiqg
3 0.766544 26
2 0.477328 0.00053
4 0.062406 0.062414
1 0.981922
4 0.680539 0.68061
3 0.836841 29
1 0.348811
2 0.865656 0.000353
3 0.943818 20
4 0.360346 0.360419
2 0.931166 0.000734
2 0.69771 0.000163
4 0.691391 0.691484
4 0.753797 0.75385
0 0.252072 rjdlr
4 0.642074 0.64215
1 0.50773
4 0.633196 0.633196
2 0.788251 0.000246
0 0.537315 wrlrb
4 0.164866 0.164936
3 0.435016 23
0 0.687088 mfxvw
2 0.730753 0.00025
3 0.754836 31
4 0.722736 0.722769
2 0.567335 0.00026
0 0.826748 kqtys
2 0.10592 8e-05
3 0.608796 15
1 0.126174
1 0.308729
1 0.3198
1 0.978311
2 0.926946 0.000147
1 0.41715
1 0.443471
0 0.539571 tmdvs
4 0.662408 0.662427
1 0.284681
4 0.097146 0.097223
2 0.200692 3e-06
3 0.025773 9
1 0.579359
1 0.86065
0 0.49502 waymg
2 0.698192 0.000255
3 0.64675 0
0 0.309158 mlbhr
3 0.327292 24
2 0.756387 0.000398
3 0.021635 7
1 0.882286
0 0.096479 pmbrk
0 0.773926 qwoji
4 0.326923 0.327019
0 0.779946 xaelm
3 0.94325 8
3 0.14836 15
1 0.376127
4 0.057526 0.057528
1 0.13326
0 0.636948 zpebb
1 0.123106
0 0.111224 vcgrp
2 0.837363 0.000337
4 0.609371 0.609374
4 0.982838 0.982892
3 0.452784 30
0 0.486466 icqfb
0 0.158151 nwith
2 0.043733 0.000438
2 0.096092 0.000447
0 0.044782 ggdle
1 0.949776
1 0.786424
4 0.099914 0.099931
1 0.739681
1 0.534071
1 0.116204
4 0.52257 0.522632
3 0.163556 11
1 0.182346
3 0.771354 43
0 0.332488 azfst
1 0.018306
2 0.09234 0.000235
4 0.252809 0.252872
0 0.210862 wfzbc
1 0.828579
2 0.948143 0.000841
3 0.870143 47
3 0.327894 35
4 0.447118 0.447178
4 0.453394 0.453396
3 0.282569 39
2 0.05173 0.000104
2 0.262593 0.000591
1 0.58966
2 0.804227 0.000893
1 0.248799
3 0.103062 19
2 0.410961 0.000132
3 0.534996 48
1 0.419308
2 0.699902 0.000537
1 0.803892
1 0.076337
2 0.460188 0.000442
1 0.722781
3 0.705462 43
0 0.509689 xlgub
4 0.184959 0.184983
3 0.710737 21
2 0.199985 0.000281
1 0.899887
3 0.619283 30
1 0.211972
4 0.908465 0.908479
0 0.631246 jwkyh
4 0.500075 0.500137
1 0.048738
1 0.840466
4 0.108165 0.10822
2 0.090957 0.000541
4 0.413295 0.413323
2 0.032578 0.00056
4 0.760903 0.760977
1 0.442317
2 0.026479 0.000117
0 0.002871 fuunb
4 0.83546 0.835487
2 0.360175 0.000144
2 0.895862 0.000453
0 0.861831 obxow
2 0.581582 0.000595
3 0.023899 37
2 0.223368 0.000559
1 0.993664
0 0.450273 hvysk
1 0.976022
2 0.244596 0.000236
2 0.779671 0.00042
0 0.998527 fiozf
3 0.77075 43
0 0.546849 flwtx
4 0.686664 0.686761
3 0.302511 32
2 0.794885 0.000211
0 0.183121 lsrlr
4 0.413635 0.413676
1 0.046277
4 0.924516 0.924538
4 0.471366 0.471401
0 0.797186 yrgyt
3 0.576292 28
2 0.371177 0.000142
2 0.07065 0.000337
0 0.536544 uzavh
2 0.612178 0.00088
0 0.864052 uprnw
2 0.289198 0.000352
1 0.699744
0 0.916673 dqkgs
0 0.630858 xjpvo
2 0.850636 0.00058
2 0.530868 0.000748
4 0.449615 0.449644
2 0.068968 1e-06
4 0.874518 0.874572
3 0.090614 21
3 0.274289 46
3 0.631809 19
0 0.262667 ztfch
0 0.240781 qwboi
3 0.197961 18
2 0.730963 0.000165
0 0.402317 jceub
3 0.022506 22
3 0.977123 40
3 0.859489 33
3 0.887841 48
1 0.368773
3 0.386843 5
0 0.640811 udmbg
1 0.446398
3 0.965626 41
4 0.560689 0.560768
2 0.787561 0.000389
1 0.793453
3 0.737695 36
1 0.141888
2 0.604503 0.000661
2 0.507698 0.000466
2 0.453751 0.000668
0 0.950314 uyvka
1 0.11445
0 0.202235 qevyq
0 0.147786 qdktq
3 0.291587 46
1 0.467639
1 0.365091
4 0.038968 0.039026
0 0.861486 ebsez
2 0.259466 0.000668
0 0.190443 oxpxb
2 0.404923 0.000885
2 0.721611 0.000472
4 0.18047 0.180534
2 0.061913 0.000475
0 0.893671 stgan
0 0.234109 viuqb
1 0.28936
1 0.325138
3 0.86603 13
3 0.022497 25
3 0.440813 47
2 0.753135 0.00076
4 0.104425 0.104457
0 0.833553 ayzco
0 0.942548 rtljw
3 0.052803 13
3 0.299216 18
3 0.783593 46
1 0.44844
0 0.667077 tzekr
3 0.087263 47
1 0.074619
4 0.021364 0.021431
1 0.802847
0 0.350426 kbfpm
3 0.544675 12
3 0.157824 5
4 0.003716 0.003748
2 0.253828 0.000639
4 0.238447 0.238494
2 0.682547 0.00047
2 0.820236 0.000834
1 0.95935
3 0.320531 28
2 0.526835 6.2e-05
1 0.183769
0 0.613614 vaedt
1 0.134323
3 0.061687 12
2 0.300134 0.000361
2 0.982681 0.000183
1 0.31927
0 0.583777 bspvw
3 0.399514 19
2 0.396726 0.000383
2 0.912682 0.000173
0 0.912173 dbkhu
1 0.694853
0 0.9844 kvngd
1 0.340833
1 0.906492
2 0.761236 0.000692
2 0.385006 0.000309
0 0.138741 mvbmz
4 0.464869 0.464961
0 0.182548 yflvc
0 0.370054 iqndv
4 0.227146 0.227147
1 0.13765
4 0.216082 0.216162
2 0.260895 0.000145
4 0.206751 0.206786
0 0.187972 axmet
3 0.065432 32
3 0.435487 6
3 0.807724 14
3 0.602806 10
4 0.284579 0.284589
0 0.500662 wmpmd
2 0.145823 0.000916
4 0.743302 0.743311
2 0.340733 0.000477
0 0.406166 mfjrh
1 0.232984
4 0.284887 0.284931
0 0.085819 ewrpr
2 0.378042 0.000106
0 0.040217 unzpe
4 0.865612 0.865635
2 0.229324 0.000676
2 0.653241 0.000822
1 0.886225
4 0.9208 0.920822
4 0.006619 0.0067
2 0.109452 0.000283
2 0.006547 0.000677
3 0.388302 44
2 0.991745 0.000765
1 0.453535
0 0.114073 khvyi
3 0.171884 13
2 0.092685 0.000485
2 0.099304 0.000318
1 0.208757
3 0.771425 4
0 0.914575 bzzmo
0 0.331805 mfmox
2 0.537826 5.8e-05
3 0.709711 22
0 0.802396 pakyb
1 0.184583
0 0.874817 bsxbe
0 0.32238 totgy
1 0.159191
3 0.765424 1
1 0.475135
3 0.216559 33
0 0.180313 affvs
3 0.746267 14
1 0.257394
0 0.086788 osqvl
3 0.849841 28
4 0.348391 0.348445
2 0.426845 0.00089
3 0.643404 25
3 0.823717 13
0 0.35587 goazz
2 0.195876 0.000697
0 0.14151 iuebe
0 0.631748 jeogs
4 0.842979 0.842996
0 0.401987 yxkzl
4 0.050193 0.050221
1 0.68933
2 0.03883 0.000607
2 0.363868 0.000315
1 0.470286
2 0.552176 0.000386
4 0.341244 0.341333
0 0.557158 kntxh
2 0.628139 0.000572
2 0.905637 0.000913
2 0.605266 0.000695
3 0.533475 27
2 0.603194 0.000746
4 0.231045 0.231129
2 0.299573 0.000771
3 0.157169 10
3 0.714327 45
4 0.647155 0.647156
4 0.779369 0.779409
3 0.466841 27
1 0.720859
0 0.026893 ocxub
4 0.797193 0.797206
3 0.051295 36
4 0.627633 0.627689
1 0.915213
0 0.455682 mxjqa
0 0.817956 yqqul
3 0.973575 22
1 0.061794
4 0.02104 0.021127
4 0.994293 0.994327
3 0.02467 19
1 0.136706
4 0.400386 0.400426
3 0.193629 25
1 0.766241
2 0.648529 4.6e-05
2 0.476683 6.3e-05
2 0.848083 0.00099
1 0.818254
1 0.132772
4 0.558475 0.558552
0 0.985109 oreqw
4 0.772409 0.77247
2 0.966038 0.000388
0 0.248631 mweon
0 0.210809 gcklz
0 0.327584 kfwmf
3 0.671293 37
2 0.745558 0.000596
0 0.095372 rueef
1 0.148
3 0.410276 45
4 0.080312 0.080397
2 0.568602 0.000509
2 0.412538 0.00026
1 0.122767
3 0.160132 5
2 0.201319 0.000112
2 0.014915 8.4e-05
4 0.827254 0.827299
4 0.888225 0.888273
1 0.036225
4 0.278114 0.278137
0 0.874778 xporm
