2 0.657134 0.000761
0 0.43993 ilqeq
2 0.827174 0.000787
0 0.459083 jqhqd
3 0.470134 2
2 0.861036 0.00016
0 0.952437 fixuc
4 0.160939 0.16103
1 0.747669
2 0.249858 0.000673
4 0.657946 0.658043
3 0.5057 45
0 0.337478 qqmzm
3 0.044592 32
2 0.484454 9e-06
3 0.187971 22
3 0.34891 13
4 0.612932 0.613029
4 0.284957 0.284986
3 0.15677 26
3 0.658057 33
0 0.525053 dnhou
3 0.374095 0
4 0.366104 0.366173
0 0.921878 soumq
1 0.084352
2 0.77417 0.000852
4 0.643896 0.643917
1 0.286171
1 0.552603
4 0.658002 0.658012
3 0.901781 40
3 0.064483 24
0 0.569404 seyys
3 0.522752 24
0 0.190759 sltfy
4 0.527614 0.527678
3 0.338839 11
3 0.337901 19
4 0.569393 0.569468
4 0.657969 0.658058
1 0.044173
4 0.994351 0.994407
3 0.517103 30
3 0.224215 26
3 0.788808 21
3 0.873352 36
3 0.026852 27
1 0.57322
0 0.970383 kwozx
3 0.65723 16
4 0.101799 0.101873
4 0.135255 0.135261
3 0.875822 33
3 0.66463 6
2 0.054334 0.000542
2 0.081187 0.000221
3 0.654407 3
1 0.708481
1 0.483136
2 0.657863 0.000634
2 0.142496 0.00026
1 0.244122
0 0.196371 okzol
0 0.27722 fupui
1 0.178382
3 0.13549 10
4 0.799968 0.800065
1 0.168189
1 0.01611
3 0.657857 27
2 0.253168 5e-05
1 0.735438
1 0.870692
3 0.775771 12
3 0.599633 27
4 0.504682 0.504746
3 0.580491 6
4 0.36478 0.364854
3 0.424257 16
1 0.657708
1 0.044442
1 0.089395
2 0.600952 0.000273
0 0.6399 uzrdz
0 0.836905 mvtxh
2 0.872053 0.000611
3 0.024046 20
4 0.656369 0.65646
1 0.878815
4 0.657696 0.657792
3 0.810835 49
3 0.524152 8
0 0.86903 lpjmi
3 0.234964 2
2 0.623369 0.000563
0 0.163767 getkd
4 0.52916 0.529167
2 0.299209 0.000661
4 0.618658 0.618724
2 0.657725 0.000237
0 0.448725 gwnts
4 0.009223 0.009266
2 0.588015 0.000111
2 0.454229 0.0006
1 0.053439
4 0.948084 0.948183
1 0.247293
2 0.887826 0.000951
3 0.955385 19
2 0.657703 4.7e-05
0 0.108578 tjasu
1 0.770759
3 0.501359 6
0 0.446959 yixli
4 0.230909 0.230969
2 0.613212 0.000491
2 0.438483 0.000813
1 0.476404
0 0.803726 uvuju
2 0.657398 0.000905
2 0.711872 0.000767
3 0.747404 17
3 0.73102 17
2 0.961929 3e-05
4 0.091493 0.091514
3 0.529976 36
4 0.00638 0.006478
2 0.591363 5e-06
3 0.106898 12
0 0.65726 iembb
0 0.453219 zwlxo
2 0.22718 0.00055
0 0.524311 eflmr
0 0.653622 ygqui
3 0.644322 9
3 0.122024 9
1 0.830779
4 0.870005 0.87006
3 0.693661 14
2 0.657648 0.000477
4 0.770393 0.770448
0 0.832653 gjvmb
0 0.058709 yhhdg
3 0.777015 44
4 0.002796 0.002895
4 0.985714 0.985774
3 0.370151 4
0 0.96498 nihec
1 0.874604
1 0.657809
1 0.024993
1 0.400208
4 0.048227 0.048321
4 0.341594 0.341683
3 0.34439 40
0 0.846456 otdlj
4 0.662617 0.662698
4 0.089702 0.089706
2 0.964306 0.000755
1 0.657692
2 0.931755 0.000767
1 0.496334
3 0.799092 30
4 0.10612 0.10619
0 0.888595 xhdce
3 0.976024 26
4 0.58585 0.585928
1 0.498094
0 0.422388 rjjen
3 0.657445 31
0 0.745591 abhgk
1 0.962633
3 0.816528 42
1 0.308904
3 0.662213 6
4 0.497494 0.497495
1 0.436234
4 0.812006 0.812039
1 0.190632
1 0.657429
3 0.319261 39
1 0.201573
2 0.871306 0.000833
1 0.350291
1 0.192176
3 0.541015 33
3 0.203228 39
2 0.217074 9.2e-05
3 0.653308 16
0 0.657371 eauvz
4 0.064815 0.064868
3 0.90202 11
3 0.277668 2
2 0.469844 0.000285
2 0.487277 0.000489
2 0.915817 0.000643
1 0.769909
2 0.115286 0.000178
4 0.54348 0.543547
0 0.65756 sctuw
0 0.008924 yiujl
1 0.867815
0 0.760066 qebmq
4 0.983234 0.9833
4 0.198113 0.198212
2 0.535625 0.000129
0 0.061361 wfxdl
1 0.876027
4 0.980133 0.980138
2 0.657154 0.000657
3 0.879029 9
3 0.030329 39
4 0.529915 0.529972
1 0.24438
3 0.69054 5
2 0.72276 0.000718
2 0.318677 0.000984
3 0.797137 25
2 0.449466 1.1e-05
4 0.658067 0.658152
0 0.498273 ohqta
2 0.94501 0.000738
3 0.18939 48
3 0.485747 36
0 0.843465 mjhhv
4 0.405953 0.406004
0 0.439317 sjahu
0 0.177248 ddrhi
4 0.969329 0.969348
4 0.6579 0.657905
0 0.757584 nctzq
4 0.371369 0.371399
4 0.810686 0.810693
4 0.755741 0.755755
2 0.601913 0.000362
3 0.863181 43
4 0.069458 0.069472
3 0.49783 34
2 0.411948 0.000341
4 0.658098 0.658149
3 0.334732 31
2 0.706101 0.000913
4 0.033139 0.033159
0 0.305232 pzwua
2 0.379644 1.4e-05
2 0.636059 0.000432
2 0.420495 0.000737
1 0.285188
1 0.9518
4 0.657852 0.657888
1 0.359053
4 0.511089 0.511183
4 0.81121 0.811274
3 0.007796 14
1 0.761745
0 0.77659 hvmkc
2 0.230648 0.000626
0 0.032188 omzal
4 0.86024 0.860331
4 0.657219 0.657219
2 0.194102 0.000565
3 0.808266 27
1 0.145708
2 0.126176 0.000165
2 0.936329 5.4e-05
2 0.683329 0.00068
2 0.715517 0.000199
0 0.40221 mweja
1 0.249186
1 0.657212
3 0.878828 19
1 0.600305
0 0.280327 yssnz
1 0.444771
3 0.611578 36
0 0.810129 hvhdm
0 0.007998 txagc
4 0.171217 0.171255
2 0.287875 0.000243
4 0.65781 0.657891
1 0.79579
4 0.6583 0.658333
2 0.071286 0.000545
2 0.205954 6.8e-05
2 0.580492 8.3e-05
2 0.58849 0.000209
3 0.212386 0
2 0.646282 0.000168
0 0.698444 vfmhf
4 0.657827 0.657926
2 0.980278 0.000956
0 0.876823 mowkv
2 0.844162 0.000454
2 0.448885 0.000192
4 0.989179 0.989253
2 0.603459 0.00027
4 0.480334 0.48039
3 0.418237 28
1 0.668282
2 0.657694 0.000335
1 0.525384
1 0.874846
3 0.016811 10
0 0.377325 aibmy
2 0.796634 4.3e-05
2 0.729904 0.00015
3 0.726813 3
3 0.339341 36
0 0.262368 vjppf
3 0.657819 49
3 0.994992 27
4 0.657189 0.657279
4 0.160873 0.160905
3 0.308268 34
4 0.640418 0.640493
2 0.666374 0.000353
0 0.07601 jeftn
2 0.951843 0.000869
3 0.07688 21
1 0.657284
2 0.245414 0.00084
3 0.922639 22
1 0.230907
4 0.162543 0.162621
4 0.428305 0.428309
4 0.549761 0.549827
4 0.966288 0.966314
1 0.701519
3 0.888286 41
2 0.657898 0.00065
4 0.378914 0.378954
3 0.957754 38
2 0.295378 0.000282
1 0.810637
0 0.889086 bgsez
2 0.311267 0.000884
3 0.24771 3
3 0.135996 46
2 0.617515 0.000612
3 0.658012 0
4 0.731984 0.732022
3 0.027363 20
2 0.354352 0.000797
3 0.822476 30
1 0.95679
0 0.777865 ftmll
3 0.168116 13
1 0.301983
1 0.322561
0 0.657697 mlxfc
4 0.587962 0.587968
1 0.251375
2 0.766951 0.000983
3 0.809179 48
2 0.641938 0
2 0.515805 0.000544
0 0.525169 eibvn
3 0.793423 15
4 0.399676 0.399676
3 0.657196 5
4 0.541437 0.541526
0 0.464773 pzdeq
4 0.953251 0.953303
0 0.493421 faevx
0 0.466226 qaguc
4 0.436031 0.436085
1 0.604605
1 0.569365
2 0.119216 0.00098
4 0.657663 0.657749
4 0.37778 0.37787
4 0.871201 0.871265
3 0.723127 38
2 0.922802 0.000164
1 0.527294
0 0.817516 skrmi
4 0.084984 0.085083
4 0.720552 0.720631
0 0.005742 kugga
2 0.657408 0.000495
4 0.492213 0.49224
3 0.062729 13
0 0.537366 vpaiy
1 0.058388
0 0.040606 ojxnb
1 0.337777
3 0.806686 37
3 0.498728 14
3 0.430249 29
1 0.658042
1 0.698894
2 0.569605 0.000103
1 0.737137
4 0.263958 0.263983
1 0.820916
4 0.45563 0.455683
0 0.978362 nchkf
1 0.204018
2 0.823414 0.000619
1 0.657677
2 0.587246 0.000438
4 0.156851 0.156892
0 0.41034 rqdhj
1 0.650368
4 0.177086 0.177169
2 0.16848 0.000436
2 0.753214 0.000424
2 0.835561 0.00019
1 0.94044
0 0.657361 uulbz
0 0.984605 zvwid
1 0.017261
2 0.440082 0.000344
2 0.124915 0.000132
4 0.878129 0.878137
4 0.230042 0.230141
2 0.170482 0.000914
2 0.784709 0.000327
2 0.211702 0.000591
0 0.657682 mhxnm
4 0.764185 0.764204
1 0.442881
1 0.643716
1 0.035487
2 0.208274 0.000581
0 0.994373 opxsd
1 0.358033
1 0.73591
3 0.317851 8
4 0.657315 0.657377
1 0.2229
4 0.908562 0.908616
1 0.823168
2 0.736999 0.000655
2 0.945273 0.000589
2 0.455999 0.000448
1 0.066638
3 0.93577 7
1 0.403609
2 0.657594 0.000677
4 0.551967 0.551978
3 0.33761 11
3 0.246172 17
1 0.06934
2 0.39679 0.000347
4 0.858415 0.858451
1 0.314414
1 0.809914
3 0.3084 35
0 0.657428 fqozh
0 0.299117 pyjnq
0 0.174009 uflgh
1 0.094535
4 0.259981 0.260053
4 0.157386 0.15741
4 0.765748 0.76582
0 0.337329 kxjgs
0 0.170535 knnqx
4 0.848306 0.848389
2 0.657475 0.000184
1 0.844376
2 0.773065 0.000325
0 0.326089 chflp
4 0.316329 0.3164
2 0.707493 0.000328
2 0.408045 0.000318
3 0.631452 9
4 0.99611 0.996204
2 0.430016 0.000335
3 0.657197 45
4 0.92474 0.924792
0 0.273051 svkur
1 0.169666
2 0.226521 0.000995
4 0.634566 0.634631
4 0.78237 0.782394
4 0.294833 0.294903
1 0.724849
3 0.340244 10
1 0.658018
2 0.551293 0.000551
0 0.016652 glner
3 0.891086 11
3 0.595528 28
4 0.690877 0.690927
0 0.068601 xujvh
3 0.780894 4
4 0.26113 0.261148
4 0.831681 0.831765
3 0.657382 0
2 0.216288 0.000964
4 0.811849 0.811873
2 0.558329 0.00075
4 0.08718 0.087233
3 0.427215 26
2 0.4921 0.000257
1 0.789346
1 0.043547
2 0.544432 9.9e-05
3 0.657436 21
1 0.804905
4 0.605204 0.605225
0 0.417053 osfet
0 0.757953 gcfyo
3 0.629097 27
1 0.188996
1 0.153733
2 0.252916 0.000401
2 0.396888 0.000317
2 0.658007 0.00058
4 0.622927 0.623004
1 0.114662
2 0.440991 0.000577
0 0.22472 zsofj
0 0.518219 rapnl
1 0.43189
1 0.538781
4 0.05053 0.050535
3 0.81511 16
0 0.657223 fldfa
1 0.40201
1 0.761329
2 0.841462 0.000954
3 0.907865 27
3 0.644354 46
2 0.592596 0.000519
0 0.625155 rvirp
0 0.439503 veyiz
1 0.272925
3 0.657388 42
4 0.090208 0.090224
1 0.146135
1 0.473522
4 0.90851 0.908528
0 0.145386 icznu
0 0.312515 vzvrb
2 0.432271 0.000208
2 0.963055 0.000814
4 0.368006 0.368028
2 0.657644 0.000484
0 0.392994 akrgc
3 0.940303 4
1 0.465476
4 0.933906 0.933945
4 0.219754 0.219777
3 0.652025 33
0 0.131432 ycxoc
4 0.695882 0.69592
1 0.605228
4 0.658064 0.658133
4 0.71074 0.710812
4 0.163171 0.163171
0 0.61343 ufwom
3 0.098498 21
0 0.385848 oaxic
0 0.123952 ujeck
0 0.430815 oetwq
1 0.684012
2 0.137845 0.000548
2 0.657595 0.000988
3 0.717158 38
3 0.898647 11
2 0.293101 0.000569
4 0.054867 0.054872
2 0.437113 0.000275
0 0.867928 rlpdf
0 0.893279 ezzws
2 0.631789 0.000837
3 0.46533 0
0 0.657511 ppqut
0 0.460936 tksqe
3 0.129845 49
0 0.539477 tespf
1 0.922404
1 0.754504
4 0.909268 0.909274
2 0.430997 0.000609
0 0.912205 isydu
0 0.696584 zrtmu
0 0.657388 uyldf
0 0.91315 ckohy
0 0.846193 uwkwq
3 0.262698 39
3 0.346384 34
2 0.559915 0.000727
2 0.345628 0.000334
2 0.113997 0.000555
1 0.408719
2 0.866151 0.000945
0 0.657663 wmcat
4 0.46256 0.462625
3 0.725258 6
1 0.071642
0 0.74579 irzcl
2 0.123886 0.000213
4 0.532605 0.532702
2 0.506902 0.000692
1 0.960783
4 0.125589 0.125647
2 0.657396 5.7e-05
0 0.036717 exzzh
1 0.337571
3 0.637451 10
4 0.731573 0.73162
4 0.295049 0.295101
3 0.724677 7
0 0.875578 pitfe
4 0.595463 0.595499
1 0.148532
4 0.658122 0.658187
1 0.015234
1 0.790614
0 0.342549 qpowu
0 0.524929 mnfhz
0 0.346138 mbcbw
1 0.374946
2 0.004106 0.000286
4 0.901034 0.901106
1 0.691648
4 0.657444 0.657463
3 0.008881 31
3 0.53381 20
3 0.100141 39
1 0.758754
0 0.951091 evrkj
3 0.871457 43
4 0.478707 0.478734
1 0.564693
3 0.118222 30
3 0.657849 22
3 0.877698 32
0 0.848441 dwcxq
1 0.181427
2 0.329883 0.000801
3 0.915038 8
3 0.084127 15
3 0.40144 10
1 0.519662
2 0.127786 0.000755
2 0.657514 0.000708
3 0.205226 1
4 0.000263 0.000299
1 0.33663
4 0.330578 0.330617
4 0.433731 0.433813
2 0.89199 0.000223
1 0.345307
1 0.704358
0 0.334839 gllsu
1 0.657816
1 0.923086
3 0.738902 1
1 0.888053
3 0.325137 33
2 0.112538 6.7e-05
1 0.814977
4 0.337279 0.337322
1 0.36797
1 0.834738
4 0.657837 0.657924
3 0.059677 23
0 0.583711 ywedi
0 0.644763 epcbx
3 0.558465 25
4 0.895745 0.895764
1 0.780067
2 0.464381 0.000877
3 0.255436 14
3 0.315113 39
3 0.658029 21
3 0.076605 25
3 0.721368 12
2 0.617466 0.000771
0 0.198632 jfeiw
4 0.589401 0.589422
1 0.58863
4 0.222667 0.222713
4 0.054133 0.054218
4 0.469309 0.469341
2 0.658071 0.000692
4 0.238657 0.238663
2 0.856123 0.000529
4 0.054755 0.054773
2 0.927962 0.000451
1 0.430811
4 0.144533 0.144627
4 0.856304 0.856366
2 0.594179 0.000547
4 0.783825 0.783881
1 0.658075
0 0.705987 lqsfy
3 0.756041 30
1 0.000103
4 0.201845 0.20186
3 0.471401 48
2 0.329588 5.2e-05
1 0.45742
3 0.022963 40
1 0.19982
3 0.657247 36
1 0.096835
0 0.434437 htzcs
4 0.454888 0.454923
1 0.271455
3 0.378353 3
1 0.224293
3 0.681114 13
3 0.704078 5
4 0.42025 0.420349
0 0.657419 qdmyc
1 0.854202
4 0.707522 0.707531
0 0.147257 zptpg
1 0.10161
4 0.897765 0.897841
4 0.601843 0.601874
4 0.022093 0.022123
1 0.947808
0 0.747903 ldvul
1 0.657425
0 0.564109 ghiro
0 0.049504 bnuqh
0 0.395312 vfzhq
0 0.610291 nmsci
4 0.212281 0.212293
0 0.77639 zwirp
4 0.991875 0.991899
0 0.455497 dkslv
3 0.443413 15
3 0.65739 25
1 0.210644
2 0.976497 0.000683
3 0.07141 33
0 0.664575 bkxhi
2 0.404556 0.000115
4 0.619514 0.619575
4 0.713432 0.713522
2 0.673197 0.000755
0 0.739924 znegp
3 0.65768 10
4 0.471436 0.471523
2 0.795305 0.000284
4 0.545368 0.545425
2 0.573484 0.000478
1 0.894345
2 0.527725 0.000135
0 0.200922 wszqb
4 0.29491 0.294956
4 0.284601 0.284693
1 0.657814
3 0.140662 36
0 0.414533 cglom
2 0.870535 8.3e-05
0 0.245671 dzuej
3 0.991178 5
3 0.125876 6
1 0.20012
3 0.998007 2
3 0.655021 38
3 0.657627 47
3 0.465683 18
2 0.336219 0.000503
2 0.58189 0.000258
4 0.222156 0.222243
2 0.327324 1.7e-05
2 0.243755 0.000245
4 0.444786 0.444803
4 0.959145 0.959215
4 0.614167 0.614175
3 0.657987 15
4 0.207537 0.207572
3 0.543756 40
3 0.641998 48
2 0.380506 0.000388
4 0.224182 0.224187
4 0.467937 0.467988
0 0.429076 omdis
0 0.553599 wwugo
1 0.883223
1 0.657648
1 0.237799
4 0.921088 0.921093
2 0.461534 0.000488
0 0.823948 rxuzv
4 0.160427 0.160501
0 0.195519 hbqlf
0 0.681619 rlubx
0 0.720235 dmetd
0 0.173862 cypjz
4 0.657804 0.65786
2 0.475495 0.000952
0 0.137773 vkctl
1 0.449163
3 0.644736 49
3 0.294614 41
4 0.303331 0.303422
3 0.622474 6
3 0.230175 2
3 0.998302 25
4 0.657404 0.657415
4 0.196395 0.196442
2 0.048491 0.000589
1 0.178008
3 0.879451 46
4 0.994441 0.994503
2 0.459345 0.000394
3 0.614464 20
1 0.369637
0 0.9255 lchiu
3 0.657768 45
4 0.565156 0.565193
1 0.734349
2 0.369061 0.0008
0 0.165917 wnwey
4 0.231107 0.231181
0 0.117097 wcfms
3 0.532419 26
1 0.704053
1 0.820027
4 0.657469 0.657479
4 0.963396 0.963407
0 0.645665 zqddd
0 0.622408 mvhzb
4 0.219287 0.219355
0 0.751707 clyta
2 0.71168 0.000168
2 0.338791 0.000916
0 0.811496 bhxkc
4 0.417799 0.417812
0 0.657652 etuuv
4 0.374444 0.374536
4 0.830204 0.830266
2 0.587878 0.000842
2 0.349111 0.000633
0 0.276758 gfnwg
3 0.622832 29
1 0.040414
0 0.244199 ywpsb
0 0.441044 lxpvf
4 0.658071 0.658113
2 0.17222 0.000701
1 0.717084
4 0.920956 0.921018
2 0.543788 0.000991
0 0.100554 ppdyx
1 0.421943
1 0.53571
1 0.457533
3 0.813523 8
3 0.657232 35
2 0.797318 0.000138
3 0.030754 2
4 0.799217 0.799303
4 0.553208 0.553211
3 0.165267 17
1 0.398922
4 0.343229 0.343247
0 0.395291 iezzm
3 0.576982 44
0 0.657498 wygna
0 0.004967 zhama
0 0.262812 zujvc
0 0.425554 sjmib
2 0.855065 0.000977
3 0.519429 1
3 0.214547 32
0 0.708883 lhfeh
1 0.059711
4 0.195436 0.195488
4 0.657678 0.657692
4 0.803319 0.803325
3 0.30769 48
2 0.162755 0.000626
3 0.198536 29
1 0.413083
1 0.208718
3 0.353812 38
4 0.362886 0.362946
3 0.938949 44
4 0.657507 0.657588
3 0.56794 30
2 0.414146 0.000655
4 0.012147 0.012237
1 0.751773
3 0.580702 2
1 0.510137
1 0.91098
1 0.29448
0 0.092257 uapsw
2 0.657184 0.000975
0 0.747342 wuwrd
2 0.351252 0.000466
0 0.613005 vfdbk
4 0.508465 0.508528
4 0.117075 0.117157
0 0.18778 ummcm
4 0.494096 0.494116
1 0.645337
1 0.790719
4 0.657457 0.657512
1 0.271329
2 0.757728 0.000948
1 0.234911
4 0.970802 0.970876
0 0.087877 hwdck
1 0.297286
4 0.415837 0.415871
2 0.738246 7.1e-05
0 0.528965 wbujc
4 0.65779 0.657859
3 0.209567 20
2 0.732494 0.000791
1 0.200802
0 0.218627 epbcf
3 0.364886 0
4 0.834309 0.834376
1 0.319722
2 0.411456 0.000941
3 0.902778 40
1 0.657209
1 0.48592
4 0.037385 0.037448
0 0.754539 tlori
3 0.016743 28
1 0.643095
4 0.319807 0.319869
0 0.639529 lrtfw
0 0.540031 ofeij
4 0.290718 0.290754
3 0.657831 5
3 0.634822 13
1 0.3172
4 0.945833 0.945914
1 0.947895
3 0.716698 42
2 0.962873 0.000403
0 0.655888 fmuag
3 0.598367 19
4 0.751566 0.751584
3 0.657595 46
1 0.6042
3 0.964745 33
0 0.041913 ydxwn
4 0.133676 0.133684
4 0.488463 0.488469
1 0.688171
3 0.816994 39
4 0.20357 0.203627
2 0.466844 0.00033
1 0.657552
1 0.096588
3 0.218096 20
1 0.232377
4 0.52804 0.52809
1 0.249524
4 0.955331 0.955332
2 0.270738 7e-06
0 0.640198 pczco
2 0.720768 0.000695
3 0.657599 1
4 0.264628 0.264725
1 0.034057
0 0.016702 ahwzr
2 0.987574 0.00035
0 0.220934 paypy
2 0.682938 0.00085
3 0.489985 40
3 0.543451 41
4 0.324431 0.324521
1 0.657999
3 0.953289 45
1 0.281263
3 0.880204 39
4 0.885299 0.885374
2 0.046945 0.000763
1 0.530316
3 0.324536 18
1 0.330874
3 0.962054 27
4 0.657242 0.657283
4 0.106301 0.10636
4 0.05959 0.059644
1 0.857205
2 0.80079 0.000747
3 0.202441 22
2 0.249386 0.000338
4 0.296054 0.29612
0 0.426572 hxqwn
1 0.476886
2 0.657939 0.000585
4 0.659545 0.659572
3 0.096483 33
2 0.897273 0.000832
3 0.099714 6
0 0.349101 lihak
0 0.067441 krvcj
2 0.228913 0.000371
3 0.715498 5
0 0.778025 ycmzd
4 0.657776 0.657777
0 0.532095 zofmf
0 0.128353 dcitj
2 0.151207 1.6e-05
2 0.383057 2.1e-05
4 0.677434 0.6775
2 0.407897 0.000161
2 0.733191 0.00062
1 0.367244
0 0.565822 acdzm
2 0.657237 0.000561
4 0.358397 0.358452
1 0.025956
3 0.339275 13
0 0.953424 ibyds
0 0.743888 ctteh
0 0.36831 ybvjf
2 0.851363 0.000384
2 0.44957 0.000682
3 0.164793 7
2 0.657867 0.000372
4 0.231961 0.23203
0 0.319921 jaonh
3 0.873969 21
3 0.13245 22
4 0.397943 0.39797
2 0.801679 0.000829
4 0.987362 0.987449
3 0.028671 11
3 0.023405 35
2 0.657238 0.000865
0 0.863414 snaae
0 0.749981 tsvcs
2 0.143112 0.000955
3 0.171657 19
3 0.881347 42
4 0.388075 0.388124
0 0.58071 kixkw
1 0.581408
1 0.996731
3 0.657846 7
3 0.055067 47
1 0.605002
4 0.671078 0.671143
3 0.254747 20
0 0.899791 lhddn
4 0.498295 0.498373
4 0.825368 0.825369
2 0.510001 0.000132
0 0.426164 nwlwo
2 0.657857 0.00086
0 0.262041 nfpyv
2 0.723992 0.000484
0 0.732401 apsnn
4 0.041852 0.041923
4 0.984368 0.984387
4 0.72338 0.723415
0 0.537162 xhznz
0 0.477149 lgubo
0 0.063017 vqadw
2 0.657801 0.000415
4 0.058036 0.058123
0 0.781416 jquvq
1 0.503121
0 0.618584 eetwi
3 0.908098 49
4 0.891709 0.891764
0 0.923524 rzyzt
3 0.666702 48
4 0.116676 0.116682
4 0.657853 0.657881
2 0.753231 0.000464
4 0.863301 0.863382
2 0.052433 0.000824
2 0.820934 0.000346
2 0.122489 0.000668
1 0.954888
2 0.517945 5.5e-05
1 0.573173
4 0.342809 0.342878
3 0.65723 44
1 0.642624
2 0.598169 8.8e-05
3 0.46147 21
3 0.030255 48
0 0.851189 hwyvg
1 0.247501
3 0.285326 14
2 0.308788 2.6e-05
3 0.448926 43
4 0.657614 0.657669
4 0.583001 0.583096
3 0.044472 17
1 0.591079
2 0.298673 0.000621
3 0.476563 1
4 0.691558 0.691632
2 0.908146 0.000953
2 0.21426 0.000741
3 0.446544 19
1 0.657573
3 0.814631 36
0 0.142426 hplqe
2 0.800742 0.000974
0 0.793657 vclys
2 0.084205 0.000286
2 0.637298 9e-06
3 0.639317 27
4 0.397109 0.397135
2 0.854645 0.000228
3 0.657636 49
0 0.945207 efamj
2 0.205095 0.000737
1 0.430684
1 0.313322
2 0.770426 0.00062
1 0.857296
3 0.789309 40
2 0.442087 0.000219
4 0.449315 0.449338
2 0.657908 0.000219
3 0.493687 33
2 0.581378 0.000957
1 0.786474
0 0.378243 krzqa
2 0.036516 0.000573
2 0.342177 1.5e-05
1 0.300616
0 0.12627 ymxyn
3 0.504181 23
2 0.657336 0.000979
2 0.597028 2.6e-05
0 0.84689 npxyd
2 0.832726 0.000799
4 0.525742 0.525767
1 0.682977
3 0.404669 37
2 0.075474 0.000123
1 0.096007
1 0.818328
2 0.657793 0.000724
3 0.200038 41
4 0.010915 0.010938
2 0.404068 0.000295
1 0.236795
4 0.152856 0.152893
4 0.807594 0.80766
2 0.212263 0.000853
0 0.804089 lqytk
4 0.067775 0.067807
0 0.657304 fqtkv
4 0.473187 0.47319
4 0.363281 0.363292
3 0.993401 5
4 0.52252 0.522541
2 0.590007 0.00081
0 0.5218 yynxv
1 0.959485
0 0.890576 fnaau
3 0.331134 37
4 0.657182 0.657189
4 0.652154 0.652217
1 0.450227
2 0.833049 3.7e-05
2 0.354849 0.000296
3 0.659475 4
2 0.398881 0.000292
2 0.805809 0.000346
1 0.891175
3 0.204795 45
3 0.657298 46
2 0.049823 0.000717
3 0.662538 8
0 0.45481 hvfnf
3 0.855836 8
0 0.771069 xmqyw
4 0.62489 0.624894
4 0.94267 0.942758
1 0.954866
3 0.090441 35
1 0.657827
4 0.20779 0.207795
4 0.19611 0.196176
0 0.61045 fjbje
1 0.454053
2 0.82845 0.000459
4 0.722055 0.722064
4 0.206695 0.206722
2 0.865068 0.00062
2 0.382032 0.0006
0 0.657877 mtbfp
0 0.767227 fbiew
1 0.031569
0 0.536915 yzuif
0 0.778981 qquyu
1 0.208563
1 0.920248
0 0.831176 ljpnk
3 0.025704 2
0 0.640512 orvek
4 0.657966 0.658025
0 0.743551 gubdd
4 0.826387 0.826437
1 0.657564
4 0.075478 0.075525
1 0.781005
3 0.933082 10
3 0.573594 34
1 0.267373
3 0.164774 29
4 0.657675 0.6577
4 0.478728 0.478814
0 0.760144 zamae
3 0.381115 48
0 0.288493 ufror
1 0.660651
0 0.095246 sfcdx
2 0.431548 0.000427
0 0.931886 yuaku
4 0.487748 0.487822
4 0.657655 0.657732
3 0.156752 4
1 0.758346
2 0.288872 0.000531
0 0.243289 efxpl
1 0.511188
3 0.0857 33
0 0.993326 wnxsr
1 0.840909
4 0.46286 0.462875
3 0.65777 29
3 0.561508 13
1 0.32115
3 0.572872 13
4 0.534245 0.534321
4 0.701763 0.701839
2 0.351923 0.000255
1 0.587609
2 0.046669 0.000269
4 0.403931 0.403981
4 0.657518 0.657529
2 0.559663 5.6e-05
2 0.250826 2.9e-05
2 0.688184 0.000902
0 0.237655 gstkz
4 0.002185 0.0022
2 0.106146 0.000418
4 0.275415 0.275419
0 0.550865 mnfcw
3 0.35087 42
1 0.657471
3 0.090153 44
3 0.038652 28
0 0.205266 dwzyz
2 0.825774 0.00052
4 0.473378 0.47342
0 0.163029 amsba
2 0.134005 0.000836
4 0.469342 0.469406
2 0.084438 9.9e-05
2 0.657184 0.000388
1 0.845514
0 0.138712 kajbn
2 0.60771 0.000736
3 0.426221 15
1 0.461233
0 0.654505 cmzko
2 0.665371 6.3e-05
4 0.292838 0.292903
2 0.190546 0.000979
4 0.657961 0.657992
2 0.656195 0.000937
2 0.263905 0.000673
0 0.690126 wcckq
0 0.1447 ykqhv
2 0.820681 0.000796
2 0.057131 0.000694
4 0.97142 0.971472
1 0.426203
2 0.184603 0.00014
1 0.657299
3 0.654987 6
2 0.322699 0.000958
1 0.102001
1 0.948046
1 0.212379
4 0.004194 0.004205
0 0.355342 ewgfb
1 0.358698
2 0.481743 0.000301
0 0.657295 xnqgj
4 0.092182 0.092246
3 0.894545 11
4 0.106924 0.106954
1 0.833088
2 0.958678 0.000797
4 0.372067 0.372106
0 0.656408 jmplb
4 0.895951 0.896046
3 0.575452 18
2 0.657386 0.000241
1 0.803149
4 0.313698 0.313772
4 0.433386 0.433448
2 0.908416 0.000311
3 0.280483 0
3 0.936891 39
2 0.591394 2.9e-05
4 0.754765 0.754845
4 0.819339 0.819423
4 0.657922 0.658004
4 0.396696 0.396727
4 0.226746 0.226803
3 0.660132 21
2 0.568549 0.000682
2 0.365384 0.000784
2 0.302276 0.000375
2 0.410022 0.000404
1 0.68114
0 0.280715 zrutt
1 0.65714
0 0.80607 drxzy
0 0.950786 cgclh
0 0.520585 declo
2 0.762765 0.000144
1 0.46351
3 0.196206 38
4 0.691564 0.691662
2 0.413668 0.000718
0 0.795905 gmlvf
1 0.658115
1 0.32633
3 0.324241 22
4 0.582906 0.583005
4 0.858402 0.858449
4 0.534645 0.53465
0 0.454497 qoxob
1 0.669343
4 0.086501 0.08654
4 0.030832 0.030837
3 0.657155 30
1 0.131615
4 0.815062 0.815135
3 0.256802 26
3 0.678403 23
3 0.592893 20
0 0.677786 xpaev
1 0.315711
4 0.69437 0.694413
4 0.33672 0.336776
3 0.657578 0
0 0.720507 sxfxr
2 0.422723 0.000324
3 0.533845 6
4 0.825387 0.825413
0 0.054596 ualoy
2 0.61256 0.000699
0 0.443245 yjnhw
0 0.94847 zrcef
1 0.091897
2 0.658127 0.000531
1 0.113486
3 0.62019 46
2 0.72579 0.000425
2 0.854702 0.000476
2 0.297947 0.00028
2 0.219844 0.000189
3 0.334915 10
3 0.248787 46
3 0.101734 9
2 0.657713 0.000583
3 0.063175 19
3 0.199717 15
2 0.441859 0.000292
4 0.296562 0.296582
2 0.594509 0.0004
1 0.330706
0 0.479405 ggfkx
3 0.532494 8
3 0.537372 37
1 0.657298
2 0.78732 0.000233
2 0.00635 9.2e-05
2 0.644721 0.000654
4 0.221345 0.221361
0 0.160577 ifiyg
4 0.204955 0.205019
0 0.737449 kbpue
4 0.654627 0.6547
1 0.583212
0 0.657439 nshcm
2 0.683966 0.000974
4 0.23968 0.23974
1 0.110644
0 0.453551 bhqhc
1 0.672998
1 0.04413
3 0.865464 8
0 0.037091 hfwzb
2 0.552834 0.000986
0 0.657522 xeeru
3 0.266866 10
0 0.981401 uuyuh
3 0.883774 7
0 0.437218 frywm
0 0.402071 ahmgh
1 0.574638
1 0.997379
1 0.765612
0 0.886118 metpe
0 0.657228 smkua
0 0.566177 ehtwz
0 0.664678 rmene
4 0.628633 0.628646
3 0.891999 22
0 0.326117 apnzg
1 0.591553
2 0.862918 5.4e-05
0 0.368029 uning
0 0.021163 ydgfk
1 0.657395
2 0.95499 0.000811
4 0.600785 0.600831
4 0.242674 0.242752
2 0.350579 0.000251
0 0.923633 pwofh
3 0.797392 26
3 0.436824 30
1 0.935227
0 0.043057 kmdln
0 0.657936 oihre
4 0.185221 0.185283
0 0.653208 vpkbm
0 0.021191 ahoca
2 0.142233 0.000285
4 0.486671 0.486712
4 0.948246 0.94829
3 0.136143 27
4 0.190971 0.191032
2 0.685785 0.000198
3 0.658025 22
1 0.570976
2 0.028578 0.000886
2 0.063658 0.000376
4 0.141795 0.141804
2 0.249566 0.000632
3 0.634256 28
4 0.416226 0.416299
1 0.799812
1 0.676224
4 0.657556 0.657595
2 0.924313 0.000661
1 0.011642
1 0.981346
3 0.324483 4
4 0.416394 0.416445
0 0.807591 zwcna
1 0.519552
2 0.33268 0.000716
4 0.008904 0.008991
0 0.657161 uyocs
1 0.897126
2 0.619939 0.00013
3 0.036334 34
4 0.360277 0.360281
3 0.567659 30
3 0.267228 34
0 0.599908 qlglu
0 0.186716 ihhmj
3 0.26383 45
3 0.657355 39
3 0.07921 16
2 0.6434 0.000128
4 0.81567 0.815726
3 0.032393 14
0 0.953616 kqzug
3 0.582868 35
1 0.960746
4 0.522983 0.523027
4 0.761648 0.761713
3 0.657761 9
1 0.610379
2 0.990685 5e-05
0 0.558356 evixn
3 0.337234 20
2 0.713332 0.000938
2 0.972486 3.6e-05
3 0.011821 32
2 0.773469 0.000649
0 0.451768 bgvsk
4 0.657631 0.657641
1 0.433458
4 0.223912 0.223964
4 0.077499 0.077521
3 0.307183 12
1 0.279669
1 0.552304
1 0.618533
4 0.581312 0.581347
4 0.03308 0.033091
1 0.657953
0 0.862256 tugvf
2 0.052995 0.000742
4 0.130494 0.13051
2 0.437677 0.000629
0 0.233699 bdqvs
2 0.770702 0.000125
0 0.539866 wsvyw
0 0.852413 ggkzf
4 0.666007 0.666045
1 0.65765
2 0.313137 0.000215
4 0.972834 0.972891
1 0.949095
1 0.589546
3 0.741546 12
2 0.591631 9.7e-05
3 0.820323 14
3 0.621382 14
0 0.985651 grmxu
2 0.658116 0.000597
3 0.563658 31
2 0.382501 0.000879
3 0.972047 2
0 0.101459 vknax
3 0.027924 36
2 0.366106 0.000939
1 0.241633
1 0.919943
3 0.563409 8
2 0.657822 0.000565
1 0.354425
2 0.16602 0.000773
4 0.139824 0.139844
4 0.912057 0.912107
3 0.127753 4
3 0.672029 40
3 0.038136 31
1 0.796121
2 0.051789 0.000695
3 0.657736 1
2 0.86952 0.000593
2 0.834587 0.000965
2 0.771701 0.000142
0 0.326627 sxcih
1 0.001334
3 0.577371 22
4 0.709217 0.709261
2 0.277358 0.000991
2 0.475207 0.000593
4 0.657599 0.657663
3 0.611052 31
0 0.899106 gfnvv
3 0.045832 36
1 0.563518
0 0.027842 qnvoh
4 0.607628 0.607704
3 0.514573 47
4 0.291039 0.29105
2 0.902091 0.000844
4 0.657602 0.657691
0 0.823995 elptn
0 0.211392 phbcm
2 0.445732 0.000303
0 0.484412 lcuux
0 0.888359 yajru
1 0.293585
4 0.416079 0.416091
0 0.533437 oyzlv
0 0.755175 khduk
3 0.658066 26
1 0.205602
0 0.404531 yijkh
1 0.052493
3 0.84747 40
0 0.476932 dyuvk
2 0.413504 0.000281
3 0.865426 27
1 0.687262
4 0.082122 0.082145
3 0.658041 17
1 0.041028
1 0.309251
2 0.722606 0.000174
4 0.449247 0.449282
1 0.061427
4 0.257625 0.25765
1 0.188233
0 0.416819 cgvep
3 0.634292 45
2 0.658038 0.000341
1 0.070933
4 0.347112 0.347184
0 0.082286 mxzlz
0 0.7411 hypum
2 0.468754 0.000964
2 0.569376 0.000175
4 0.432373 0.432422
4 0.462278 0.462368
0 0.049563 xubjw
1 0.657545
3 0.566602 23
4 0.106766 0.106787
4 0.678512 0.6786
1 0.147266
0 0.502713 toxgs
4 0.127646 0.127717
1 0.177209
2 0.437245 0.000144
3 0.362482 12
4 0.65789 0.657984
3 0.602252 10
1 0.552081
3 0.07378 18
1 0.924985
1 0.881034
2 0.727218 0.000402
3 0.858377 48
4 0.485375 0.485384
3 0.438972 3
3 0.657951 5
2 0.339925 0.000749
3 0.942177 11
4 0.494259 0.494345
1 0.496527
3 0.624831 10
4 0.967548 0.967579
3 0.425646 8
1 0.715467
1 0.401027
2 0.657914 0.000171
0 0.065949 lbvye
2 0.451888 0.000961
3 0.670375 8
2 0.053253 0.000639
0 0.833517 iwjes
3 0.823654 32
0 0.065813 huqwl
0 0.70613 qffxc
2 0.662708 0.000201
0 0.65794 einyo
0 0.907513 jrtpm
2 0.853516 0.000959
2 0.249926 0.000372
4 0.956057 0.95607
4 0.910082 0.91014
2 0.254421 0.000766
3 0.656216 17
4 0.773003 0.773078
4 0.572329 0.572348
1 0.657944
1 0.760065
0 0.184505 rjirw
0 0.490498 lrzno
4 0.524994 0.525024
4 0.697563 0.69761
0 0.986918 qkvpf
4 0.571556 0.571606
1 0.839843
0 0.421609 qcmti
2 0.657351 0.000746
1 0.886181
1 0.522138
1 0.073027
1 0.75501
3 0.722971 37
4 0.79857 0.798654
4 0.386716 0.386756
1 0.734928
1 0.348704
4 0.657961 0.657979
2 0.361491 0.000445
3 0.102709 43
4 0.505242 0.505246
2 0.395505 0.000732
0 0.666867 bbtas
4 0.708927 0.708952
1 0.957324
3 0.689117 28
3 0.768452 7
1 0.657833
3 0.869499 10
1 0.005924
2 0.175358 0.000838
4 0.171442 0.171496
3 0.913974 42
0 0.290307 obrkt
3 0.01528 25
1 0.758675
4 0.686498 0.686586
1 0.65788
2 0.327309 0.0004
3 0.720663 8
2 0.509522 0.000552
3 0.997953 28
2 0.139088 0.000537
4 0.606513 0.606537
1 0.194423
2 0.800523 0.00045
0 0.559199 gyhny
1 0.657226
1 0.105299
0 0.946796 tpyqt
3 0.092295 21
0 0.900059 zzqqs
1 0.13841
2 0.045025 0.000692
3 0.926564 20
0 0.08685 jacnl
4 0.026463 0.026518
4 0.657572 0.657586
4 0.422109 0.422139
0 0.894646 illok
2 0.150715 0.000461
4 0.00831 0.008335
4 0.004688 0.004716
4 0.950805 0.950821
2 0.60003 0.000801
3 0.461885 37
4 0.050675 0.050727
0 0.657768 opibz
3 0.223987 8
1 0.4508
2 0.010091 0.000177
4 0.531131 0.531136
0 0.998289 udttc
2 0.677212 0.000492
2 0.012416 0.000829
4 0.088402 0.088424
2 0.43041 0.000673
3 0.657146 3
2 0.854164 0.00052
0 0.458342 bbxel
4 0.994461 0.994553
4 0.930511 0.930512
4 0.222355 0.222441
0 0.915185 wmbsj
0 0.301405 kfkfw
0 0.034524 xpgws
1 0.415925
4 0.657355 0.657433
2 0.96373 0.000685
3 0.105008 22
0 0.334688 hnoci
2 0.182616 0.000347
2 0.12283 0.000978
3 0.521386 32
1 0.739042
0 0.383637 metwh
0 0.986271 nmdzd
4 0.657294 0.657343
3 0.180749 46
1 0.073097
4 0.514042 0.514069
2 0.55178 0.000159
1 0.807174
1 0.897565
3 0.9971 28
1 0.789282
0 0.003657 jiutu
4 0.657147 0.657155
0 0.771762 euzsz
0 0.407045 mlffn
2 0.305621 0.000498
2 0.323007 0.000133
3 0.843016 37
3 0.970656 33
3 0.556967 5
1 0.080375
2 0.652796 0.000282
3 0.657694 19
0 0.995606 tbxfo
1 0.18777
0 0.035834 sxmpz
2 0.840801 0.000559
1 0.91412
4 0.316289 0.316385
3 0.485437 30
1 0.532149
1 0.884657
1 0.657813
2 0.554228 0.000829
4 0.772995 0.773046
1 0.325181
4 0.213693 0.213698
1 0.876617
4 0.78038 0.780408
2 0.6945 0.000694
4 0.205348 0.20543
1 0.742479
3 0.657656 28
3 0.022171 7
1 0.576399
3 0.101642 46
0 0.20375 tuztn
2 0.550181 0.000427
0 0.254033 yqdyy
3 0.641107 36
0 0.541981 fyojq
4 0.838614 0.838625
2 0.658095 0.000282
0 0.545756 cjmto
2 0.864785 0.000282
3 0.171664 13
1 0.016827
0 0.803404 iijsx
2 0.859871 0.000112
1 0.784434
0 0.106066 hlbtj
3 0.847375 15
3 0.657934 7
2 0.065816 0.00042
0 0.082644 ehftn
0 0.070703 knmen
1 0.840113
4 0.67868 0.678686
4 0.097295 0.097322
1 0.126662
0 0.94195 mfjpm
1 0.685627
3 0.65718 20
2 0.334471 0.000725
0 0.344471 byxkl
2 0.491856 0.000442
3 0.589152 19
4 0.715814 0.715833
1 0.736629
3 0.51677 10
3 0.622916 39
1 0.121325
2 0.657403 0.000108
4 0.707197 0.707276
2 0.039467 0.000484
4 0.728203 0.728221
0 0.238997 ixczq
2 0.425948 0.000155
0 0.45907 bquyd
0 0.559643 csnxl
4 0.138666 0.138667
3 0.008665 6
1 0.657987
4 0.354232 0.354251
3 0.537406 6
3 0.973561 24
3 0.749328 0
3 0.066686 9
3 0.626329 24
0 0.795432 hzqlm
1 0.406052
2 0.256424 0.000925
3 0.657292 22
3 0.700916 31
1 0.19083
2 0.105201 0.00051
2 0.604154 0.000197
3 0.855475 26
0 0.41908 wrqxz
3 0.030466 3
0 0.803242 kwpxu
3 0.120007 21
0 0.657212 oxzdo
2 0.69761 0.000423
2 0.633042 8.6e-05
1 0.151562
0 0.427314 cgdfj
3 0.372103 21
3 0.390143 9
0 0.656814 groac
4 0.388402 0.38843
2 0.086012 0.000503
4 0.658075 0.658132
1 0.823157
4 0.280848 0.28089
3 0.862586 20
1 0.751042
3 0.85148 35
0 0.036127 awyhg
4 0.794224 0.794236
2 0.470613 0.000424
3 0.407554 33
4 0.657638 0.657716
1 0.715352
3 0.205929 41
3 0.025473 33
4 0.876953 0.876971
4 0.429432 0.429502
2 0.444692 0.000115
1 0.755488
1 0.318708
3 0.076304 35
1 0.657154
0 0.248122 qygbg
0 0.906167 wqobp
1 0.874792
0 0.071593 neolm
1 0.688138
1 0.081407
0 0.762137 vyynk
1 0.126151
3 0.751907 41
2 0.657438 0.00012
0 0.577422 jokvz
2 0.321497 0.000271
1 0.810248
2 0.509747 0.000656
4 0.788237 0.788263
0 0.558089 ofisw
4 0.106712 0.106788
0 0.263016 axoey
0 0.489427 lbsyl
0 0.657919 nlwqn
1 0.370877
1 0.310893
2 0.503854 0.000934
4 0.591882 0.591921
3 0.27603 14
0 0.327021 elpda
2 0.878422 0.000805
4 0.860033 0.860075
2 0.571734 0.000316
1 0.657913
1 0.787669
4 0.614623 0.614647
3 0.070434 6
0 0.305614 aspap
0 0.851963 ocrwn
0 0.875995 fbrxu
3 0.388338 9
4 0.382363 0.382447
3 0.030321 19
2 0.657867 4.6e-05
2 0.31567 0.000856
4 0.106341 0.106361
2 0.363483 0.000213
4 0.434431 0.434491
1 0.241674
0 0.805378 kvzll
0 0.750286 jyuor
1 0.653531
1 0.375769
2 0.658054 0.000543
1 0.136907
1 0.990404
3 0.38981 17
0 0.147836 sdprq
4 0.251584 0.251607
1 0.890911
4 0.026239 0.026296
4 0.40347 0.403558
0 0.295591 szkzw
1 0.657409
0 0.686174 ywwfg
3 0.60795 38
2 0.859534 0.000213
0 0.750445 czebd
2 0.542397 0.000115
3 0.181724 27
0 0.798594 uljar
1 0.631568
2 0.345118 0.000992
2 0.658116 0.000337
4 0.333195 0.333242
1 0.28014
4 0.988905 0.988935
3 0.161947 29
3 0.600432 5
1 0.379903
4 0.453815 0.453852
4 0.386898 0.386948
2 0.534818 0.000172
0 0.657516 zufcm
1 0.235575
3 0.619667 30
0 0.94234 uolbc
2 0.399467 9.7e-05
4 0.371557 0.371573
2 0.622007 0.000949
0 0.017531 kopib
4 0.752094 0.752167
3 0.98767 3
0 0.657397 visgv
2 0.113241 0.000666
2 0.666305 0.000575
3 0.122619 32
4 0.113751 0.113817
1 0.267693
1 0.983493
4 0.845716 0.845755
2 0.023219 0.000609
3 0.820389 12
1 0.65788
3 0.606596 43
2 0.236189 0.00026
4 0.418846 0.418881
0 0.541465 jagoo
3 0.670319 44
2 0.516035 0.000634
2 0.539254 0.000595
0 0.875996 mowkr
2 0.550751 0.000893
1 0.657363
3 0.704551 36
0 0.601673 qifdx
0 0.578259 citgx
0 0.627281 cnvoo
0 0.771016 yhunj
4 0.265724 0.265755
0 0.867397 boglg
0 0.662221 ziowa
2 0.199481 0.000351
2 0.657304 0.000265
0 0.162538 kvdmo
2 0.765971 0.000957
4 0.633368 0.633371
0 0.126378 jhpjo
2 0.770302 0.000804
0 0.628961 eeicn
3 0.977795 23
2 0.373827 0.000366
2 0.190102 0.00035
3 0.657859 49
0 0.191812 uarlj
2 0.972026 0.00087
3 0.924038 31
3 0.53905 49
4 0.545585 0.545669
1 0.714658
4 0.975994 0.97607
1 0.166096
3 0.039181 7
0 0.658056 gdvgm
2 0.06791 0.000386
2 0.966163 0.000425
4 0.258054 0.258081
0 0.366073 uizui
3 0.98615 7
1 0.717229
3 0.238541 34
1 0.651815
2 0.756481 0.000119
1 0.658125
3 0.889228 35
2 0.882005 0.000659
1 0.413832
2 0.078071 0.000597
2 0.562662 0.000371
0 0.506896 sfxqa
0 0.826487 jugmp
3 0.291798 0
1 0.697378
0 0.657869 fwxyl
3 0.025133 12
0 0.691838 rhumk
4 0.609462 0.609466
0 0.149748 iqtak
2 0.989097 0.000816
2 0.167827 0.000903
1 0.574908
3 0.013825 9
1 0.038958
1 0.65793
3 0.494397 48
3 0.779966 5
2 0.892023 0.000985
0 0.370271 hiaox
4 0.844176 0.844269
3 0.14708 35
1 0.992255
2 0.942826 0.000298
1 0.050699
2 0.657417 0.000331
0 0.096858 unxxm
2 0.733944 0.000833
1 0.368526
3 0.368977 5
0 0.304422 dslkm
2 0.15836 0.000707
0 0.20906 ulpmr
0 0.067623 unmar
2 0.872107 0.000562
1 0.657673
1 0.421374
1 0.891444
1 0.015521
2 0.617585 4.3e-05
4 0.357293 0.357331
1 0.777934
4 0.945798 0.945805
1 0.997703
2 0.852554 0.000207
0 0.657877 bcxrr
4 0.228622 0.228636
3 0.120067 42
4 0.227046 0.227074
4 0.008737 0.00881
4 0.999489 0.999496
3 0.945287 17
1 0.459343
4 0.653418 0.653468
2 0.711598 0.000646
0 0.658085 wryyx
3 0.035494 37
4 0.26254 0.262557
3 0.271278 40
4 0.787119 0.787168
2 0.248758 0.000516
1 0.708101
3 0.026979 4
0 0.254929 qnerm
1 0.234453
0 0.657245 pemcw
0 0.342102 mcvuf
2 0.948807 0.000257
0 0.221825 rrvfi
4 0.388035 0.388132
1 0.647081
2 0.176231 0.000674
1 0.468163
4 0.907518 0.907606
1 0.114434
0 0.657214 icofa
0 0.539781 scfzh
1 0.316078
4 0.077515 0.077539
3 0.76777 5
2 0.347136 0.000971
2 0.254654 0.000959
0 0.88544 nlhgl
4 0.313413 0.313424
0 0.369547 hgwoe
3 0.657918 6
2 0.933447 0.000878
4 0.299785 0.299799
0 0.004779 lzgzu
4 0.650334 0.650412
0 0.479335 cfsym
3 0.254161 42
3 0.825401 40
2 0.990509 0.000712
2 0.923387 0.000342
2 0.657428 0.000786
4 0.666206 0.666268
0 0.944519 embzj
3 0.121011 31
4 0.862135 0.862201
2 0.63778 0.000404
1 0.764022
3 0.55586 35
2 0.9956 0.000429
4 0.715353 0.715376
2 0.657415 0.000912
4 0.6178 0.617841
2 0.73305 0.000805
1 0.848795
3 0.922927 30
1 0.576045
2 0.204788 0.000801
3 0.96881 29
1 0.961897
2 0.158641 0.000326
3 0.657536 43
4 0.895683 0.89574
0 0.513484 ihsum
1 0.142024
3 0.429913 30
3 0.955391 18
4 0.562571 0.562601
0 0.725612 aojyu
0 0.798608 eiauf
3 0.24936 44
1 0.658104
2 0.377591 0.000373
3 0.570271 23
4 0.484091 0.484165
0 0.366722 drysr
3 0.741935 43
2 0.99524 0.000167
4 0.842254 0.842288
4 0.607966 0.607994
0 0.327182 hqfal
2 0.657457 0.00084
1 0.845599
4 0.734035 0.734074
1 0.209111
2 0.706325 4.6e-05
1 0.325094
2 0.999945 0.000803
3 0.917431 44
0 0.807412 dbjwz
4 0.137473 0.137489
1 0.657243
3 0.265747 23
0 0.432586 bbvcw
4 0.218663 0.218665
1 0.340466
0 0.123778 rjyvk
0 0.168618 axviv
0 0.695798 ujufm
1 0.75343
4 0.528635 0.52868
3 0.658081 46
3 0.224594 24
0 0.340454 dzprq
3 0.588818 3
3 0.139356 45
3 0.198464 32
2 0.983825 0.00061
0 0.253607 ljodp
1 0.538406
0 0.721398 gripy
2 0.657486 0.000336
4 0.501457 0.501463
0 0.635802 spmiu
4 0.228881 0.228882
3 0.282781 4
3 0.60033 5
1 0.038348
3 0.512308 45
0 0.161109 rmyfa
3 0.264199 9
1 0.657369
2 0.694839 0.000556
1 0.073288
3 0.561193 49
1 0.934147
4 0.460901 0.460905
0 0.015601 rhfjc
0 0.459282 upfvp
1 0.63951
4 0.521182 0.52119
3 0.657233 9
3 0.236292 8
4 0.686791 0.686868
3 0.490696 22
4 0.885756 0.885831
3 0.933823 40
3 0.909458 39
2 0.600643 0.000767
3 0.02559 29
2 0.063124 0.000337
3 0.657923 4
3 0.423081 14
2 0.626225 0.000993
2 0.633273 0.000765
2 0.035381 0.000992
0 0.485556 nyoop
3 0.314693 9
0 0.749323 syesb
1 0.550782
1 0.870883
1 0.657594
1 0.514423
3 0.301556 27
4 0.214901 0.214936
2 0.867038 0.000683
2 0.386612 0.000598
2 0.701306 0.000357
2 0.966981 0.000593
3 0.227993 21
1 0.675795
1 0.657164
4 0.750219 0.750309
1 0.780994
0 0.667354 hztlg
3 0.38499 0
3 0.052588 47
1 0.151298
1 0.836897
1 0.682869
0 0.169964 pkcdb
0 0.657691 fvazf
3 0.211883 22
4 0.477528 0.477592
4 0.646138 0.646143
4 0.516054 0.516057
0 0.352951 kmwhu
4 0.962683 0.962697
2 0.259158 0.000111
4 0.921431 0.921485
2 0.251058 0.000318
2 0.657526 0.000751
4 0.796809 0.796902
2 0.514814 0.000982
2 0.900469 0.000669
0 0.353015 uinsy
0 0.816628 rnzul
1 0.060536
2 0.742016 5.1e-05
0 0.873408 czfry
3 0.302281 11
2 0.657567 0.000219
0 0.602298 mhqgb
4 0.680432 0.680444
3 0.348285 8
0 0.783549 widyc
3 0.044904 30
2 0.746287 0.000363
0 0.34814 fytja
0 0.081632 ecscx
1 0.579304
1 0.658015
3 0.8108 9
0 0.669135 fangc
3 0.344737 22
3 0.648052 3
0 0.945896 iziga
4 0.240977 0.241047
1 0.820282
2 0.216527 0.000163
2 0.54368 0.000673
4 0.657451 0.6575
3 0.622043 24
1 0.96678
2 0.777407 0.000184
2 0.954289 8e-05
2 0.946331 0.00096
3 0.203896 47
3 0.923766 48
0 0.97058 ofdft
1 0.825028
2 0.65772 0.00031
4 0.237175 0.237218
3 0.530934 29
1 0.485223
2 0.309763 0.000554
4 0.600913 0.600915
1 0.133041
1 0.194971
1 0.562501
1 0.253729
1 0.657461
4 0.151691 0.151738
2 0.936277 0.000609
4 0.689804 0.689856
2 0.220738 0.000384
3 0.222313 46
1 0.17022
0 0.014892 jdnmw
2 0.509149 0.000666
1 0.71589
4 0.657615 0.657635
4 0.918269 0.918318
4 0.736383 0.736389
3 0.237272 46
2 0.825136 0.00021
0 0.239114 resdg
2 0.352452 0.000622
1 0.861601
1 0.504199
1 0.40197
1 0.657476
1 0.077593
3 0.783547 28
4 0.166005 0.166006
1 0.192848
4 0.971608 0.971646
3 0.05539 1
2 0.977546 0.00081
4 0.329998 0.330031
2 0.191599 0.000426
1 0.657882
4 0.444767 0.444857
2 0.038712 0.000433
4 0.885393 0.885428
0 0.969346 sxnip
3 0.433979 24
2 0.411525 0.000134
1 0.257876
4 0.752345 0.75242
0 0.710483 lxujq
0 0.658103 keayo
2 0.448832 0.000275
3 0.688454 16
2 0.163778 0.000818
4 0.278913 0.27899
2 0.507832 0.000922
0 0.14153 luxmy
4 0.586721 0.586819
0 0.776593 dzxmp
4 0.104461 0.104512
4 0.657794 0.657808
2 0.358046 0.000379
1 0.555309
4 0.012749 0.0128
4 0.795507 0.795518
4 0.817583 0.817643
3 0.920656 10
3 0.69725 5
4 0.938595 0.938636
4 0.661477 0.661531
2 0.657619 0.000932
2 0.226734 0.000331
4 0.683561 0.683653
0 0.212662 uetrz
4 0.555066 0.555085
0 0.225128 wyuel
4 0.644945 0.645032
3 0.159218 0
0 0.608502 vatcf
0 0.810113 gkgcp
0 0.657326 rbzlo
4 0.048451 0.048534
3 0.693397 22
3 0.368967 22
3 0.977469 2
2 0.393303 0.000192
3 0.20448 8
2 0.129401 0.000144
1 0.333527
1 0.955393
2 0.657242 0.000745
3 0.878834 6
4 0.251869 0.251913
3 0.217692 17
0 0.365466 bzwmw
0 0.890724 dmthr
0 0.810946 isovd
2 0.045051 0.0002
3 0.722748 21
4 0.093841 0.093854
3 0.658066 0
4 0.067052 0.067113
1 0.268717
1 0.042986
2 0.191607 0.000757
2 0.743767 0.000703
0 0.767672 joaxz
3 0.461665 17
0 0.737434 pystw
4 0.14235 0.142412
0 0.657313 nmuql
1 0.917597
2 0.248593 0.000622
2 0.562208 0.00066
4 0.437227 0.437278
1 0.034994
3 0.708942 5
3 0.179366 21
3 0.78419 24
0 0.874175 hlflt
1 0.657337
1 0.539198
1 0.698505
2 0.309005 0.000165
3 0.746232 18
4 0.297579 0.29761
3 0.056886 22
4 0.374407 0.374477
4 0.350631 0.350713
2 0.196879 0.000325
0 0.657175 trsvq
3 0.845246 11
0 0.006764 pyymb
4 0.548684 0.548783
1 0.588141
4 0.873258 0.873345
0 0.64944 emljp
3 0.862745 25
0 0.493134 gntsu
2 0.781905 0.000584
4 0.657632 0.657725
2 0.166649 0.000281
0 0.451208 ztrkl
2 0.358449 0.000664
2 0.305959 0.000409
2 0.458066 0.000895
0 0.077918 gjwpm
0 0.089507 efqdx
4 0.268179 0.268244
0 0.352699 csdvq
0 0.657555 ifcgm
3 0.120482 36
4 0.115959 0.116003
1 0.205466
1 0.445691
4 0.049707 0.049754
0 0.834238 neeso
2 0.355817 0.000401
2 0.49934 0.000175
3 0.450072 15
1 0.657907
0 0.285141 luzxk
0 0.595831 vjzqq
0 0.576294 tirub
1 0.142364
0 0.705866 sxlba
4 0.551263 0.55127
4 0.23448 0.234525
4 0.123163 0.123253
3 0.21447 45
1 0.657472
1 0.611075
3 0.902637 15
3 0.312882 6
4 0.222467 0.222489
0 0.614829 rhraz
3 0.012868 27
3 0.33642 43
0 0.255803 zahtz
2 0.813372 0.00055
0 0.657759 zcale
1 0.549451
0 0.124576 izxhu
1 0.164249
2 0.921144 0.00044
0 0.088659 qvnuv
2 0.638107 0.00075
1 0.848085
0 0.553561 efkbb
0 0.204219 aykqy
0 0.65794 pkntz
1 0.225758
1 0.232011
0 0.952865 ftouu
2 0.513898 0.000748
2 0.523228 0.00095
1 0.085756
4 0.491862 0.491896
3 0.384158 12
1 0.230301
1 0.657238
0 0.594642 crsmw
0 0.638153 fithq
1 0.052507
4 0.362971 0.362996
0 0.634156 cuwkk
3 0.275551 5
4 0.440655 0.440693
2 0.831517 0.000878
3 0.585169 34
3 0.657927 24
2 0.118853 0.000413
3 0.687713 34
2 0.34059 0.000459
0 0.48533 jtmsr
0 0.553505 tfbvm
3 0.408866 26
0 0.845751 wofnq
0 0.585768 buoul
0 0.345694 qmzft
0 0.6573 gjhyo
2 0.187325 0.000994
3 0.106826 47
3 0.907626 7
3 0.493394 29
4 0.259807 0.259902
0 0.841019 cagoz
4 0.191719 0.191765
0 0.120914 kgtja
1 0.084634
3 0.657617 8
0 0.616041 ydihk
2 0.65701 0.00082
3 0.098834 30
3 0.098969 11
4 0.178215 0.178222
3 0.691571 26
2 0.865212 0.00093
0 0.466198 bymul
0 0.88095 ijnlk
3 0.657808 42
0 0.313147 kswbz
2 0.774002 0.000672
1 0.155566
4 0.364041 0.364105
2 0.179625 0.000798
3 0.874456 23
0 0.458281 hgerw
4 0.459565 0.459583
4 0.289064 0.289097
1 0.657246
4 0.872963 0.873029
1 0.876689
2 0.475338 8.3e-05
3 0.44747 8
2 0.769038 0.000517
2 0.00426 0.000798
2 0.739827 0.000704
2 0.149103 0.000703
4 0.847273 0.84735
1 0.657975
1 0.10177
2 0.360844 0.000236
1 0.237534
3 0.459274 17
4 0.423096 0.423173
3 0.708486 46
0 0.712746 lqdhe
1 0.944103
3 0.965301 33
4 0.65796 0.657996
3 0.942378 32
2 0.926314 0.000618
2 0.90194 0.000587
1 0.325036
2 0.558424 0.000522
3 0.656017 18
2 0.861806 0.000194
2 0.893035 0.000222
3 0.725621 24
3 0.657618 29
0 0.730214 ssruf
4 0.271216 0.27127
2 0.112605 0.000423
2 0.146127 0.000586
1 0.408748
3 0.250429 42
3 0.143465 14
3 0.385438 40
1 0.034065
4 0.657715 0.657754
3 0.924829 20
4 0.798047 0.798088
3 0.707853 19
3 0.618276 21
0 0.337215 vlndu
3 0.67429 12
1 0.059728
4 0.743899 0.743993
4 0.360366 0.360441
0 0.65769 uoxpc
4 0.720053 0.720107
0 0.611826 qjqae
3 0.825513 46
4 0.823077 0.823135
4 0.092681 0.09269
3 0.364162 26
0 0.851382 rgnrp
4 0.747551 0.747559
2 0.173905 0.000993
3 0.65778 8
0 0.149664 jfgol
0 0.242554 wrguu
2 0.915307 0.000981
0 0.277182 wurgr
0 0.787568 rwlhi
0 0.93116 vkgkf
3 0.593154 10
3 0.086569 35
1 0.534571
4 0.65785 0.657877
3 0.639313 20
4 0.373465 0.373493
2 0.586315 0.000221
4 0.367811 0.367888
2 0.815323 0.000186
4 0.545646 0.545732
4 0.803589 0.80363
1 0.094214
2 0.669831 0.000245
0 0.658095 rkkuj
3 0.346984 5
2 0.933299 0.000878
4 0.817463 0.817518
1 0.149138
3 0.779412 34
2 0.240846 0.000373
3 0.032692 37
2 0.218875 0.000184
2 0.198351 0.000145
2 0.657716 0.000644
4 0.874452 0.874532
4 0.546325 0.546356
3 0.720441 46
0 0.669069 znjnv
3 0.107095 28
2 0.216034 0.000315
3 0.575219 39
1 0.556716
3 0.969308 0
2 0.657237 0.000744
4 0.78678 0.786856
4 0.507221 0.507243
0 0.17629 mrrnb
3 0.477224 34
1 0.693258
4 0.558776 0.558805
0 0.730727 tyzsc
0 0.431651 bjxht
4 0.66327 0.663321
1 0.657138
0 0.311158 xkglg
1 0.283295
2 0.782822 0.000737
4 0.64072 0.640768
2 0.348269 0.000571
2 0.77992 0.00029
4 0.998352 0.99839
1 0.240356
3 0.152112 3
2 0.657259 0.000196
4 0.70605 0.70608
4 0.230152 0.230175
1 0.313029
1 0.869659
1 0.687466
2 0.672978 0.000735
0 0.588152 icwaq
3 0.087068 20
2 0.778423 0.00066
1 0.657342
3 0.767951 38
4 0.998103 0.998165
0 0.827484 beeei
2 0.102714 0.000415
0 0.434722 mqerg
2 0.100121 0.000771
1 0.909133
0 0.208826 glzod
2 0.531893 0.000639
4 0.6577 0.657791
2 0.334451 4.4e-05
3 0.035867 1
0 0.108807 isjoe
0 0.909227 aztxm
2 0.53099 0.000436
1 0.538575
1 0.270331
4 0.479087 0.479136
2 0.457471 0.0007
3 0.658053 34
4 0.524078 0.524164
3 0.606736 40
1 0.822218
3 0.362786 32
2 0.400647 0.000438
0 0.447989 voigs
3 0.316995 0
1 0.774466
3 0.814731 37
2 0.657262 0.000353
4 0.768123 0.768212
0 0.301874 sjgnf
2 0.14958 0.000801
2 0.419806 0.00082
3 0.257714 21
2 0.574709 0.000472
0 0.865527 txgzt
2 0.727102 0.000824
0 0.389543 mqteb
1 0.657846
1 0.408264
1 0.391435
1 0.973574
4 0.870957 0.871053
1 0.959781
3 0.605738 8
2 0.817005 0.00071
1 0.428399
4 0.031017 0.031082
3 0.658091 13
3 0.319009 9
1 0.763073
3 0.118957 34
0 0.670745 rdqmj
1 0.907928
3 0.666444 0
3 0.019154 43
2 0.615319 0.000311
4 0.117379 0.11738
3 0.657566 20
3 0.592773 43
3 0.228082 28
3 0.898827 37
0 0.956881 ikfca
2 0.164424 0.000945
3 0.97507 30
2 0.300381 0.000731
3 0.739934 40
2 0.138366 0.00071
1 0.657439
4 0.991925 0.992008
3 0.890752 22
3 0.363986 19
2 0.338703 9.5e-05
0 0.496217 pwmdc
2 0.919323 0.000229
1 0.175609
1 0.359008
3 0.724183 24
4 0.65772 0.657817
2 0.921766 0.000849
1 0.484739
2 0.073265 0.000648
3 0.036361 18
0 0.680233 ovpye
0 0.942016 dwtjq
0 0.196959 zyzrr
3 0.430609 29
4 0.787797 0.787894
2 0.657944 0.000371
2 0.599395 0.000309
3 0.89857 44
3 0.149772 11
2 0.576583 0.00025
1 0.833723
3 0.325402 36
4 0.031299 0.031345
2 0.175314 0.000755
3 0.804068 4
2 0.65743 0.000807
4 0.147501 0.147503
0 0.302756 gahhu
1 0.05948
0 0.399889 ozcyl
3 0.282439 41
3 0.384546 39
3 0.274451 37
1 0.197099
1 0.022047
0 0.658036 wxavq
3 0.321145 4
3 0.721035 11
1 0.962679
1 0.222793
4 0.187495 0.187531
4 0.088393 0.088469
3 0.362844 15
1 0.076296
3 0.439164 48
4 0.658091 0.658131
2 0.150656 0.000312
1 0.471802
3 0.219776 39
1 0.523248
3 0.435987 43
4 0.139834 0.139864
4 0.228227 0.228285
4 0.107424 0.107499
2 0.18372 8.8e-05
1 0.658087
2 0.738277 0.000593
4 0.888934 0.888991
2 0.360736 0.000777
4 0.069925 0.069933
4 0.258145 0.258192
2 0.714691 0.000881
4 0.37147 0.371478
4 0.546216 0.546248
4 0.138079 0.138083
0 0.657707 kusgp
1 0.444949
0 0.742872 uuzta
1 0.351833
3 0.818338 16
4 0.70616 0.706234
1 0.768729
4 0.326545 0.326553
3 0.147987 17
3 0.599382 22
1 0.658034
2 0.783671 0.00054
2 0.203749 0.000922
3 0.613535 42
2 0.48172 0.000397
2 0.948138 0.000167
2 0.208313 6.3e-05
3 0.918724 10
1 0.746739
0 0.524361 xftca
0 0.657914 oxygj
2 0.74924 0.000912
0 0.452637 dosse
1 0.512692
2 0.380884 0.000435
4 0.501184 0.501232
4 0.220866 0.220899
2 0.311975 0.000218
4 0.186756 0.186852
4 0.781638 0.781733
1 0.657269
0 0.712897 btqlz
4 0.480205 0.48026
4 0.377441 0.377484
3 0.878625 41
4 0.615843 0.615868
1 0.927819
0 0.486765 zdqnj
2 0.918972 0.000174
4 0.63187 0.631921
0 0.657771 qyspj
3 0.904277 8
0 0.878169 mymxr
4 0.837366 0.837367
3 0.082804 18
2 0.198824 0.000443
1 0.996688
0 0.19935 cfhlw
1 0.044469
1 0.392816
2 0.65721 0.000916
4 0.729179 0.729241
2 0.649454 0.000403
0 0.717007 ucgew
4 0.074407 0.074439
4 0.790109 0.790197
4 0.597096 0.597119
1 0.008277
3 0.345124 43
2 0.538676 0.000521
3 0.657834 22
2 0.065506 0.000625
0 0.782514 kkyqi
1 0.662333
3 0.301147 42
4 0.073146 0.073236
4 0.719829 0.719848
4 0.064954 0.065018
1 0.60363
0 0.396999 ihtyz
4 0.658044 0.658109
1 0.454902
1 0.333387
0 0.769325 sptgq
2 0.996111 0.00029
1 0.310411
1 0.918846
4 0.891578 0.891609
4 0.235633 0.235702
2 0.388814 0.000266
3 0.65731 43
0 0.798431 leutp
1 0.347283
0 0.762373 ynvbb
1 0.997373
1 0.132189
1 0.060477
2 0.819278 4e-06
2 0.687544 0.000435
3 0.031072 30
0 0.657199 joteb
3 0.423868 38
0 0.206322 avsje
4 0.620205 0.620276
1 0.504379
4 0.653543 0.653611
0 0.733978 juuzn
1 0.732331
4 0.880907 0.880917
4 0.457772 0.45785
2 0.657534 0.000238
0 0.848291 adajg
2 0.30819 0.000407
0 0.601911 kdyoe
0 0.561498 ecbsw
1 0.253678
2 0.751506 0.000961
3 0.930744 34
4 0.11435 0.114371
1 0.918161
4 0.657838 0.657876
0 0.344615 sjvfg
2 0.798614 0.000608
1 0.981191
1 0.197668
0 0.955545 zbwhw
4 0.039101 0.039121
2 0.771358 3.3e-05
3 0.316153 39
1 0.327031
4 0.657454 0.657532
4 0.52893 0.52897
0 0.434891 owpni
4 0.492878 0.492971
0 0.858076 vxvtx
4 0.861772 0.861799
0 0.701862 ccyow
1 0.94779
1 0.398788
2 0.911622 0.000766
1 0.657898
3 0.173386 43
4 0.742603 0.742674
4 0.753664 0.753664
3 0.631695 40
0 0.628075 vfhwr
2 0.497513 0.000779
0 0.490596 soese
2 0.222099 0.000219
3 0.888094 43
3 0.658068 7
2 0.682112 0.000355
2 0.715062 0.00043
4 0.966227 0.966298
4 0.62031 0.620368
0 0.116089 gjvzq
4 0.076263 0.076357
3 0.391482 34
4 0.011977 0.012006
4 0.522911 0.522947
3 0.658125 33
0 0.703421 bxald
0 0.295216 iqdzu
1 0.27477
4 0.941627 0.941692
3 0.797313 4
3 0.568642 10
1 0.525631
3 0.118437 22
1 0.071227
1 0.65773
2 0.786687 0.000275
2 0.081903 4.3e-05
0 0.657892 zfinb
3 0.329508 20
4 0.670314 0.670332
1 0.142174
4 0.782792 0.782802
3 0.082767 26
0 0.086163 yhlho
0 0.657848 hflzs
1 0.378319
0 0.326339 vfebf
0 0.588988 bmnel
4 0.743147 0.743238
3 0.183555 5
3 0.67361 21
4 0.610764 0.610794
2 0.291331 0.000317
3 0.66965 10
4 0.657403 0.657403
0 0.521342 gtorn
2 0.026692 0.000952
0 0.452036 dxrxg
2 0.152459 0.000621
3 0.892783 4
2 0.629938 0.000955
2 0.693433 0.000848
4 0.786285 0.786384
3 0.534318 40
3 0.657872 43
4 0.497042 0.497075
0 0.054695 atefq
4 0.39171 0.391729
3 0.163014 33
1 0.120321
1 0.641036
0 0.666452 tamrs
1 0.059434
1 0.283034
4 0.657801 0.65784
0 0.237899 qbkoz
1 0.0754
2 0.220712 0.000133
0 0.341034 vfmbn
2 0.512536 1.3e-05
3 0.411629 48
1 0.694663
2 0.895036 0.000682
3 0.040479 31
3 0.657703 42
0 0.335267 fsxce
3 0.416721 4
4 0.694265 0.694292
1 0.723153
0 0.842586 lfzec
1 0.719479
3 0.615095 12
1 0.073438
1 0.033426
4 0.657704 0.657772
2 0.1692 0.000375
3 0.585922 31
4 0.796539 0.796547
1 0.519692
4 0.311399 0.311425
4 0.990979 0.991002
2 0.565595 0.000454
2 0.697042 0.000866
0 0.77048 hpgmv
0 0.657685 ycphe
4 0.544842 0.544941
3 0.488043 0
4 0.163533 0.163562
4 0.469032 0.469108
3 0.513649 18
1 0.853299
4 0.18708 0.187108
0 0.404879 nyoid
4 0.491456 0.491527
2 0.657247 0.000366
1 0.790509
2 0.279167 4.2e-05
3 0.356377 24
0 0.702392 yqypl
1 0.565454
0 0.272938 pqeap
0 0.052324 feavg
4 0.908915 0.908943
2 0.862957 0.000427
1 0.657688
3 0.255458 47
1 0.078184
2 0.019403 0.000991
2 0.292341 0.000876
1 0.720537
4 0.398046 0.39806
3 0.213986 7
2 0.332392 1.9e-05
1 0.757659
4 0.65775 0.657828
1 0.939351
2 0.628692 0.000161
2 0.296388 0.000698
1 0.832143
4 0.481168 0.481204
2 0.820896 0.000725
2 0.218942 4e-05
2 0.949281 0.000199
4 0.798025 0.798095
3 0.657704 43
1 0.1517
0 0.632005 vjazh
4 0.409793 0.409836
0 0.407313 vhdvp
4 0.814497 0.814516
0 0.390048 jjtqt
4 0.229962 0.230011
1 0.857929
4 0.740626 0.740666
2 0.657474 0.000889
3 0.118235 46
1 0.176966
1 0.068063
3 0.580158 17
2 0.448078 0.000704
1 0.547349
1 0.06494
0 0.470714 wkbuj
4 0.942701 0.942707
1 0.65768
2 0.365285 0.000781
4 0.205138 0.205186
0 0.273201 royvj
1 0.479469
2 0.486043 0.000761
2 0.956757 0.000594
1 0.902972
3 0.444312 41
4 0.503519 0.503553
1 0.657151
3 0.173551 48
1 0.744651
3 0.330443 24
1 0.667915
2 0.727852 9.2e-05
1 0.382244
2 0.130904 0.000306
1 0.507498
0 0.844568 ambhl
0 0.657792 javto
2 0.303063 0.000846
3 0.440224 11
1 0.684429
0 0.161204 kurwh
4 0.804037 0.804097
1 0.157758
1 0.042367
4 0.851817 0.85189
4 0.695533 0.695616
0 0.65742 vguvo
0 0.706285 fgejw
3 0.458474 40
2 0.778863 0.0004
1 0.936621
2 0.469108 0.000972
1 0.122181
1 0.539924
1 0.646903
2 0.906702 3.7e-05
0 0.657396 xvhmx
3 0.143085 34
1 0.601559
4 0.684011 0.684085
0 0.110752 wwqbk
0 0.970054 gbdkw
2 0.495676 0.000403
4 0.643151 0.643238
3 0.738743 24
4 0.881828 0.881888
0 0.657969 gzcwl
1 0.340029
2 0.961103 0.000127
3 0.029019 39
0 0.15726 eyfhb
3 0.262799 19
1 0.778573
3 0.433012 36
0 0.949104 stsrp
2 0.371998 0.000788
1 0.658049
4 0.36212 0.362176
1 0.519381
0 0.132221 bkroc
3 0.01959 3
3 0.968954 39
4 0.918058 0.91812
0 0.79638 epzup
3 0.998248 5
4 0.87672 0.876733
1 0.658113
2 0.084771 0.000357
1 0.06953
4 0.157137 0.157209
4 0.49846 0.498486
3 0.121011 36
0 0.125151 yikji
0 0.450179 zbeoo
0 0.48791 vtazc
4 0.960886 0.9609
3 0.657909 14
4 0.280786 0.280788
1 0.92229
3 0.283988 42
4 0.984476 0.98456
1 0.683213
2 0.40553 0.00067
1 0.014962
0 0.185888 oyimb
1 0.036645
1 0.657906
2 0.739807 0.00091
1 0.504806
0 0.727305 nuvsm
2 0.456483 0.000663
4 0.231505 0.231514
1 0.978086
0 0.906394 afjeq
2 0.115149 0.000869
4 0.277234 0.277263
1 0.657969
2 0.062977 0.000981
3 0.767091 1
2 0.865488 8.7e-05
3 0.40212 42
4 0.953713 0.953743
4 0.860108 0.860191
1 0.658185
1 0.667319
2 0.105167 0.000541
3 0.657704 9
1 0.495405
3 0.297403 36
2 0.580846 0.000989
1 0.962687
3 0.045656 7
3 0.371216 20
3 0.541277 30
3 0.677081 15
1 0.3444
4 0.658075 0.658104
4 0.778863 0.778902
0 0.274268 pzszl
3 0.947292 44
1 0.992948
1 0.002501
4 0.619524 0.619529
2 0.314504 9.5e-05
0 0.184022 bmejy
3 0.586809 32
4 0.657187 0.657215
1 0.455411
2 0.982833 0.000759
4 0.91903 0.919118
4 0.220033 0.220122
4 0.839557 0.839603
3 0.154062 44
3 0.338084 48
0 0.400882 fngek
4 0.708252 0.708326
0 0.657219 uwtii
0 0.951384 rjpmb
3 0.382149 17
1 0.236585
0 0.293324 oiwzb
4 0.049311 0.049346
3 0.361521 13
4 0.590945 0.590974
1 0.684875
0 0.772471 qdlhm
2 0.657677 4.1e-05
2 0.332128 0.000358
1 0.485947
1 0.307277
4 0.607684 0.60769
3 0.536219 12
4 0.215034 0.215085
2 0.626964 8.9e-05
4 0.723741 0.723753
1 0.692696
1 0.657872
4 0.944003 0.944084
0 0.710147 znioz
3 0.407742 23
1 0.028735
2 0.364113 0.000602
4 0.480816 0.48083
0 0.348905 bdrat
4 0.154076 0.154099
0 0.614431 aiikh
4 0.657252 0.657339
4 0.278991 0.279082
4 0.890436 0.89044
3 0.716915 23
2 0.68671 0.000578
0 0.380246 yhpek
0 0.683894 anysf
2 0.091224 0.000962
0 0.778663 uxggg
3 0.258361 29
1 0.657675
4 0.871825 0.871865
2 0.775769 0.000971
3 0.833789 28
2 0.50624 0.00059
3 0.019622 21
0 0.627198 ebdyv
0 0.309368 vahvb
2 0.9403 0.000685
2 0.369792 0.0003
4 0.657527 0.657535
4 0.274733 0.274734
4 0.431811 0.431834
2 0.279556 0.000273
2 0.57079 0.000486
3 0.5518 8
4 0.145727 0.145768
0 0.069486 xioju
0 0.41585 lizvg
1 0.050819
1 0.658028
3 0.957695 17
1 0.528485
4 0.799441 0.799479
4 0.495777 0.495794
1 0.276195
0 0.11467 fnqvq
3 0.178381 23
4 0.7721 0.772112
0 0.822919 luygo
1 0.658097
2 0.862293 0.000601
2 0.874423 0.000318
0 0.150618 hlkoo
3 0.694247 21
4 0.97162 0.971705
1 0.612984
3 0.985631 25
3 0.368797 1
0 0.41613 dsoiz
2 0.657804 0.000884
4 0.205248 0.205312
4 0.116519 0.116536
2 0.327118 0.000589
3 0.81509 26
0 0.944427 tgmaq
0 0.465452 atsid
4 0.938299 0.938377
4 0.828535 0.828554
4 0.397052 0.397115
3 0.657471 12
0 0.316271 bpyla
1 0.274635
4 0.685673 0.685763
1 0.659932
3 0.53927 10
2 0.602824 0.000961
2 0.8474 0.000497
1 0.297224
4 0.425772 0.42584
0 0.657516 eqeef
3 0.681417 46
3 0.176681 21
1 0.653749
1 0.017196
0 0.896516 rmfwf
1 0.999601
1 0.260227
3 0.836741 48
2 0.626475 0.000531
0 0.657187 boccj
4 0.990737 0.99077
0 0.582943 qbrtw
1 0.061078
1 0.926967
4 0.318944 0.318991
2 0.672038 9.7e-05
1 0.298513
3 0.436101 27
1 0.764317
4 0.657267 0.657364
4 0.32987 0.3299
0 0.912814 uepca
3 0.143424 43
3 0.720455 38
0 0.206507 stnom
2 0.689419 0.000595
1 0.937778
0 0.456649 fujwp
2 0.18807 0.000773
0 0.657728 lnhyj
0 0.041408 xqida
4 0.127451 0.127465
1 0.244967
4 0.666302 0.66637
2 0.615112 0.000839
2 0.585591 0.000877
2 0.935364 0.000892
3 0.366958 27
2 0.258848 0.000449
4 0.657991 0.658018
4 0.9512 0.951231
1 0.198456
4 0.904442 0.90445
3 0.887486 12
1 0.85671
1 0.301013
2 0.640017 0.00089
2 0.091733 0.000134
0 0.975044 gcwfx
2 0.658022 0.000846
4 0.830619 0.830693
2 0.115154 0.000816
2 0.677359 0.000655
4 0.941181 0.941198
0 0.242194 vxezu
2 0.745681 0.000929
0 0.125172 scfsl
1 0.857537
1 0.501792
1 0.657432
0 0.848823 urrnm
3 0.510385 18
4 0.339173 0.33925
4 0.164447 0.164457
3 0.145732 33
4 0.777182 0.777198
3 0.078006 39
2 0.999404 0.000681
0 0.256185 wcwhq
0 0.657697 rrhqb
1 0.119501
3 0.853221 25
2 0.242356 0.000769
2 0.596424 0.000504
3 0.105313 28
0 0.115995 nrrpk
2 0.178038 0.000652
3 0.971953 0
1 0.591986
2 0.657731 0.000158
2 0.067171 0.000235
4 0.309527 0.309584
1 0.905952
1 0.619692
2 0.28999 0.000612
4 0.440006 0.440075
1 0.746637
4 0.69996 0.699987
1 0.686458
2 0.65736 0.000319
0 0.812733 xbwwi
2 0.111967 0.000748
0 0.534271 eicse
0 0.79031 txdkh
4 0.152532 0.152551
1 0.19352
1 0.977682
1 0.377931
1 0.091322
2 0.657199 0.000564
2 0.100166 0.000594
0 0.644128 whgxb
4 0.185815 0.185841
3 0.413808 37
4 0.56634 0.566399
3 0.276213 5
0 0.237379 walhe
0 0.393866 kgxmj
4 0.138075 0.138123
1 0.657776
3 0.383183 38
4 0.491971 0.491983
4 0.21073 0.210782
2 0.494687 0.000423
3 0.156575 44
3 0.652526 8
4 0.562744 0.562774
0 0.718557 kfnsa
0 0.355016 irpvj
2 0.657558 0.000252
2 0.786198 0.000291
0 0.649704 yjanh
1 0.372841
0 0.590309 zetur
3 0.031779 5
0 0.123773 tzjhw
1 0.513581
4 0.461962 0.461987
1 0.111666
2 0.658062 0.000189
4 0.452572 0.452602
1 0.042881
1 0.442967
4 0.674276 0.674282
2 0.706055 0.000461
3 0.34618 18
0 0.34552 dkpov
0 0.076403 gxnjr
3 0.352672 16
4 0.658131 0.658183
3 0.010321 30
2 0.24077 0.000588
3 0.67867 18
1 0.061086
0 0.191768 pcfcy
2 0.841881 0.000785
2 0.204354 0.000977
0 0.073379 kapff
0 0.422115 iulgg
1 0.657533
4 0.772495 0.772563
1 0.316419
2 0.498094 0.000941
1 0.856328
1 0.303423
2 0.267055 6.6e-05
1 0.5695
2 0.541708 0.000942
3 0.210239 7
0 0.657428 njqdg
4 0.847325 0.847384
3 0.680096 28
4 0.540037 0.540136
2 0.571115 0.000475
2 0.83817 0.000541
3 0.40767 20
4 0.388964 0.38903
0 0.792373 eqgyk
0 0.428214 kgdzr
2 0.657281 2.5e-05
4 0.492767 0.492859
1 0.601069
3 0.722869 34
0 0.95589 rruco
1 0.529802
0 0.064798 znayu
0 0.410005 yudbl
3 0.084159 14
0 0.20158 ktjkd
0 0.657238 qjmqr
1 0.399827
0 0.987385 cnrps
3 0.459076 30
0 0.399384 yqfui
1 0.221039
1 0.108572
0 0.483892 ftguh
0 0.652568 fesok
4 0.934481 0.934556
4 0.657892 0.657943
0 0.0485 lpgtp
4 0.549108 0.549127
4 0.033 0.033096
0 0.609139 uwbiq
4 0.589922 0.59
1 0.567573
1 0.856177
2 0.264372 0.000935
0 0.090017 ghkrb
1 0.657173
3 0.569706 39
4 0.874703 0.874781
2 0.067821 0.00045
4 0.548887 0.548901
3 0.452517 15
2 0.80698 0.000292
1 0.071352
4 0.865492 0.865514
3 0.403039 10
0 0.657828 qircf
1 0.994969
1 0.307796
1 0.159676
0 0.12803 mgaas
0 0.652902 frejb
2 0.248174 0.000417
4 0.754143 0.754206
4 0.912152 0.912212
0 0.7552 khqfl
2 0.657391 0.000949
0 0.730157 rwdox
2 0.845296 0.000156
1 0.203848
0 0.797051 nvexn
2 0.624339 0.000177
1 0.550422
3 0.715741 47
2 0.86831 0.000554
1 0.674925
3 0.657141 0
3 0.778028 25
4 0.648184 0.648192
2 0.282866 0.000759
2 0.15534 0.000626
1 0.456317
3 0.374635 47
1 0.44141
2 0.898634 0.000707
4 0.766944 0.766957
0 0.65781 towzm
3 0.939242 44
4 0.015825 0.015885
0 0.556544 wcvpy
3 0.609869 47
3 0.136376 33
2 0.24535 0.000177
0 0.344092 xqpyp
4 0.365589 0.365659
2 0.535735 0.000886
4 0.657396 0.657479
0 0.016615 xnmua
3 0.137895 21
2 0.274193 0.000773
4 0.596455 0.596521
0 0.007394 ngvbb
3 0.284614 42
0 0.205705 vjxgo
2 0.171767 0.000873
4 0.476111 0.476158
2 0.657788 0.000267
1 0.90369
2 0.731174 0.000126
1 0.693555
3 0.091577 7
0 0.106661 rvdbc
2 0.311972 0.00018
1 0.296142
0 0.141992 fitlg
0 0.810957 vxafj
3 0.657693 28
4 0.504161 0.504252
0 0.726208 gpole
3 0.302111 18
3 0.444103 36
1 0.766594
4 0.563637 0.563728
3 0.40889 29
0 0.50167 vbqpm
0 0.134369 gatsw
0 0.657384 cymma
3 0.610274 22
2 0.690263 0.000364
1 0.615505
0 0.632548 fypbf
0 0.650534 kxvic
3 0.956471 43
3 0.053477 18
3 0.793411 48
3 0.920037 20
1 0.65732
4 0.225806 0.225887
4 0.859333 0.859406
4 0.297217 0.297289
1 0.464104
3 0.944334 13
0 0.477816 tdwim
2 0.490886 0.000997
0 0.760149 jzgiy
3 0.068493 22
3 0.657981 14
3 0.510819 35
4 0.719659 0.719678
2 0.195945 0.000788
3 0.145053 2
1 0.147639
4 0.885232 0.885268
4 0.645381 0.645403
1 0.759034
4 0.452807 0.452874
4 0.657164 0.657249
4 0.220994 0.221027
1 0.04728
2 0.08786 0.000251
1 0.283805
1 0.889971
4 0.311293 0.31131
0 0.580829 munex
4 0.090316 0.090386
1 0.007384
1 0.6579
1 0.351887
3 0.769746 38
0 0.346135 aitgg
2 0.036965 0.000385
4 0.129815 0.12983
0 0.682653 zqjzg
2 0.4229 0.000113
4 0.917405 0.917485
2 0.269292 0.000345
4 0.657224 0.657283
1 0.450438
3 0.405435 30
0 0.958752 hbbdi
2 0.514895 0.00039
2 0.075472 0.000768
2 0.014724 0.000233
1 0.932129
0 0.50637 cygue
1 0.537187
1 0.658108
1 0.663676
1 0.065137
3 0.022645 22
1 0.826569
3 0.458891 9
2 0.124011 0.000936
1 0.946597
4 0.998897 0.998959
4 0.716671 0.716696
1 0.657611
2 0.477365 0.000168
3 0.93634 40
4 0.870418 0.870497
3 0.409416 4
1 0.235985
2 0.162559 0.000696
1 0.286571
2 0.063884 0.000168
3 0.062781 32
3 0.657941 11
3 0.937285 13
0 0.742805 rntgo
4 0.011332 0.011359
3 0.198648 14
2 0.361208 0.000261
3 0.164131 45
2 0.913651 0.000359
0 0.349233 oxrzw
0 0.80675 dpyhh
0 0.657648 uczbu
1 0.093386
2 0.798779 0.000517
2 0.144538 0.000168
3 0.553078 4
2 0.257424 0.000499
4 0.197752 0.197781
4 0.367781 0.367797
2 0.220203 0.000803
0 0.141787 yoxwn
3 0.657209 10
3 0.248944 44
1 0.936465
3 0.708522 21
0 0.965946 gbmsm
2 0.421667 0.000651
2 0.861471 0.000631
4 0.25914 0.259233
3 0.405307 31
3 0.101081 8
0 0.657687 ypuen
1 0.1703
1 0.398011
2 0.105597 0.000962
4 0.669781 0.669862
2 0.97052 0.000804
0 0.896694 feumt
0 0.629685 yxqjs
4 0.529775 0.529806
4 0.712068 0.712151
3 0.65758 45
3 0.151677 28
1 0.753911
3 0.492531 26
4 0.099476 0.099562
1 0.62808
2 0.391287 0.000765
2 0.18792 0.000438
4 0.013408 0.013497
1 0.688191
0 0.657408 vpaao
4 0.491913 0.491945
0 0.132061 gxist
2 0.510171 0.0003
1 0.284288
4 0.215181 0.215207
4 0.228589 0.228656
0 0.91678 zuhzg
2 0.897884 0.000373
4 0.389797 0.389854
4 0.657854 0.657932
2 0.433811 0.000952
1 0.460334
4 0.886703 0.886725
4 0.618236 0.618237
0 0.846826 kuglo
0 0.649375 yjdbm
1 0.783936
3 0.975267 8
3 0.715086 19
1 0.657287
0 0.493935 ecxuv
4 0.905149 0.905163
0 0.478925 qogpc
1 0.350233
3 0.64532 21
2 0.136939 0.000529
2 0.368378 0.0007
3 0.459258 5
4 0.469545 0.469578
0 0.657647 qdaqn
0 0.237495 gyywf
0 0.92903 mzulu
2 0.530141 0.000291
0 0.505751 sncjk
0 0.746695 nkxvf
2 0.722023 7.6e-05
0 0.327625 mjnss
2 0.737835 0.000685
2 0.774139 0.000179
3 0.657416 2
3 0.667579 33
4 0.257296 0.257324
2 0.936783 0.000486
0 0.494052 gnapb
4 0.001123 0.001162
0 0.946693 rihjt
0 0.585333 tmbew
4 0.320031 0.320102
4 0.008928 0.008934
2 0.657444 0.000473
2 0.317439 0.00085
3 0.84473 24
0 0.864862 eudwl
3 0.839364 2
1 0.804909
4 0.597613 0.597697
0 0.433996 jmmme
2 0.124077 0.000872
4 0.957868 0.957943
3 0.657535 0
0 0.95842 idbly
4 0.459113 0.459141
0 0.661304 xjvth
2 0.355966 0.000159
1 0.013948
1 0.808849
0 0.885456 pxcne
1 0.258097
0 0.678508 duese
3 0.65727 12
1 0.616003
3 0.119046 30
4 0.922558 0.922614
0 0.850146 lhryd
2 0.173358 9.2e-05
4 0.431456 0.431503
4 0.24678 0.246846
4 0.458696 0.458793
4 0.872113 0.872198
3 0.657422 14
1 0.10122
3 0.999371 29
0 0.849517 ssgfk
0 0.510926 kkkgu
2 0.4915 0.000564
3 0.562297 10
1 0.615583
1 0.994091
3 0.541135 4
4 0.657409 0.657482
4 0.919792 0.919851
1 0.021265
4 0.627684 0.627779
3 0.93297 1
4 0.158504 0.158595
1 0.650004
2 0.503175 0.000302
2 0.055851 0.000237
0 0.566294 sgupu
0 0.657356 ytrbi
4 0.743982 0.744012
0 0.143735 locyd
3 0.772561 35
2 0.344765 0.000822
3 0.911059 34
3 0.06461 41
1 0.804787
2 0.571838 0.000109
0 0.862254 aepgy
2 0.657729 5.4e-05
1 0.756982
0 0.025876 uidql
2 0.818072 0.00073
2 0.399034 0.000973
4 0.720173 0.720219
4 0.701283 0.701346
3 0.396331 1
4 0.835362 0.835384
3 0.934479 17
2 0.657785 0.000579
4 0.306899 0.306948
3 0.213911 45
2 0.548335 0.000976
2 0.947369 0.000949
1 0.667543
2 0.472405 0.000178
3 0.811761 9
4 0.447822 0.447893
3 0.74801 3
3 0.657608 9
2 0.853473 0.00071
4 0.823954 0.823976
4 0.716756 0.716813
2 0.355853 0.000679
4 0.383861 0.383883
1 0.372619
0 0.385719 dwwne
4 0.896564 0.896652
4 0.651169 0.651183
1 0.657973
1 0.548688
3 0.84893 19
2 0.308888 0.000527
2 0.748919 0.000736
1 0.340141
4 0.50294 0.503033
1 0.203672
1 0.587852
1 0.030991
3 0.657313 15
2 0.953545 0.000511
1 0.254385
2 0.743354 0.000178
3 0.290325 32
3 0.977204 40
2 0.432292 0.000861
0 0.573937 nrhdp
4 0.705403 0.705448
4 0.470545 0.470621
4 0.657356 0.657371
3 0.813607 35
4 0.709137 0.70917
0 0.96257 ksedf
0 0.238982 fcdov
0 0.503555 ovyty
1 0.658163
1 0.296066
1 0.297785
1 0.080916
2 0.657605 0.000844
1 0.837582
3 0.283393 34
0 0.038727 wzapv
4 0.295228 0.29531
1 0.860175
3 0.13767 26
3 0.105496 44
4 0.919633 0.919731
2 0.926556 0.000984
0 0.65758 mdzjb
4 0.466125 0.466139
2 0.257798 0.000888
1 0.069379
1 0.559185
1 0.438511
0 0.571684 hpiyo
1 0.004913
0 0.809763 jadyz
2 0.262158 0.000209
3 0.657657 1
0 0.529412 sevkv
1 0.450162
1 0.535812
1 0.131987
4 0.523555 0.52362
4 0.204801 0.204829
0 0.814799 keyez
4 0.940217 0.940252
0 0.30422 ohgtx
1 0.657676
0 0.00247 unxuy
0 0.82461 tcwrn
0 0.881096 gexpx
2 0.364881 0.000139
3 0.863223 29
2 0.114871 0.000741
1 0.816682
3 0.619267 10
3 0.376645 44
3 0.657813 1
2 0.076215 0.000596
4 0.957311 0.957398
0 0.192529 kznfk
2 0.743452 0.000247
1 0.858323
0 0.965948 vazur
2 0.309362 0.000225
4 0.855394 0.855422
1 0.931609
2 0.658055 0.000264
3 0.597802 12
2 0.698545 0.000841
3 0.426264 43
2 0.951651 0.000969
3 0.433951 26
4 0.535518 0.535564
3 0.530083 11
3 0.725902 5
3 0.308721 14
0 0.657871 fyjvs
4 0.151888 0.151915
3 0.204533 36
4 0.115502 0.115588
2 0.734181 0.00054
1 0.347927
3 0.870961 40
3 0.113215 45
2 0.938288 0.000412
4 0.020657 0.020658
1 0.657527
3 0.691008 32
1 0.089887
2 0.073739 0.000223
4 0.705594 0.705604
1 0.956127
2 0.584529 0.000406
3 0.45549 47
3 0.568706 44
2 0.506994 0.000506
2 0.657494 0.000198
3 0.821753 18
1 0.534287
4 0.158238 0.158312
1 0.097813
3 0.375112 23
0 0.331239 eadzs
4 0.295669 0.295669
4 0.969407 0.969453
2 0.587686 0.000302
2 0.658131 0.000562
0 0.019348 tewfj
2 0.841946 0.000161
2 0.190468 0.000752
2 0.12352 0.00075
3 0.028414 44
0 0.502014 qhquf
2 0.563688 0.000816
4 0.132603 0.132676
3 0.719452 5
3 0.657988 7
2 0.427016 0.000687
2 0.656768 0.000144
2 0.554518 0.00061
1 0.760765
0 0.691947 rtszk
4 0.927522 0.927561
3 0.060125 13
3 0.295929 20
4 0.26881 0.268834
1 0.657174
0 0.121636 tnuvr
4 0.458796 0.458858
4 0.457047 0.4571
1 0.304528
1 0.733932
0 0.037767 taybj
2 0.7452 0.000267
2 0.053423 0.000256
4 0.272334 0.272378
2 0.657534 0.000264
1 0.36749
2 0.86252 0.000879
4 0.854273 0.854305
0 0.164301 eduau
3 0.854379 25
2 0.115931 0.000642
1 0.169355
0 0.166958 hkamz
1 0.11354
4 0.657194 0.657214
0 0.346685 hsogy
1 0.049411
1 0.446311
3 0.797758 19
4 0.888752 0.888757
4 0.953002 0.953017
2 0.144848 0.000906
4 0.747447 0.747459
4 0.717536 0.717619
1 0.657448
1 0.27476
4 0.478579 0.478659
2 0.224338 0.000944
3 0.670649 37
1 0.81452
3 0.800338 28
0 0.269692 qdrhr
0 0.298964 xnpbq
3 0.656368 48
3 0.657512 45
3 0.072674 26
4 0.575761 0.575775
0 0.647627 jdmqj
4 0.09779 0.097873
3 0.776131 49
4 0.68836 0.688458
1 0.853445
2 0.832531 0.000643
0 0.483831 futvw
1 0.658082
3 0.611789 3
1 0.553063
2 0.544194 0.000102
3 0.667229 18
1 0.60558
2 0.861388 0.000179
3 0.231185 43
1 0.557181
0 0.26913 yfnqj
4 0.657582 0.657619
0 0.841953 uhvtw
0 0.548628 gwrag
0 0.860363 ktnpg
1 0.68459
2 0.576095 0.000897
2 0.175859 0.000367
0 0.623949 drdfx
3 0.306131 11
2 0.469827 0.00044
3 0.657242 30
2 0.40961 0.000265
3 0.737645 5
0 0.938587 zwtov
4 0.373712 0.373762
3 0.729968 2
1 0.194579
2 0.384019 0.000442
1 0.370198
2 0.914419 0.000325
1 0.657301
3 0.880518 21
1 0.801775
1 0.053538
0 0.786708 hnzdl
2 0.123761 0.000181
1 0.201649
0 0.369468 lfqlj
1 0.736193
0 0.441875 hrtwa
4 0.657709 0.657765
1 0.540951
0 0.904423 orjuc
3 0.409293 14
3 0.511314 19
0 0.467181 yhgrt
1 0.550775
2 0.391526 0.000164
3 0.59058 42
4 0.576341 0.576436
4 0.658059 0.658079
3 0.051921 22
3 0.461214 36
2 0.48888 0.000356
4 0.472413 0.472478
1 0.19214
1 0.48468
3 0.224082 0
4 0.840598 0.840686
4 0.54369 0.543775
3 0.65792 49
3 0.440006 3
4 0.72603 0.726043
0 0.188619 zzfeh
2 0.540713 0.000635
0 0.541746 liuiq
1 0.030469
0 0.428671 aawxi
1 0.150759
2 0.812847 0.000772
2 0.657354 0.000694
0 0.734027 nlqvf
0 0.170095 xjley
2 0.200632 5e-05
1 0.513395
0 0.609005 unmhl
4 0.024247 0.024341
4 0.562941 0.56298
1 0.757131
3 0.86658 8
2 0.657537 0.000291
4 0.939579 0.939677
1 0.456928
3 0.870337 29
3 0.832197 37
2 0.397226 0.000951
2 0.775102 0.000192
0 0.187148 fhlcn
2 0.39837 0.000467
0 0.630493 dyoor
1 0.657846
0 0.376911 kuars
4 0.954086 0.954096
1 0.420821
4 0.7116 0.711601
3 0.243389 13
3 0.158111 30
0 0.788604 oppjr
2 0.666991 2.8e-05
2 0.560255 0.000423
1 0.657803
4 0.530459 0.530514
0 0.269406 lmcfo
2 0.182195 0.000411
1 0.619727
1 0.720167
3 0.320552 26
2 0.186868 0.000328
4 0.958897 0.958909
4 0.95232 0.952394
1 0.657877
1 0.916449
0 0.293914 ipeud
4 0.374406 0.374429
2 0.994134 9.2e-05
0 0.671617 fyxee
0 0.294761 ddvap
0 0.779341 djuaj
2 0.636479 0.000869
1 0.168498
0 0.657215 kybgv
4 0.747092 0.747119
3 0.224837 40
0 0.257574 qlljy
0 0.463277 uaqfl
3 0.316885 36
1 0.534311
4 0.746192 0.746222
2 0.010275 0.000344
4 0.757367 0.75739
2 0.657998 0.000774
0 0.138438 bkxfu
3 0.024737 0
2 0.329571 0.000338
3 0.162808 25
4 0.213472 0.213568
3 0.793654 49
3 0.535998 13
0 0.292722 kyuqn
1 0.590784
4 0.657908 0.658005
2 0.118512 0.000498
4 0.964435 0.964471
4 0.127244 0.127307
3 0.857068 10
4 0.650722 0.650783
2 0.18672 0.000624
0 0.995794 whwkj
0 0.090129 cmklq
3 0.92656 8
3 0.658093 49
2 0.988148 0.000867
4 0.000874 0.000915
0 0.967356 gmyxi
2 0.536893 0.000332
4 0.937353 0.937366
1 0.848385
4 0.493491 0.493494
4 0.936403 0.936466
3 0.242152 23
4 0.658057 0.658121
0 0.799797 ylrbb
1 0.100528
4 0.140588 0.140661
1 0.238509
3 0.45847 41
3 0.458891 34
4 0.278081 0.278119
4 0.396826 0.396916
2 0.94237 0.000306
2 0.658032 0.000281
2 0.120875 0.000139
3 0.456565 15
3 0.953889 3
1 0.144898
3 0.446395 20
1 0.902258
1 0.24189
4 0.373044 0.373124
4 0.76987 0.769892
3 0.657614 6
4 0.782378 0.782465
3 0.903253 26
2 0.87617 0.000441
0 0.83006 kmafl
0 0.748618 oycrw
1 0.748846
3 0.067815 21
1 0.416296
2 0.626933 0.000674
2 0.657414 0.000495
3 0.49445 39
4 0.840862 0.840948
1 0.848524
3 0.349115 4
3 0.957067 0
3 0.153601 38
1 0.418799
3 0.465187 21
2 0.397835 0.0003
0 0.657151 srfbx
4 0.537811 0.537869
0 0.697584 qzzup
0 0.605489 xytqq
0 0.946547 xvwei
0 0.143764 rndzw
3 0.92476 43
0 0.138696 tyldy
3 0.571657 14
2 0.970789 2.6e-05
0 0.658059 aphdu
4 0.332175 0.332259
0 0.421805 gkeuk
1 0.599295
0 0.605335 iglek
2 0.000254 0.000817
3 0.086472 36
0 0.857784 ffpbf
0 0.907897 afpvj
0 0.399295 lfqzo
1 0.657418
4 0.956763 0.956801
1 0.048468
2 0.647649 9.8e-05
3 0.07279 37
3 0.864503 35
1 0.772401
1 0.594943
4 0.321897 0.32196
1 0.721193
1 0.657825
0 0.363363 vydbt
2 0.746817 0.000295
2 0.910819 0.000746
0 0.983609 ysvmp
4 0.881346 0.881401
0 0.719596 sudtt
2 0.877749 0.000527
3 0.310813 26
2 0.70064 6.4e-05
2 0.65745 0.000836
1 0.734066
0 0.323519 sexqe
3 0.355582 27
4 0.009853 0.009949
2 0.863327 8e-06
1 0.257429
1 0.174354
2 0.898062 0.000202
2 0.650478 0.000571
4 0.657541 0.657544
0 0.461204 kznfc
4 0.243051 0.243139
1 0.038985
3 0.217162 12
0 0.600523 byzrv
3 0.614284 27
4 0.397855 0.397902
0 0.770262 xwmru
3 0.565737 1
3 0.657923 41
1 0.598782
1 0.188891
4 0.817829 0.817895
3 0.19724 46
1 0.991065
0 0.236181 vmmft
2 0.540187 0.000568
3 0.502982 3
0 0.448335 tgygu
3 0.657988 15
0 0.841472 mwxfv
1 0.135109
2 0.080237 0.000389
4 0.927338 0.927361
1 0.522258
1 0.456326
2 0.907329 0.000661
0 0.156165 uiqqq
1 0.624165
0 0.657624 bfdmq
3 0.141789 20
0 0.038593 nvezr
2 0.213083 0.000556
4 0.351226 0.351299
4 0.815486 0.81554
4 0.855875 0.855915
0 0.29022 vfnst
2 0.555813 0.00047
3 0.023483 40
3 0.657819 44
1 0.603912
2 0.097899 0.00082
3 0.965477 44
2 0.780964 0.000448
3 0.153191 40
0 0.959763 jtsom
2 0.741688 0.000431
2 0.281524 0.000523
0 0.73272 zdgwj
0 0.657444 ktjwx
2 0.164124 0.00038
3 0.64024 22
1 0.94847
0 0.062797 wejon
4 0.689218 0.689255
3 0.93149 25
4 0.266967 0.267032
3 0.597629 33
3 0.396538 16
1 0.657875
1 0.43108
3 0.054866 18
3 0.017266 16
3 0.237706 47
3 0.256023 3
3 0.00706 19
3 0.408337 8
2 0.041403 0.000341
3 0.904438 16
3 0.657761 35
2 0.06632 0.000668
0 0.637538 ywgag
0 0.171353 oonyb
1 0.327965
4 0.173486 0.173503
2 0.546827 0.000202
2 0.331845 0.000525
2 0.603472 0.000761
1 0.186144
4 0.657817 0.657834
3 0.511191 24
4 0.436406 0.436435
2 0.133996 0.000586
4 0.354998 0.355062
2 0.984338 0.00065
1 0.171432
4 0.332279 0.332344
4 0.069804 0.069808
3 0.920917 40
0 0.658043 onyms
2 0.126628 0.000321
1 0.776976
0 0.207282 hnhur
3 0.287745 8
2 0.067062 0.000635
1 0.199966
3 0.879371 7
0 0.196069 wrtis
4 0.244115 0.244127
3 0.657822 13
0 0.938663 ucsat
4 0.489479 0.489578
3 0.515114 0
0 0.193599 qhkyb
0 0.64503 owkqj
0 0.66954 bgxgd
0 0.173419 wzfvg
3 0.923985 18
0 0.117584 jnmse
4 0.657686 0.657719
4 0.002685 0.002757
4 0.672225 0.672324
4 0.583808 0.583849
1 0.238375
2 0.239838 0.000592
4 0.132357 0.132417
3 0.572694 31
0 0.20663 rmvgz
3 0.581729 33
1 0.657254
3 0.212955 46
4 0.127232 0.127238
1 0.447678
2 0.61172 0.000516
1 0.58493
0 0.262639 xygpl
0 0.656152 wyxvu
2 0.95345 0.000497
2 0.822765 0.000805
0 0.657171 wulku
0 0.091152 tzxco
1 0.971276
4 0.472408 0.472488
2 0.400715 0.000464
0 0.910752 hidnr
1 0.505056
2 0.188443 0.0005
2 0.583862 0.000826
2 0.666797 0.00033
3 0.657608 5
2 0.451337 0.000181
4 0.923746 0.92376
1 0.324461
3 0.926861 15
4 0.158811 0.158878
1 0.213526
3 0.825887 25
4 0.626739 0.626751
3 0.008565 11
1 0.657883
2 0.373722 0.000655
0 0.825059 ainiu
2 0.184632 0.000895
4 0.667641 0.667647
1 0.988473
4 0.605277 0.605289
4 0.820646 0.820698
3 0.652581 19
0 0.634962 nbpax
2 0.657516 0.000108
1 0.027236
2 0.050175 0.000869
4 0.39136 0.391422
3 0.969711 37
2 0.574988 0.000752
4 0.911986 0.91199
2 0.564568 0.000925
2 0.715882 0.000543
4 0.968239 0.968321
2 0.657767 0.000466
1 0.24319
0 0.305685 chnkz
0 0.170789 hynjg
3 0.317486 23
1 0.021411
2 0.48727 0.000306
3 0.45551 39
1 0.256593
4 0.040819 0.040856
1 0.657308
2 0.899502 0.000601
4 0.346993 0.347069
0 0.211523 qztyq
3 0.740166 36
1 0.942544
1 0.433713
2 0.732418 0.000254
0 0.505364 jdrjq
2 0.412579 6.6e-05
4 0.657545 0.657602
1 0.337934
0 0.668173 tqprx
4 0.53114 0.531193
0 0.964853 ertey
0 0.66912 ikkrx
2 0.315261 0.000758
3 0.659719 1
2 0.280616 0.000674
3 0.128007 47
4 0.65794 0.658004
0 0.487072 sxcae
0 0.200021 ngcdu
1 0.722382
2 0.476185 0.000895
1 0.445038
4 0.343694 0.343707
4 0.988054 0.988064
3 0.219971 17
3 0.498341 41
0 0.657635 qgjuu
1 0.755856
1 0.536571
3 0.206713 28
0 0.383961 ftlug
2 0.334757 0.000734
0 0.07108 ombtl
3 0.475949 49
4 0.554662 0.554709
0 0.519488 ywnnz
0 0.657803 gnzzu
4 0.19681 0.196836
1 0.26789
4 0.738547 0.738611
0 0.254319 cbaez
2 0.139989 0.000728
1 0.017632
0 0.975061 kuwqe
4 0.941687 0.941721
1 0.075308
4 0.657863 0.657898
4 0.473628 0.473679
2 0.2443 1.8e-05
3 0.01082 47
2 0.453288 0.000388
2 0.843911 2e-05
2 0.818972 0.000361
4 0.523644 0.523715
2 0.031785 0.00041
3 0.499319 18
2 0.657933 0.000234
3 0.724428 35
0 0.48508 ltwnk
0 0.305644 eoczx
2 0.781816 0.000772
0 0.705585 angcg
1 0.670856
0 0.641122 ksoiw
1 0.932141
2 0.297071 0.000956
3 0.657867 36
4 0.708613 0.708625
1 0.006782
0 0.641914 ewkpp
4 0.790144 0.790176
1 0.431266
1 0.151953
1 0.465968
0 0.942042 onmrt
3 0.697503 9
2 0.657357 0.000431
2 0.05396 0.000345
0 0.830255 skrcx
3 0.211975 40
2 0.363928 0.000567
2 0.942473 0.000961
4 0.959863 0.959942
0 0.365285 dokqt
0 0.461713 ibeut
1 0.795001
1 0.657857
0 0.082746 ffyds
0 0.950296 ylcbb
1 0.449863
4 0.519023 0.519037
4 0.980737 0.980805
1 0.874499
1 0.736841
0 0.199945 yiier
4 0.673707 0.673785
4 0.657264 0.65728
1 0.463845
4 0.581801 0.581899
0 0.031664 lorgd
4 0.108321 0.108418
2 0.845163 0.000232
2 0.849176 0.000738
3 0.187576 42
4 0.861283 0.861356
4 0.402593 0.402596
0 0.658083 hvpwa
3 0.124669 10
1 0.403667
1 0.074787
4 0.970203 0.970253
3 0.374343 28
2 0.625151 5.4e-05
1 0.201395
2 0.626154 0.000411
3 0.12661 41
4 0.657801 0.65786
0 0.126428 eskuu
2 0.923409 0.000665
3 0.409964 16
1 0.784307
1 0.21422
0 0.750501 jwccm
3 0.207518 11
0 0.298429 zlxfc
1 0.129659
0 0.657262 hilhe
2 0.085248 0.000857
3 0.52741 8
2 0.170968 0.000549
0 0.402938 dufgc
1 0.609273
4 0.969392 0.969484
0 0.615403 bxnut
4 0.611628 0.611632
2 0.213228 0.000961
2 0.657806 0.000619
2 0.346573 0.000996
0 0.453947 bigse
4 0.297143 0.297215
2 0.571615 0.000927
1 0.405865
1 0.202809
3 0.837455 37
4 0.641594 0.641659
1 0.937096
0 0.657201 uzcjk
2 0.713107 0.000568
4 0.489887 0.489925
4 0.752411 0.752411
0 0.630338 pwdmv
2 0.725371 0.000483
3 0.269388 11
2 0.554044 0.000163
1 0.266658
1 0.630187
3 0.657334 25
4 0.894486 0.89455
4 0.890916 0.890991
4 0.458961 0.458975
0 0.432871 rmijd
1 0.665628
1 0.199339
0 0.304935 fxenl
1 0.630904
3 0.421393 36
1 0.657339
2 0.200133 0.000277
0 0.112399 axjso
3 0.698404 4
1 0.449296
1 0.964851
3 0.696549 5
4 0.542492 0.542538
0 0.173397 dohvr
3 0.03972 34
0 0.65732 dlzan
3 0.931797 1
0 0.381093 iyxdp
3 0.084441 26
1 0.77419
2 0.493947 0.000373
0 0.639248 qzwib
0 0.51927 iubjr
1 0.723015
1 0.581906
0 0.658069 ekgib
2 0.001698 0.000698
4 0.139423 0.139461
4 0.635537 0.635539
0 0.654668 jlgas
2 0.212977 5.9e-05
0 0.935993 nnubn
0 0.608631 opbgv
2 0.447206 0.000458
2 0.705507 0.000995
1 0.657149
2 0.21575 0.000953
2 0.446936 0.000907
2 0.858347 0.000674
2 0.026805 0.000996
2 0.043036 0.000605
2 0.651667 0.000708
3 0.733978 15
3 0.305988 23
1 0.541835
0 0.657923 fxtga
0 0.710511 xnixp
0 0.830553 efgdp
0 0.604646 olmtl
0 0.421224 dvhvs
1 0.821288
0 0.344317 plucb
3 0.729025 39
3 0.884076 49
1 0.207147
0 0.65733 kqtdz
4 0.475406 0.475423
3 0.033119 41
4 0.370759 0.370795
3 0.902558 14
2 0.519568 0.000549
0 0.764945 poray
0 0.20251 nlvug
0 0.605995 fkdyh
1 0.435869
3 0.657552 33
3 0.379795 3
4 0.285052 0.2851
0 0.383892 witau
3 0.513015 21
2 0.809668 0.000107
2 0.187483 0.000801
2 0.788473 0.000614
3 0.224343 39
2 0.355761 2.3e-05
2 0.657912 0.000739
0 0.952127 mvjqt
2 0.144835 0.000927
2 0.154006 0.000784
3 0.853465 39
3 0.202266 6
2 0.266233 0.000632
0 0.899772 qztif
3 0.46877 16
0 0.247311 xgses
1 0.657402
4 0.597788 0.597791
0 0.177777 ixitn
0 0.606148 uqsvv
4 0.965508 0.96553
0 0.151265 nrvhx
1 0.197412
2 0.873301 0.000702
1 0.700104
4 0.338435 0.33846
2 0.657373 0.000141
1 0.242739
4 0.616213 0.616301
4 0.704517 0.704609
0 0.261592 ygbaz
4 0.834971 0.835008
3 0.881489 40
2 0.042147 0.000594
1 0.380582
4 0.780621 0.780675
0 0.657231 meoaa
0 0.574882 zyrwv
3 0.904548 12
0 0.708737 jrfas
3 0.112852 47
2 0.409825 0.000301
3 0.957939 1
0 0.967277 rnpbv
0 0.037365 jmlll
1 0.781059
1 0.657311
0 0.716633 ocfou
2 0.883943 0.000565
1 0.268694
2 0.19723 0.000108
4 0.432355 0.432408
1 0.09394
1 0.827832
2 0.55759 0.000966
1 0.540321
3 0.658027 5
2 0.216878 0.000998
0 0.562715 fvzus
2 0.49163 0.00033
2 0.32209 0.000351
4 0.563143 0.563145
0 0.357914 mpmho
0 0.517531 dmulu
3 0.657177 16
3 0.249315 47
4 0.657913 0.658007
0 0.446043 hlogy
2 0.243846 0.000297
4 0.675702 0.675752
0 0.164232 eipsl
1 0.509264
0 0.094324 ezvjz
2 0.239755 0.000947
0 0.046191 abuau
1 0.887112
4 0.658049 0.658065
3 0.190248 39
1 0.268724
3 0.011219 39
3 0.105544 34
3 0.319317 45
0 0.20087 btrhi
0 0.063215 gasuc
0 0.376771 fsgop
3 0.851665 41
2 0.657271 0.000471
4 0.260806 0.260824
4 0.978028 0.978096
4 0.022846 0.022859
1 0.051921
4 0.209435 0.209464
0 0.322644 ylpku
4 0.215341 0.215345
3 0.067006 45
2 0.147939 8.2e-05
1 0.657374
4 0.973497 0.973566
0 0.414611 ektzp
0 0.723218 qnuab
1 0.428754
3 0.860972 8
3 0.44433 5
3 0.108622 39
4 0.288877 0.288906
3 0.262374 48
0 0.657299 tlixh
2 0.217667 0.000522
3 0.34909 28
4 0.777844 0.777917
3 0.328654 7
0 0.288409 dqapo
0 0.464921 yrpan
3 0.143566 48
3 0.924002 22
2 0.699876 0.00059
3 0.657375 49
2 0.167216 0.000106
1 0.284521
2 0.027058 0.000801
3 0.801944 8
3 0.266866 43
3 0.670515 15
4 0.993493 0.993574
4 0.109638 0.109673
3 0.443451 11
0 0.657301 rfbdj
3 0.341273 33
2 0.368074 0.000301
3 0.942384 1
1 0.326577
1 0.152321
4 0.040056 0.04007
3 0.622782 5
3 0.270431 6
2 0.633021 0.000314
4 0.657605 0.657646
1 0.985087
0 0.404229 fxzni
1 0.100426
4 0.590321 0.590378
2 0.820665 0.000665
4 0.098343 0.098391
4 0.863709 0.86374
0 0.300286 cvmfc
2 0.780766 4.3e-05
2 0.658099 0.000966
3 0.55354 25
1 0.653966
1 0.844067
1 0.134179
3 0.919241 33
3 0.211041 42
2 0.773272 0.000559
3 0.001229 42
4 0.719038 0.719134
3 0.657474 25
1 0.713657
3 0.223859 48
0 0.477605 nmtmm
3 0.123334 28
3 0.850727 22
1 0.140352
1 0.401451
1 0.672423
2 0.376971 7.1e-05
0 0.657897 tlbss
4 0.960228 0.960232
0 0.392192 ibzgn
3 0.033178 41
0 0.991206 livwl
0 0.217898 ngosi
4 0.284701 0.284723
1 0.711672
0 0.031765 jpjih
1 0.320301
4 0.657429 0.65746
2 0.57864 0.000949
0 0.935919 lpbrg
2 0.271191 0.000864
3 0.072244 37
1 0.783916
4 0.803343 0.803418
4 0.06699 0.067053
3 0.581629 16
3 0.129445 13
1 0.657538
3 0.1165 25
2 0.413447 0.000844
0 0.502696 tybnz
0 0.608286 bprvn
2 0.887346 0.000691
3 0.212462 1
3 0.933226 42
1 0.748982
0 0.007366 ltjrj
2 0.657653 0.000775
1 0.515706
2 0.652294 0.000162
0 0.580275 hfhmx
2 0.536853 0.00039
1 0.470079
2 0.297817 0.000413
0 0.821536 sxlfe
3 0.398575 39
0 0.926231 mwfbo
3 0.657722 0
4 0.994477 0.99453
2 0.335219 0.000256
4 0.910551 0.910624
2 0.050921 0.000961
2 0.972466 0.000663
4 0.037587 0.037665
0 0.396226 lkefh
4 0.186832 0.186866
4 0.856772 0.856858
3 0.657425 33
0 0.596547 zenck
4 0.330423 0.330487
2 0.75582 5.1e-05
1 0.06344
4 0.026797 0.02684
1 0.870239
4 0.13869 0.138762
0 0.22038 usztg
3 0.500618 38
